1 0.75537109375 0.469482421875 0.758544921875 0.474853515625 0.767333984375 0.483154296875 0.77099609375 0.484130859375 0.77783203125 0.48388671875 0.786865234375 0.481689453125 0.7939453125 0.477783203125 0.798828125 0.469482421875 0.799560546875 0.462646484375 0.79833984375 0.45751953125 0.79345703125 0.451416015625 0.787109375 0.44677734375 0.7802734375 0.44580078125 0.7724609375 0.44677734375 0.7607421875 0.45166015625 0.75830078125 0.455322265625 0.75537109375 0.465576171875 0.75537109375 0.469482421875
1 0.3974609375 0.60693359375 0.403564453125 0.612548828125 0.411865234375 0.616943359375 0.415771484375 0.616943359375 0.422607421875 0.614013671875 0.427490234375 0.61083984375 0.431396484375 0.609619140625 0.43359375 0.60693359375 0.43408203125 0.59130859375 0.43310546875 0.5869140625 0.43017578125 0.584228515625 0.419189453125 0.57861328125 0.41650390625 0.577880859375 0.412353515625 0.57861328125 0.4033203125 0.583251953125 0.39990234375 0.586181640625 0.398193359375 0.589111328125 0.396728515625 0.5947265625 0.396484375 0.60107421875 0.3974609375 0.60693359375
1 0.24365234375 0.597900390625 0.248779296875 0.60400390625 0.259521484375 0.60986328125 0.2666015625 0.611572265625 0.27685546875 0.610595703125 0.285400390625 0.6064453125 0.29248046875 0.598876953125 0.293701171875 0.59423828125 0.291259765625 0.577880859375 0.292236328125 0.56591796875 0.286376953125 0.560302734375 0.280029296875 0.556884765625 0.270263671875 0.555419921875 0.261474609375 0.55712890625 0.255859375 0.560302734375 0.245849609375 0.568603515625 0.242919921875 0.571533203125 0.240966796875 0.5771484375 0.2412109375 0.589111328125 0.24365234375 0.597900390625
0 0.4854736328125 0.6505126953125 0.488525390625 0.65673828125 0.494384765625 0.68896484375 0.498046875 0.69677734375 0.501953125 0.698974609375 0.5048828125 0.6943359375 0.506103515625 0.6884765625 0.50048828125 0.656494140625 0.50048828125 0.6474609375 0.501708984375 0.64501953125 0.50146484375 0.643310546875 0.50048828125 0.64208984375 0.497802734375 0.6416015625 0.482421875 0.644775390625 0.482666015625 0.64794921875 0.4854736328125 0.6505126953125
1 0.701171875 0.4716796875 0.70556640625 0.472900390625 0.716796875 0.469970703125 0.72314453125 0.46630859375 0.726318359375 0.46044921875 0.72802734375 0.45068359375 0.72607421875 0.445556640625 0.7236328125 0.4423828125 0.71630859375 0.437744140625 0.71240234375 0.437255859375 0.703125 0.439697265625 0.697998046875 0.442138671875 0.693115234375 0.447998046875 0.69189453125 0.45361328125 0.69140625 0.46337890625 0.701171875 0.4716796875
1 0.66552734375 0.426025390625 0.67724609375 0.43505859375 0.68212890625 0.43603515625 0.6943359375 0.43115234375 0.70068359375 0.425537109375 0.703857421875 0.419189453125 0.70458984375 0.41064453125 0.7021484375 0.405029296875 0.697265625 0.400390625 0.693115234375 0.39794921875 0.684814453125 0.397216796875 0.677978515625 0.399169921875 0.66943359375 0.404541015625 0.665771484375 0.41015625 0.664794921875 0.41796875 0.66455078125 0.42236328125 0.66552734375 0.426025390625
0 0.3212890625 0.4755859375 0.33251953125 0.488037109375 0.35009765625 0.518310546875 0.349853515625 0.523681640625 0.3486328125 0.52490234375 0.354248046875 0.529296875 0.3671875 0.547119140625 0.372802734375 0.55126953125 0.380859375 0.552001953125 0.396728515625 0.54541015625 0.404296875 0.53857421875 0.41357421875 0.52783203125 0.41650390625 0.5205078125 0.416259765625 0.513427734375 0.4140625 0.508056640625 0.393798828125 0.4892578125 0.39208984375 0.48876953125 0.38818359375 0.489990234375 0.37939453125 0.48828125 0.3701171875 0.480224609375 0.358154296875 0.4677734375 0.349609375 0.45654296875 0.346923828125 0.45458984375 0.337890625 0.45166015625 0.3291015625 0.45361328125 0.321533203125 0.46044921875 0.31982421875 0.4638671875 0.319580078125 0.471923828125 0.3212890625 0.4755859375
0 0.173583984375 0.498046875 0.181640625 0.506103515625 0.18603515625 0.50830078125 0.192138671875 0.515869140625 0.19677734375 0.519775390625 0.20458984375 0.517822265625 0.212646484375 0.512939453125 0.220458984375 0.51123046875 0.22216796875 0.507080078125 0.216064453125 0.49658203125 0.2177734375 0.492919921875 0.23779296875 0.478271484375 0.241455078125 0.474609375 0.2451171875 0.47265625 0.248046875 0.469482421875 0.2529296875 0.46630859375 0.255126953125 0.463134765625 0.267578125 0.455078125 0.270751953125 0.45166015625 0.282470703125 0.443359375 0.286376953125 0.439208984375 0.29541015625 0.43359375 0.2978515625 0.430908203125 0.298828125 0.42822265625 0.298583984375 0.425048828125 0.2958984375 0.4189453125 0.291015625 0.414794921875 0.287109375 0.41357421875 0.279052734375 0.416259765625 0.26318359375 0.427734375 0.256591796875 0.4345703125 0.251708984375 0.43701171875 0.224853515625 0.45849609375 0.220947265625 0.46044921875 0.217041015625 0.464599609375 0.21240234375 0.46630859375 0.20703125 0.470703125 0.1962890625 0.474853515625 0.18994140625 0.47265625 0.185546875 0.468994140625 0.18408203125 0.46923828125 0.182373046875 0.475341796875 0.170654296875 0.486328125 0.169189453125 0.48876953125 0.169677734375 0.492431640625 0.173583984375 0.498046875
0 0.54248046875 0.261962890625 0.537841796875 0.2734375 0.53759765625 0.278076171875 0.539306640625 0.2900390625 0.538818359375 0.29931640625 0.5400390625 0.30517578125 0.54296875 0.31103515625 0.54931640625 0.314453125 0.560302734375 0.31103515625 0.577392578125 0.311279296875 0.583984375 0.30908203125 0.59130859375 0.30322265625 0.59375 0.2998046875 0.594970703125 0.294921875 0.594970703125 0.28955078125 0.591552734375 0.27294921875 0.588134765625 0.263671875 0.58349609375 0.259765625 0.57861328125 0.25732421875 0.57666015625 0.25390625 0.568115234375 0.218994140625 0.560546875 0.21142578125 0.556640625 0.210205078125 0.552734375 0.21044921875 0.54052734375 0.218994140625 0.53857421875 0.222900390625 0.538330078125 0.2255859375 0.53857421875 0.241455078125 0.54248046875 0.261962890625
0 0.398193359375 0.48388671875 0.412353515625 0.49462890625 0.4150390625 0.4993896484375 0.414794921875 0.50146484375 0.416259765625 0.50390625 0.416015625 0.51025390625 0.420166015625 0.521484375 0.423095703125 0.533203125 0.4267578125 0.553955078125 0.427734375 0.568359375 0.43017578125 0.574462890625 0.4306640625 0.580810546875 0.429931640625 0.58349609375 0.435302734375 0.588134765625 0.438720703125 0.585693359375 0.452880859375 0.58349609375 0.45947265625 0.581298828125 0.4638671875 0.57763671875 0.46484375 0.570556640625 0.46240234375 0.56494140625 0.458984375 0.542236328125 0.4482421875 0.491455078125 0.450439453125 0.486083984375 0.454833984375 0.48095703125 0.458984375 0.47314453125 0.459716796875 0.46875 0.458984375 0.468017578125 0.44287109375 0.468017578125 0.435302734375 0.468994140625 0.428955078125 0.470947265625 0.423095703125 0.474609375 0.415771484375 0.4736328125 0.404052734375 0.476318359375 0.39990234375 0.478271484375 0.3974609375 0.480712890625 0.398193359375 0.48388671875
0 0.7353515625 0.58544921875 0.744140625 0.593017578125 0.748779296875 0.593994140625 0.75341796875 0.590576171875 0.760009765625 0.587646484375 0.761962890625 0.585693359375 0.767333984375 0.584716796875 0.770263671875 0.5830078125 0.772705078125 0.580078125 0.777099609375 0.577392578125 0.779541015625 0.57421875 0.798828125 0.56396484375 0.809814453125 0.560791015625 0.814208984375 0.56591796875 0.822265625 0.563232421875 0.842041015625 0.551513671875 0.844970703125 0.54833984375 0.845458984375 0.5439453125 0.841796875 0.530517578125 0.83203125 0.516357421875 0.818603515625 0.50341796875 0.810302734375 0.50244140625 0.8037109375 0.50537109375 0.783203125 0.518310546875 0.7822265625 0.52197265625 0.784423828125 0.525390625 0.781494140625 0.53076171875 0.736083984375 0.55712890625 0.72900390625 0.562744140625 0.726806640625 0.565673828125 0.725341796875 0.568603515625 0.7353515625 0.58544921875
1 0.29345703125 0.589111328125 0.298095703125 0.607666015625 0.302490234375 0.617919921875 0.31396484375 0.623046875 0.337158203125 0.63037109375 0.346435546875 0.631103515625 0.353271484375 0.628662109375 0.37744140625 0.60693359375 0.38525390625 0.597412109375 0.385498046875 0.594970703125 0.376708984375 0.555908203125 0.368896484375 0.5498046875 0.365234375 0.54931640625 0.362548828125 0.54736328125 0.341552734375 0.539794921875 0.333984375 0.53857421875 0.326171875 0.53955078125 0.310791015625 0.5517578125 0.299072265625 0.562744140625 0.2939453125 0.568603515625 0.293212890625 0.57080078125 0.2919921875 0.57763671875 0.29345703125 0.589111328125
1 0.529296875 0.68896484375 0.53076171875 0.692138671875 0.536376953125 0.697509765625 0.548583984375 0.70361328125 0.556640625 0.706298828125 0.564208984375 0.70654296875 0.574951171875 0.70068359375 0.588623046875 0.68701171875 0.589111328125 0.681640625 0.587646484375 0.66357421875 0.5849609375 0.654052734375 0.5830078125 0.651123046875 0.56884765625 0.644775390625 0.556640625 0.6416015625 0.552978515625 0.642333984375 0.544677734375 0.6455078125 0.533203125 0.65576171875 0.52880859375 0.6572265625 0.526611328125 0.66015625 0.528564453125 0.683349609375 0.529296875 0.68896484375
1 0.318115234375 0.5302734375 0.325927734375 0.534912109375 0.333984375 0.536865234375 0.342041015625 0.537109375 0.348388671875 0.5302734375 0.3505859375 0.52587890625 0.3505859375 0.511962890625 0.34814453125 0.5048828125 0.345458984375 0.501708984375 0.337890625 0.499755859375 0.329833984375 0.4990234375 0.325927734375 0.5009765625 0.3193359375 0.5068359375 0.315185546875 0.51318359375 0.315185546875 0.52197265625 0.318115234375 0.5302734375
1 0.583740234375 0.61328125 0.58740234375 0.6162109375 0.595703125 0.6181640625 0.61474609375 0.620361328125 0.618408203125 0.619873046875 0.622314453125 0.617919921875 0.630859375 0.609619140625 0.634765625 0.6044921875 0.638916015625 0.595458984375 0.63720703125 0.583740234375 0.634765625 0.576416015625 0.630859375 0.56884765625 0.6259765625 0.564208984375 0.61181640625 0.56005859375 0.602294921875 0.559326171875 0.594970703125 0.56103515625 0.587158203125 0.568359375 0.58056640625 0.5771484375 0.575927734375 0.580322265625 0.57470703125 0.583251953125 0.574951171875 0.589111328125 0.583740234375 0.61328125
0 0.549560546875 0.34423828125 0.54931640625 0.349609375 0.5361328125 0.3984375 0.532470703125 0.408447265625 0.531494140625 0.416748046875 0.53271484375 0.41845703125 0.54150390625 0.41796875 0.545166015625 0.418701171875 0.5498046875 0.417724609375 0.553466796875 0.4140625 0.558349609375 0.406494140625 0.560302734375 0.40185546875 0.562744140625 0.39892578125 0.56494140625 0.39013671875 0.564453125 0.3876953125 0.576171875 0.350830078125 0.58544921875 0.34619140625 0.590576171875 0.331787109375 0.59130859375 0.32470703125 0.58984375 0.319580078125 0.583984375 0.314697265625 0.579833984375 0.3134765625 0.575927734375 0.30908203125 0.569580078125 0.310791015625 0.556396484375 0.31005859375 0.55029296875 0.31640625 0.547119140625 0.328369140625 0.546630859375 0.335205078125 0.549560546875 0.34423828125
0 0.723876953125 0.613037109375 0.7392578125 0.617919921875 0.743896484375 0.62060546875 0.746337890625 0.623291015625 0.75048828125 0.634521484375 0.759033203125 0.6513671875 0.75927734375 0.65380859375 0.764404296875 0.66259765625 0.7646484375 0.665771484375 0.7744140625 0.68408203125 0.77783203125 0.694091796875 0.779541015625 0.697509765625 0.78662109375 0.705810546875 0.79052734375 0.7080078125 0.795654296875 0.708251953125 0.8076171875 0.705322265625 0.813232421875 0.701904296875 0.814697265625 0.700439453125 0.81689453125 0.69482421875 0.814453125 0.68310546875 0.7919921875 0.636474609375 0.782958984375 0.614013671875 0.77783203125 0.607177734375 0.77734375 0.603759765625 0.78564453125 0.5888671875 0.785888671875 0.58642578125 0.7841796875 0.583251953125 0.77880859375 0.58056640625 0.774658203125 0.58056640625 0.767333984375 0.582763671875 0.74365234375 0.593994140625 0.736328125 0.595458984375 0.728515625 0.5986328125 0.72412109375 0.6015625 0.72119140625 0.606689453125 0.720947265625 0.609619140625 0.723876953125 0.613037109375
1 0.673583984375 0.366455078125 0.68896484375 0.38525390625 0.69580078125 0.38671875 0.7197265625 0.38427734375 0.728515625 0.375732421875 0.731201171875 0.367919921875 0.73681640625 0.358154296875 0.73828125 0.347900390625 0.736572265625 0.3388671875 0.728271484375 0.329345703125 0.72119140625 0.324951171875 0.715087890625 0.323486328125 0.710205078125 0.323486328125 0.697265625 0.325439453125 0.6904296875 0.3291015625 0.681396484375 0.33935546875 0.67724609375 0.353271484375 0.673583984375 0.358154296875 0.672607421875 0.36279296875 0.673583984375 0.366455078125
1 0.604736328125 0.650634765625 0.61083984375 0.659912109375 0.61767578125 0.66455078125 0.626708984375 0.667724609375 0.635009765625 0.667236328125 0.643798828125 0.663330078125 0.647216796875 0.659912109375 0.650390625 0.654296875 0.65283203125 0.643310546875 0.651123046875 0.635009765625 0.646484375 0.62744140625 0.63818359375 0.621826171875 0.622802734375 0.618896484375 0.6162109375 0.622314453125 0.609619140625 0.629150390625 0.607421875 0.6298828125 0.60595703125 0.633544921875 0.603515625 0.64208984375 0.604736328125 0.650634765625
0 0.525146484375 0.451171875 0.529296875 0.456787109375 0.538330078125 0.46337890625 0.549560546875 0.468994140625 0.556640625 0.469482421875 0.564453125 0.46728515625 0.568115234375 0.464599609375 0.572998046875 0.457763671875 0.580078125 0.45166015625 0.58056640625 0.44287109375 0.578369140625 0.440185546875 0.57373046875 0.4296875 0.575927734375 0.427001953125 0.581298828125 0.4150390625 0.583984375 0.412109375 0.594482421875 0.392822265625 0.607177734375 0.373291015625 0.61279296875 0.36083984375 0.61474609375 0.35498046875 0.61474609375 0.3515625 0.613525390625 0.348388671875 0.609130859375 0.34326171875 0.599365234375 0.342529296875 0.593505859375 0.345947265625 0.583984375 0.36083984375 0.57421875 0.378662109375 0.56787109375 0.384521484375 0.565673828125 0.390869140625 0.5615234375 0.396240234375 0.55908203125 0.404541015625 0.554931640625 0.4091796875 0.55322265625 0.41259765625 0.552978515625 0.41650390625 0.5478515625 0.415771484375 0.54443359375 0.416748046875 0.540283203125 0.415771484375 0.53271484375 0.416748046875 0.52978515625 0.422119140625 0.529052734375 0.428466796875 0.523681640625 0.442138671875 0.5234375 0.44580078125 0.525146484375 0.451171875