0 0.5851594984374999 0.6401646796875 0.5927981984375 0.64404859375 0.5974578046875 0.6500665734375 0.602302353125 0.6678931218749999 0.605304228125 0.6711798140624999 0.609096775 0.6694273468749999 0.6161980812500001 0.6608113734375001 0.6197896078125 0.65415565625 0.6303738921875001 0.6398850031250001 0.6363092921875 0.63019611875 0.6429308328125 0.61474278125 0.6412382578125 0.6117697296875 0.6378718703125 0.6129707125 0.6319605890625 0.6123016140625 0.629237459375 0.6109490390625 0.627071821875 0.6134647 0.6219659578125001 0.6166298578125 0.6164768140625 0.6171356046875001 0.6090820171875 0.61494404375 0.6008469625 0.608676459375 0.5918989640625 0.6044789046875 0.5652801046875 0.5864315062500001 0.561530440625 0.584973078125 0.5471442234375 0.5746177125 0.5424417312500001 0.5718106296875 0.534729325 0.5691695171875 0.5299839515625 0.5695733296875 0.5250871453125 0.5741890765625 0.5209997734375 0.58091275 0.517117440625 0.590813340625 0.5172876390625001 0.5937484937499999 0.523752390625 0.6000121578125001 0.5307558718750001 0.6029969703125 0.5399089109374999 0.61037144375 0.5425275109375 0.6109987234375 0.5482873578125 0.6158797546875 0.5554302125 0.619831625 0.5630997359375 0.625683634375 0.56734524375 0.6270741078125 0.5851594984374999 0.6401646796875
0 0.38356256875 0.328309215625 0.383390928125 0.3253740625 0.38769678125 0.31640655156249997 0.387260246875 0.304631959375 0.3924486265625 0.299982234375 0.3993601578125 0.291400240625 0.399333128125 0.2877058140625 0.4033849015625 0.2804986125 0.41157765 0.273714825 0.4169336171875 0.27372658437499997 0.41901221250000004 0.2704856296875 0.41797696718750005 0.2703797765625 0.4165903359375 0.2678562765625 0.4152550578125 0.25866921875000004 0.41251693125 0.253863984375 0.40738801562500004 0.248397490625 0.39964936406249996 0.2442718109375 0.388464409375 0.248010671875 0.380947409375 0.255935328125 0.3612480546875 0.2817871640625 0.35724358125 0.284057140625 0.3450666296875 0.2844792515625 0.34084726875000004 0.28702496875 0.3253402453125 0.3066366625 0.3244374484375 0.31095052968750003 0.32571055625 0.3162013953125 0.32816351718750003 0.3207988453125 0.3363860046875 0.331761890625 0.34222986093749996 0.3368846859375 0.357207109375 0.345204 0.365524196875 0.3462925921875 0.3704193046875 0.34488774218749996 0.3732087859375 0.3430294203125 0.38356256875 0.328309215625
1 0.6865760359374999 0.259700234375 0.6773277015625 0.2584378328125 0.6682586875000001 0.2601105859375 0.6619811171875 0.2643787140625 0.6556343609375 0.2664369828125 0.6514097796875 0.27019152343749997 0.6499032203125 0.2760579125 0.649821328125 0.27902704375 0.6525760609375 0.2813806546875 0.65833826875 0.289506559375 0.6646765546875 0.2909009515625 0.67770046875 0.28896029687499997 0.6814718109375 0.287483571875 0.6890963906249999 0.28156098749999997 0.69179464375 0.2765257484375 0.6909502890625 0.2709651609375 0.6865760359374999 0.259700234375
1 0.655379146875 0.355269165625 0.6639422734375 0.3428467234375 0.6694170984375 0.337829434375 0.6708861703125 0.3356574734375 0.6712186359375 0.3309280328125 0.6730080125 0.329205621875 0.67473521875 0.323547021875 0.6722281953125 0.311560721875 0.6675412140625 0.3003637515625 0.6611391890625 0.289646390625 0.654510115625 0.2843837640625 0.64523616875 0.28022018593750003 0.63252808125 0.2787421578125 0.608639090625 0.27927666093750003 0.6042791750000001 0.2808553203125 0.6005206734375 0.2848176484375 0.590193921875 0.303232278125 0.587189553125 0.30536634218750003 0.5808091578125001 0.3158484765625 0.5801604421875 0.318402034375 0.582097134375 0.3299727609375 0.5851244796875 0.333259453125 0.5865421984375 0.33775104843750003 0.5903155671875 0.34266213749999996 0.5963932359374999 0.3546562765625 0.6017721796875 0.3600887921875 0.608979690625 0.3623143328125 0.642971090625 0.36287234218750003 0.648081084375 0.36119175000000003 0.655379146875 0.355269165625
1 0.7206389453125001 0.3574881546875 0.72109513125 0.3552103390625 0.7240326484375 0.3516256875 0.7230961109375 0.3507605625 0.7206517328125 0.3523091640625 0.716334278125 0.3521275140625 0.7099547359375 0.350733121875 0.6970307984375 0.3538826 0.691160028125 0.359325575 0.6871580734375 0.3682251296875 0.6853333203124999 0.377336390625 0.6860765828125001 0.380445353125 0.6945423749999999 0.3884732453125 0.6988925171875 0.39062298906250004 0.7054653359375 0.3897735453125 0.7154602828125001 0.3867560578125 0.7200534375000001 0.3817247375 0.7231515421875 0.373928153125 0.7241832953125 0.3666451546875 0.7206389453125001 0.3574881546875
0 0.53616243125 0.48060915625 0.5384382750000001 0.4788187890625 0.5858602328125 0.463213846875 0.5921167921875 0.45915350468750005 0.5948937546875 0.45556885312500006 0.595865084375 0.4500121859375 0.5940755734375001 0.4411348484375 0.5902198000000001 0.435498465625 0.5851562421875001 0.43027373593749996 0.5807214328125 0.429400771875 0.570352496875 0.43131136875 0.52662375 0.4461648796875 0.51705149375 0.44130998593750004 0.50007669375 0.444863278125 0.48494648749999997 0.4489040203125 0.48270557031249994 0.45093615 0.48127611562499995 0.4550762078125 0.48516548125 0.47673309374999995 0.48728951406250004 0.4791546609375 0.48932756875 0.4879980203125 0.495940153125 0.498681403125 0.5004757234375 0.5020059921875 0.50409504375 0.5024973625 0.5197223375 0.498388665625 0.5323012874999999 0.49247784218749996 0.534790746875 0.490411734375 0.53616243125 0.48060915625
1 0.8294804375 0.5845757234375 0.83026969375 0.5706631453125001 0.8280518578124999 0.5643053890624999 0.8230954703125001 0.5585631531249999 0.8114133375 0.5490428546875 0.8015550906250001 0.5449472328125 0.78508833125 0.5483985921875 0.7605081515625 0.5561481359375 0.7591995359375 0.561255253125 0.7576823593750001 0.56318545 0.757161640625 0.5701587265625 0.755423634375 0.574090996875 0.7546152937499999 0.5808564875 0.755213715625 0.5866928171875 0.769444925 0.5995677625 0.7750910609375 0.60299820625 0.7796889421875 0.6080491265625 0.7829632125 0.6093337453125 0.790958040625 0.60948925625 0.809154628125 0.6055582890625 0.8219572578125 0.5981628999999999 0.8248457578125 0.5950617765625 0.8294804375 0.5845757234375
1 0.52437426875 0.60007619375 0.52073356875 0.5936465609375 0.5124593796875 0.5900383890625001 0.502168546875 0.58718556875 0.49129305624999997 0.594516921875 0.48777804687500004 0.597686 0.4847813203125 0.602513453125 0.484217846875 0.6040659749999999 0.48550296875 0.6125277375 0.48898832499999995 0.6214429734375 0.490886346875 0.6234149875 0.501287334375 0.626993103125 0.5089740375 0.626733040625 0.515734325 0.623881521875 0.5242951890625 0.6170977343749999 0.5260957656249999 0.6131654640625 0.52437426875 0.60007619375
0 0.35593668125 0.4210867453125 0.34926327968750004 0.416307646875 0.347888171875 0.4140259125 0.3472102375 0.3936536453125 0.3443981359375 0.3693752453125 0.3412546359375 0.3621523625 0.334942890625 0.35806458124999996 0.327863834375 0.3558050640625 0.31939729687499996 0.35644280156249997 0.31376073125000004 0.3586748796875 0.30847756875 0.365050934375 0.3078092671875 0.371057153125 0.30869484062499997 0.3805539296875 0.30777214375 0.38659412656250003 0.30829881718749996 0.409451996875 0.30719735937500003 0.41428337031250007 0.29959301250000003 0.4189971296875 0.29685792499999997 0.42330707656250005 0.296438525 0.4467843859375 0.2982701703125 0.45566172343750005 0.3045062859375 0.46099230625 0.31477696875 0.4655374796875 0.32897908125 0.46684561718750006 0.344497171875 0.464772971875 0.3521331453125 0.46202730625 0.359125565625 0.454929878125 0.35938133125 0.43911716093750003 0.35680299843749996 0.4234364359375 0.35593668125 0.4210867453125
0 0.1846456328125 0.6910111734375 0.18472356875 0.6880420421875 0.213517228125 0.6417016265625 0.2252332984375 0.626294025 0.2334690796875 0.6113621140625 0.2383831375 0.6050200375 0.24152614374999998 0.596947709375 0.2416040796875 0.593978578125 0.24019046406250003 0.5912133140625 0.23132714999999998 0.586014721875 0.22280917812499998 0.5849601078125 0.218470240625 0.5882650968750001 0.2085373125 0.60022395625 0.203331665625 0.6098109078125 0.19482041562500002 0.621082371875 0.1937481109375 0.6241874140625 0.1850541140625 0.6377027156249999 0.18170954374999998 0.6408717937499999 0.1589062765625 0.676038759375 0.1549986796875 0.6770659343750001 0.1449931859375 0.67448885625 0.13895307343750002 0.6765471234375 0.136637809375 0.67982205625 0.135875909375 0.6868293109375 0.1297847359375 0.6955511375000001 0.1278188453125 0.701243715625 0.1283429046875 0.7048701859375 0.140425825 0.71480605625 0.15475413124999998 0.7209834671875 0.1658238671875 0.7239081625 0.17644747968750002 0.7202372578125 0.18509847968749998 0.709932853125 0.19174461874999998 0.7068055921874999 0.1940948203125 0.703772425 0.193539853125 0.698177859375 0.1846456328125 0.6910111734375
1 0.719156171875 0.3558977359375 0.7228541640625 0.35293644375 0.7317827609374999 0.341631003125 0.7367093062500001 0.32420565 0.736472359375 0.3173343046875 0.732438803125 0.3092462984375 0.7287928546875 0.3055440328125 0.7156060796875 0.29671113125000004 0.707177390625 0.29562253906249997 0.694072796875 0.2978729140625 0.684471709375 0.302858496875 0.680045075 0.3078898171875 0.6765922453125001 0.314269790625 0.67403789375 0.323241221875 0.6685456921874999 0.33507200937500004 0.669586609375 0.338630525 0.6689647984375 0.341425846875 0.67062341875 0.34391536875 0.68737670625 0.35941966875000003 0.691137703125 0.3603945671875 0.69592455 0.3560545625 0.699582825 0.3545778375 0.711384903125 0.3522555859375 0.7140255453125001 0.3526411015625 0.719156171875 0.3558977359375
0 0.5725789484375 0.7694382156249999 0.5643922078125 0.7468064296875 0.5581211765625 0.739957303125 0.5541315765625 0.7407087359375 0.5524321171875 0.7456080640625 0.5528762140625 0.7519619015625 0.5584245078125 0.77172256875 0.561208090625 0.7930658140625 0.5602763625 0.7976214453125 0.5636404578125 0.80163343125 0.5678941921875 0.8025743515625001 0.5807482765625 0.798975321875 0.5838279156249999 0.79414786875 0.5761099468750001 0.7832906765625001 0.5725789484375 0.7694382156249999
1 0.515603821875 0.659752865625 0.5161991078125 0.6532631171875 0.512377734375 0.6448993671875 0.5031329171875 0.6313448671875 0.5014800968750001 0.6254026828125 0.49390730625 0.6249374515625 0.4861123125 0.6264742937500001 0.46795325312499997 0.627919659375 0.4644322703125 0.6303634437500001 0.461160925 0.6344995796874999 0.45020020625 0.6566765921875 0.45004932656249996 0.6591621937500001 0.4521383265625 0.6645528921875 0.46091129999999997 0.6784171140625 0.46702055937500003 0.6847487328125 0.4765081515625 0.687669509375 0.4878159 0.6871415437499999 0.4921296875 0.686563921875 0.4979701046875 0.6840561015625 0.5068281125 0.677446121875 0.515603821875 0.659752865625
1 0.66336613125 0.37952534843749997 0.65456551875 0.3777114625 0.650050828125 0.37780555625 0.6413109390625 0.381654190625 0.6334607171875 0.387852515625 0.6314681546875 0.3940286234375 0.63322206875 0.40908598906250004 0.6471205984374999 0.416400346875 0.6517454375 0.417031546875 0.6639959656250001 0.4117401640625 0.6687803812500001 0.4081594328125 0.6715524578125 0.403607721875 0.673365675 0.394496459375 0.672186515625 0.388486321875 0.6681336 0.38284993749999996 0.66336613125 0.37952534843749997
1 0.6149774859375 0.383937240625 0.6069960046875 0.37708419531250004 0.600719184375 0.37617333125 0.5905124546875 0.377498465625 0.58576063125 0.3795946328125 0.5823499 0.3834890046875 0.5765993359375 0.3965625953125 0.5774453 0.4021231828125 0.5825479609374999 0.40934998437500003 0.58773266875 0.41360765468749994 0.5948681859375 0.4149001140625 0.6050749171875001 0.4135749796875 0.608330034375 0.41216620937500004 0.6137283515624999 0.4055483890625 0.6176016734374999 0.395923540625 0.617430496875 0.3895357265625 0.6149774859375 0.383937240625
0 0.7847157140625 0.3571535859375 0.809857146875 0.36159420781249996 0.8171798546875 0.36157591093749997 0.8311477640625 0.3638511078125 0.83946129375 0.3636968984375 0.8464358750000001 0.36126095468749997 0.8506160703125 0.3587152375 0.8539875421875 0.3540615921875 0.8573054515624999 0.342019096875 0.85509216875 0.335419575 0.8527972109374999 0.333515515625 0.8458694921875001 0.331014234375 0.8272688203125 0.3281418140625 0.8176471390625 0.32798238125 0.81315764375 0.3266258875 0.7959695640625 0.3247924015625 0.7883335421875 0.3226348171875 0.7843354421875001 0.322936696875 0.7714668078125 0.3195245515625 0.7659128515625 0.3195467703125 0.7640396640625 0.31881755625 0.7579795796875 0.30830798125 0.752189965625 0.3031851859375 0.7495388468749999 0.302316140625 0.7437331687500001 0.3040986671875 0.7378110015625 0.31033489062499997 0.7338316500000001 0.31778385625 0.7322824906250001 0.329830271875 0.728512015625 0.3387298265625 0.7287516875 0.3421485109375 0.7270057000000001 0.347565346875 0.7286271671875 0.35005486874999997 0.7292765609375 0.3598273890625 0.7335451281250001 0.36491228593749997 0.7377172921875 0.36581922968749997 0.7460000250000001 0.363696925 0.7599612359375 0.3536460453125 0.77686278125 0.356998075 0.7847157140625 0.3571535859375
1 0.3446460703125 0.522776890625 0.337419090625 0.51264499375 0.3341462609375 0.5098758078125 0.328832225 0.5073784453125 0.320528096875 0.505772346875 0.31006690937500003 0.5071654375 0.2972252359375 0.5135597890625 0.2936448484375 0.5174881390625 0.287237115625 0.5304218984375 0.289903103125 0.5431334921875 0.293928971875 0.550979734375 0.30415018125 0.5584940390625001 0.3135824921875 0.560689521875 0.3251360015625 0.55964405 0.33009558125 0.557997434375 0.33680949843749997 0.5541448796874999 0.344157840625 0.5440443421875 0.3468017546875 0.535556440625 0.3446460703125 0.522776890625
0 0.4504244296875 0.3616779484375 0.45389714531249997 0.3577495984375 0.4541526484375 0.354262959375 0.452053765625 0.34493607187499997 0.45372056250000004 0.3424883671875 0.4673010796875 0.3386514921875 0.511848440625 0.3167567484375 0.53445454375 0.307242975 0.5385961203125 0.3044554921875 0.54196850625 0.29807551875 0.5411070125 0.288578740625 0.5387833953125 0.2847065859375 0.53603036875 0.283112246875 0.52722951875 0.2833344109375 0.5175390859375 0.2861441109375 0.5081964609375 0.2913714578125 0.46308859687500004 0.3111242984375 0.4417158703125 0.3221945125 0.438854490625 0.3216012109375 0.4356881078125 0.3153793640625 0.431388678125 0.3100527015625 0.4264083515625 0.3087641625 0.422800525 0.3099991234375 0.420244146875 0.3150343640625 0.408101678125 0.3236045984375 0.406604771875 0.32898745625000003 0.40909025625 0.3392474265625 0.4134204546875 0.346542184375 0.4160490734375 0.35604288125 0.41791251718750005 0.36022475625 0.422459425 0.3655174421875 0.42644983906249995 0.3669418921875 0.433344440625 0.3657487484375 0.44141088125000005 0.36217585625000004 0.447311559375 0.3628449546875 0.4504244296875 0.3616779484375
0 0.4354168578125 0.3098187765625 0.4415657421875 0.2996123859375 0.4417530921875 0.2956422171875 0.44332737812499995 0.29246921875 0.4884587359375 0.2564880890625 0.49599051093749996 0.24880519687499997 0.499283303125 0.241699928125 0.4974839234375 0.234548921875 0.49411025625000005 0.2305709140625 0.49016375468750006 0.2279036625 0.48478718593750003 0.22765013750000002 0.4809377296875 0.2291608421875 0.43424017499999995 0.264862309375 0.426603265625 0.27181990625 0.42158117968750003 0.2722576984375 0.41738532656249994 0.269624425 0.41588921562500003 0.26982829218750004 0.40990072343749995 0.2723700890625 0.4038731453125 0.276396453125 0.3993025921875 0.28170351562499996 0.39658263437499996 0.287498028125 0.3972093859375 0.29357612187500004 0.3990599828125 0.294063571875 0.405807315625 0.3020195875 0.4083318375 0.30364790468749997 0.410813228125 0.30848711875 0.41870623125 0.3138216203125 0.41952437500000006 0.3142032171875 0.4220610265625 0.3106525421875 0.42584039375 0.308658309375 0.4354168578125 0.3098187765625
0 0.5549790140625 0.6978562734375 0.5554643125000001 0.680041484375 0.5516028015625001 0.6770984906249999 0.547587890625 0.6766410984375 0.546193340625 0.6743593640625 0.545576946875 0.6702493640625 0.5466228531249999 0.6491557234374999 0.5454584015624999 0.643145584375 0.542076615625 0.6398928703125 0.5246140546875 0.6392342296875 0.5199618359375 0.643298490625 0.5165786609375 0.655824515625 0.517566003125 0.6588995 0.516638628125 0.6614870359375 0.5178797796875 0.6662543734375 0.5173149890625 0.67125955625 0.5148396609375 0.6740509593749999 0.509824859375 0.6756975734374999 0.507462490625 0.6774879390625 0.505780665625 0.6873244953125 0.506077709375 0.7015846906250001 0.5072142687500001 0.703900403125 0.5095320125 0.705320934375 0.5139499484375001 0.70671140625 0.5310415609375 0.7084050609375 0.5455211765625 0.7084704000000001 0.5506447546875 0.707549078125 0.55256365625 0.706310196875 0.55426500625 0.703620728125 0.5549790140625 0.6978562734375