0 0.4930198359375 0.634743990625 0.5016410546875 0.6427861796875 0.5067560171875 0.6457821453125 0.5110703109375 0.6447039734375 0.515654134375 0.6385997796875 0.5245454453125 0.632662275 0.5275744687499999 0.6276031359375 0.5255424359374999 0.6185428265625 0.5222784796875 0.6134500187499999 0.5210942140625 0.6087035015625 0.520818434375 0.6060207109375 0.522198459375 0.6015273171875 0.519452584375 0.5990707140625 0.5186922046875 0.5964810921875 0.51598661875 0.5955090046875 0.51113438125 0.5887318765625 0.510326903125 0.5859026 0.507527121875 0.5844512015625 0.502667515625 0.5878726046875 0.4972427296875 0.5884181484375001 0.49301582499999996 0.5912204890625 0.48807563906249996 0.5916728625000001 0.4846431546875 0.590840528125 0.4815403609375 0.591685778125 0.47711144687499996 0.5960192171875 0.47918192812499993 0.6091136734375 0.47818053125000004 0.612974675 0.4767199265625 0.6144990406249999 0.47313934062499996 0.6141926 0.457941434375 0.6225861546875 0.4401117171875 0.634221509375 0.392916103125 0.660207575 0.38629968593749997 0.66620513125 0.38491966093749996 0.6706985265625 0.3844078296875 0.6757711328125 0.3870390828125 0.6814830046875 0.39350002968750003 0.6862098734375001 0.399066109375 0.6863832953125 0.40867070156249996 0.68279575625 0.4283849078125 0.67179293125 0.4531068234375 0.656842809375 0.4720402265625 0.646984940625 0.4889007453125 0.6355359218750001 0.4930198359375 0.634743990625
1 0.75080121875 0.5095882281249999 0.7451639125 0.50170599375 0.7328605890625 0.494841878125 0.72298785 0.4912464984375 0.7196106375 0.49089347187500004 0.7130399140625 0.4923909015625 0.689228365625 0.5031338703125 0.6833109312500001 0.5104761890625 0.6846180734375 0.513212296875 0.6836031375 0.5196229328124999 0.6843103937499999 0.533416290625 0.6867134312500001 0.541664465625 0.7160589703125 0.5574766265625 0.7240527953125 0.5554600359374999 0.7391759046875 0.548357925 0.749410290625 0.5396977796875 0.7514396 0.5358301828124999 0.752339146875 0.52372114375 0.7533334218750001 0.5210450875 0.75080121875 0.5095882281249999
0 0.6740410328124999 0.4983531296875 0.69037196875 0.500690734375 0.6951393015625 0.49803488125 0.695072215625 0.49257613281249996 0.693643034375 0.4878761984375 0.6846154421875 0.471452815625 0.673497521875 0.4559280015625 0.6697756312500001 0.453657734375 0.6675170296874999 0.4498631046875 0.663889509375 0.4480721484375 0.662830984375 0.446534315625 0.659189825 0.447233078125 0.6580568328124999 0.4504350296875 0.6555685671875 0.4531509359375 0.6495596703125 0.469972821875 0.6405980437500001 0.47691553124999997 0.61407755625 0.4931969484375 0.6053114875000001 0.49985341875 0.5944147296875 0.5059239437499999 0.5899776890624999 0.5102573828125 0.5748934578125 0.5193699031250001 0.572351184375 0.5230910140625 0.572479096875 0.5262996984375 0.5745893265625 0.5306202234375 0.582140553125 0.54210401875 0.5859499890625 0.5460984546875001 0.5905484859375 0.5477030734375 0.5948235078125 0.546385246875 0.6057674515625 0.540554378125 0.6602245250000001 0.5062275234375 0.6691389671875 0.49904515937499994 0.6740410328124999 0.4983531296875
1 0.702544278125 0.3950381765625 0.6916273281249999 0.39234810000000003 0.68156351875 0.39770639218750004 0.6774265890625 0.40544158750000003 0.6748022515625001 0.4193612296875 0.6754821875 0.4227164015625 0.687162165625 0.4317306796875 0.692804665625 0.43142479062500005 0.7033055765625 0.42822339375 0.709982596875 0.421506871875 0.7130785625 0.41247349843750003 0.71261395625 0.40634236875 0.70845711875 0.39990479843750004 0.702544278125 0.3950381765625
0 0.703412940625 0.7299654609374999 0.694276025 0.7217302 0.686008984375 0.708855059375 0.669053640625 0.687411834375 0.6636155968749999 0.6834572484375 0.659992371875 0.6833904625 0.659288325 0.6850147296875 0.6613236703125 0.6938353828125 0.6692386890625001 0.7075226578125 0.671805846875 0.7100258453125 0.6759323859374999 0.717708275 0.6823363171875 0.7264559625 0.686193459375 0.7379195562499999 0.6880222390624999 0.7393176359375 0.6925426890625 0.7387187749999999 0.70304695625 0.7332673140625 0.703412940625 0.7299654609374999
0 0.4235395265625 0.35766850156249996 0.4227488015625 0.351104646875 0.4240269484375 0.3486216609375 0.47066616406249995 0.30462835 0.4750752546875 0.2988103953125 0.4769485734375 0.29422383281250003 0.4757183078125 0.2879928 0.47262840468749995 0.2838586125 0.4673003171875 0.2799040265625 0.46327033437500004 0.27868555 0.45917935156249995 0.2797171359375 0.44574285468749997 0.2909932859375 0.405750909375 0.328989040625 0.40394542656250004 0.3300806796875 0.40165992656249994 0.3300206265625 0.39598009375 0.328123034375 0.38802787968749997 0.33262934375 0.38074495625 0.33924596406249996 0.37617339375 0.34807953281250004 0.3763085078125 0.35004335625 0.3818121859375 0.35744628125 0.3853957890625 0.3602424421875 0.39835058125 0.37467561875 0.40183954687499995 0.37699246875000003 0.405774896875 0.3777316359375 0.41162404218750004 0.37536875468750003 0.41842010625 0.36884530312499997 0.42284287656249997 0.360537628125 0.4235395265625 0.35766850156249996
0 0.404336809375 0.523180403125 0.4042080046875 0.51997171875 0.3976562328125 0.5125154765625 0.3969910375 0.5091603046875 0.4020910390625 0.49649898906249995 0.4029468578125 0.491859109375 0.40763240625 0.4835048515625 0.4088889421875 0.47704763124999994 0.413825796875 0.46740192968749994 0.4141383546875 0.46386042187500004 0.41571375312500003 0.4615705078125 0.41468904687499997 0.4525635171875 0.41299171250000005 0.4503998875 0.40905378125 0.4471710015625 0.39838032968750003 0.44323606406250005 0.3913053390625 0.44209728750000005 0.38763875625 0.4427960515625 0.3840128203125 0.4449793296875 0.38061758437500004 0.44960574218750005 0.3723868265625 0.4720659796875 0.3661121421875 0.485199871875 0.362621315625 0.49830064687500003 0.359973134375 0.5002975875 0.3496591890625 0.5020144703125 0.346868465625 0.503292446875 0.3358738921875 0.53100489375 0.3364303234375 0.5363704734375 0.3379782484375 0.5390599984375 0.34702879062499997 0.5450451937499999 0.3578923 0.5499387515625 0.3626723125 0.551017475 0.36910214531249996 0.554020175 0.3854995875 0.556118125 0.3932809859375 0.553142915625 0.3991549515625 0.5418263609375 0.404336809375 0.523180403125
1 0.6007732875 0.64743888125 0.5944004031250001 0.640175709375 0.5886493671874999 0.6372729125000001 0.5807000234374999 0.6362738890624999 0.5717966453125001 0.636945715625 0.5684024421875 0.6393220656249999 0.562629853125 0.6491075203125 0.5599338390625 0.6511044609375001 0.5597747375 0.6528752156250001 0.5603482125 0.6569959359374999 0.5651102515625 0.6677938812499999 0.5687113546875 0.67284010625 0.5730730046875 0.6752568578125 0.5848519015625 0.6760364296875 0.5921170390625 0.6749251421875 0.5988226859375 0.6672034140624999 0.6020443765625 0.6601338671875 0.602037959375 0.652425053125 0.6007732875 0.64743888125
1 0.6601162609375 0.3030690203125 0.6557371984375 0.3031419875 0.641935690625 0.30646966875000003 0.6318973328124999 0.31307282187499996 0.6288393421875 0.31712675625000003 0.6282024374999999 0.324209771875 0.628575721875 0.32861673125 0.6314325000000001 0.333802709375 0.633466303125 0.33491455000000003 0.6443136390624999 0.334875253125 0.6602113562499999 0.330409346875 0.6687140078125 0.3226011859375 0.6696273796875001 0.3194458203125 0.6684101265625 0.31469930156250003 0.6616035578125 0.30403437499999997 0.6601162609375 0.3030690203125
0 0.6874321515624999 0.5915054328125 0.6979366625 0.582798703125 0.697124725 0.5787245671875 0.6853525078125 0.5593186875 0.6805885046875 0.5597244765625 0.6768959546875 0.5616681 0.673469828125 0.559830559375 0.6695183296875 0.5553568140625 0.6586742875 0.5367698015625 0.6550571171875 0.533973640625 0.6506412484374999 0.533567296875 0.6364102359375 0.5414882765625 0.634526271875 0.5448299796875 0.63658 0.555135146875 0.646782434375 0.5743412234374999 0.6461201156249999 0.5786948656249999 0.6437516390625 0.5808848765625 0.6444064859374999 0.5867297671875 0.64654249375 0.5910502921874999 0.6562471734375 0.6026407234375 0.6627242421874999 0.603153703125 0.6767434984375 0.5980086828125 0.6874321515624999 0.5915054328125
0 0.6009336375000001 0.64801809375 0.6019317 0.651805990625 0.60160755 0.65783721875 0.6035837671875 0.66019391875 0.6304426765625 0.672451103125 0.6350092968750001 0.6713263484375 0.6377481281249999 0.6673189984375 0.638551121875 0.6624394625 0.6418228203125 0.6585785984375 0.6500529625 0.6440668281249999 0.6541748578125001 0.635566084375 0.6571366125 0.62629305625 0.657892403125 0.621173865625 0.656509903125 0.6167135874999999 0.646985959375 0.6105819046875001 0.6384197031250001 0.606753603125 0.626791025 0.6040102078125 0.6218263203125 0.6069523015625 0.6196743796875 0.610100934375 0.6156406265625 0.6113721765625 0.6111820578125 0.610486521875 0.5850516453125 0.598089584375 0.5794801390625001 0.596671303125 0.561585571875 0.5864250796875 0.55504955625 0.583948275 0.5499096906250001 0.5834420296875 0.5478185984375 0.584340596875 0.5455989875 0.590984153125 0.5426241468749999 0.593793228125 0.53997971875 0.5982798890625001 0.53848860625 0.6047836921874999 0.5395270484375 0.610056103125 0.5435738875 0.615248815625 0.553003425 0.6209011875 0.55741479375 0.6215471859374999 0.559148178125 0.6239504703125001 0.5622981796875 0.6245897359375 0.578634525 0.6358810125 0.5839700203125 0.6361010203124999 0.5915717703125 0.638870796875 0.6009336375000001 0.64801809375
1 0.5686588015625 0.6713488578125 0.5663924296875 0.6650645078124999 0.5638127046875 0.6623216656250001 0.5613626796875 0.653833834375 0.5577143359375001 0.6495531609375 0.5535557828125001 0.6401465609375 0.547102746875 0.6383887203125 0.5285603125 0.6359444796875 0.5259599328125 0.636936215625 0.5202351890625 0.6362834828125 0.5163142421875 0.63702883125 0.5143331124999999 0.6411360828125 0.5100580640625 0.643938425 0.4978039765625 0.6641749796875 0.5052837515624999 0.6838934828125 0.511055565625 0.6937395421875 0.5169570765625 0.6978406140625 0.533048915625 0.7007506984375 0.54171436875 0.7008444203125 0.5515919140625 0.6942412671875 0.5618510999999999 0.6806016828125 0.5632979203125 0.6757255140625 0.5680120093750001 0.6732127796875 0.5686588015625 0.6713488578125
0 0.8248210109375 0.39890678749999997 0.833553725 0.3972297546875 0.84137691875 0.3934889953125 0.844011728125 0.3902471953125 0.8464647453125 0.3848019140625 0.84773215 0.374610115625 0.8465868734375 0.3713481140625 0.8439861453124999 0.3683656171875 0.8354289671874999 0.36453731562499997 0.8079577265625 0.363097725 0.789070928125 0.360506996875 0.7726905546875 0.36041945625 0.7606833546875 0.3582485390625 0.7560272703125 0.358893984375 0.751775665625 0.35647723125 0.7462577765625 0.3463449328125 0.7431111125000001 0.34570566875000003 0.7368853843750001 0.340932215625 0.7325661796875 0.3420103859375 0.7295001875 0.34434015156250003 0.7253491421875 0.350111521875 0.722505278125 0.3561292796875 0.7181179125 0.369656046875 0.717942378125 0.3751613796875 0.7205561796875 0.38460783125 0.718682615625 0.390439253125 0.7198074453125 0.397435834375 0.7222059359374999 0.4019494296875 0.725291815625 0.404838759375 0.7295502359375 0.4060106515625 0.7349340453125001 0.4052254546875 0.749192584375 0.39452851718750004 0.7548729375 0.3926915296875 0.768140165625 0.39486918125 0.7879097796875 0.39554940312500003 0.8248210109375 0.39890678749999997
1 0.7115502296875 0.36750533281250003 0.71153010625 0.3622862390625 0.7093216296875 0.353751825 0.703329096875 0.34668172343750003 0.6898368515625 0.3390453234375 0.6813622390625 0.337420503125 0.6696760953124999 0.34013585625 0.6592988281250001 0.3455873171875 0.651369153125 0.351817796875 0.6485393078125 0.3580752109375 0.6466843609375 0.3653911484375 0.6464176546875 0.3781259828125 0.6453605609374999 0.383052103125 0.6467987734375 0.3889968953125 0.669862971875 0.4037701828125 0.679380884375 0.4029586015625 0.6909514828125001 0.3945448453125 0.7008171640625 0.39292113125 0.7040149015625 0.3910706765625 0.708119703125 0.384819996875 0.7082904234375 0.3805595234375 0.7104793421875 0.37492117187499996 0.7115502296875 0.36750533281250003
1 0.6588034828125 0.43095000156249996 0.656181359375 0.428207159375 0.6509231140625 0.42521119374999994 0.642821078125 0.42349320468749996 0.634047621875 0.4261288578125 0.6254538359375 0.43221285 0.62384848125 0.4345027640625 0.6219176265625 0.441579046875 0.6222355546875 0.44699121093749994 0.6241238390625 0.4563377578125 0.6330075546875 0.46064536875 0.63614185 0.4608053234375 0.6418498515625 0.463468465625 0.6488312828125 0.46091924687499997 0.653806021875 0.461232421875 0.657154984375 0.45861641875 0.6631820625 0.44878437968749996 0.6613631921875001 0.4359429078125 0.6588034828125 0.43095000156249996
0 0.3641429421875 0.3844459453125 0.36524628125 0.3785146203125 0.36338587968749997 0.371657790625 0.38987980625 0.33301548593749997 0.3942715046875 0.330932109375 0.396004103125 0.32562658125 0.395165465625 0.318823071875 0.3928110125 0.3133042703125 0.389718903125 0.3091700828125 0.3810849703125 0.3038572671875 0.373107115625 0.3031444828125 0.3683771109375 0.3047951328125 0.3652507796875 0.3068852421875 0.34849525 0.32700169375 0.340794096875 0.337925371875 0.3357526046875 0.34311752812499996 0.33140825937499996 0.34544055937499996 0.324262759375 0.3438224734375 0.31983055625 0.344421334375 0.3036706234375 0.3624342078125 0.29958985312499997 0.36992974843750004 0.30024593125 0.374529778125 0.3023162734375 0.3786106484375 0.3053678734375 0.38126032187500003 0.3129526640625 0.3914992578125 0.3229803296875 0.40002749218749994 0.332054115625 0.4050074828125 0.3403634328125 0.407397853125 0.346406153125 0.4059935921875 0.35379581718750003 0.3986114234375 0.3641429421875 0.3844459453125
0 0.47248772031249997 0.5127797593750001 0.470951646875 0.5100902359374999 0.47072952656249994 0.506402240625 0.49549924218749997 0.48771753906250004 0.49769597968749996 0.48480856250000004 0.5104918390625001 0.47563598906250004 0.5138071156249999 0.47201478124999996 0.5235370828125 0.4651719734375 0.5266097921874999 0.46159735 0.5442302984375 0.447518859375 0.5488191953125 0.441414665625 0.5501467812499999 0.437926475 0.548092053125 0.43260074531250003 0.54178585625 0.42485826250000003 0.5395152640624999 0.42355335156249996 0.5323325375 0.4254301890625 0.5137485749999999 0.43845015624999994 0.492078271875 0.4575344671875 0.4794778296875 0.4664208 0.477719075 0.4689969546875 0.45523358593749996 0.48649684843749996 0.4503419 0.48594401875 0.44629266406249996 0.48199616718750005 0.4371495109375 0.479026584375 0.4340364671875 0.48111669375000005 0.43338261874999995 0.4854703359375 0.43108476093750003 0.4891448625 0.423153884375 0.49489603125 0.420027209375 0.49947585937500005 0.420013578125 0.501965578125 0.422843159375 0.5073912109375 0.44223325312500006 0.533015209375 0.4494830171875 0.5365971203125001 0.45321583125 0.5363776671875 0.45807399843749996 0.5342011234374999 0.471442478125 0.5266595515625 0.474171503125 0.5238970609375 0.4744748515625 0.5216004125 0.47248772031249997 0.5127797593750001
1 0.550178440625 0.5878888390625 0.5507435234375 0.584300746875 0.5475684656250001 0.576192325 0.5391996140625 0.566572453125 0.5347979828125 0.5651609046875 0.5266213734375 0.565453325 0.518486 0.5672302593749999 0.5148074265625 0.5694135375 0.5096885624999999 0.5810696484375 0.5055000796875 0.5858358140625 0.5042392390625 0.5898033140625001 0.504617903125 0.5929654140625 0.510748475 0.59529573125 0.515811021875 0.6025521703125001 0.5217969828125 0.6041635234375 0.5324534640625 0.6034052609375 0.5417323671875 0.6009160953125 0.5432342265625001 0.5981468703124999 0.549007040625 0.593580509375 0.5478292437500001 0.591563365625 0.550178440625 0.5878888390625
1 0.579606196875 0.41142014375 0.593139790625 0.4108218359375 0.5957721140625 0.41006975468749995 0.599439909375 0.406881271875 0.6070396375 0.39672314375 0.6212852046874999 0.3728586453125 0.6230720296875 0.3665479125 0.6221249828125 0.3617548109375 0.6172602515625 0.3524879640625 0.6078012140625 0.33788191875 0.6003583546875 0.3283619484375 0.5961833765625 0.32642450625 0.574922246875 0.3250185859375 0.5590067828125 0.32507753125 0.5513060656250001 0.32704753593749997 0.5453305687500001 0.33391054531250003 0.53202576875 0.3548593328125 0.5268147562500001 0.3643119640625 0.5267537140624999 0.366562028125 0.5278833265625 0.37355860937499996 0.52989950625 0.378644684375 0.5330795234375 0.38450304218750003 0.53805949375 0.3905146203125 0.5412800203125 0.39785749375 0.5440880625 0.4005537515625 0.5480394093750001 0.40775687187500004 0.552600053125 0.4103666953125 0.5562473125 0.410912790625 0.579606196875 0.41142014375
1 0.3341031765625 0.607260684375 0.33302460156249997 0.5980140390625001 0.32851741562500003 0.586929853125 0.3187371734375 0.5788343453125 0.3115793578125 0.5762110546875 0.30155956875 0.57587094375 0.2959041484375 0.5769423812500001 0.2863485 0.581488540625 0.27680610156249996 0.592498653125 0.27381399375000004 0.6005268203125 0.2724613265625 0.6052598703125 0.272939284375 0.6076564203125 0.27855959218750004 0.6217629546875 0.2832447109375 0.62734180625 0.28799144375 0.6306705953125 0.300695271875 0.6342328578124999 0.3128871625 0.632669196875 0.3207693921875 0.6286887828125 0.33065327031249997 0.6181113953125 0.3341031765625 0.607260684375