1 0.3310546875 0.55224609375 0.34228515625 0.55859375 0.35205078125 0.560791015625 0.35693359375 0.559814453125 0.372802734375 0.546875 0.37548828125 0.542236328125 0.37548828125 0.53271484375 0.374267578125 0.529052734375 0.372802734375 0.527587890625 0.37353515625 0.525390625 0.372802734375 0.51904296875 0.36865234375 0.518310546875 0.3671875 0.51611328125 0.361328125 0.513427734375 0.356689453125 0.514892578125 0.353515625 0.510009765625 0.345458984375 0.510986328125 0.341796875 0.514892578125 0.330078125 0.52197265625 0.325927734375 0.526611328125 0.326904296875 0.541748046875 0.3310546875 0.55224609375
0 0.1123046875 0.66259765625 0.115234375 0.668212890625 0.118896484375 0.67138671875 0.12890625 0.671875 0.139404296875 0.669677734375 0.146484375 0.669677734375 0.149169921875 0.668212890625 0.150634765625 0.66552734375 0.15087890625 0.66259765625 0.154052734375 0.659912109375 0.18115234375 0.657470703125 0.197021484375 0.655517578125 0.20166015625 0.654052734375 0.2041015625 0.650634765625 0.206298828125 0.64501953125 0.2060546875 0.634521484375 0.2041015625 0.62939453125 0.20166015625 0.62744140625 0.181884765625 0.628173828125 0.177734375 0.62939453125 0.156982421875 0.629150390625 0.146728515625 0.6259765625 0.13525390625 0.626220703125 0.117919921875 0.6298828125 0.113525390625 0.636474609375 0.111083984375 0.647216796875 0.11083984375 0.654541015625 0.1123046875 0.66259765625
0 0.400390625 0.6494140625 0.42626953125 0.6611328125 0.42822265625 0.66259765625 0.427734375 0.665283203125 0.431396484375 0.66650390625 0.4365234375 0.65380859375 0.435546875 0.651123046875 0.40380859375 0.640625 0.39990234375 0.640625 0.397705078125 0.641845703125 0.39697265625 0.6435546875 0.396728515625 0.64501953125 0.400390625 0.6494140625
0 0.4443359375 0.744873046875 0.44384765625 0.749267578125 0.439453125 0.754150390625 0.437744140625 0.759521484375 0.439453125 0.761962890625 0.444091796875 0.764892578125 0.447021484375 0.77001953125 0.451171875 0.7744140625 0.458984375 0.775390625 0.470458984375 0.7705078125 0.478759765625 0.76318359375 0.480712890625 0.759521484375 0.480224609375 0.75341796875 0.478271484375 0.748291015625 0.477783203125 0.738525390625 0.474609375 0.73583984375 0.466064453125 0.7373046875 0.463134765625 0.735595703125 0.44091796875 0.686767578125 0.435302734375 0.672119140625 0.431640625 0.665771484375 0.431396484375 0.66162109375 0.425537109375 0.667236328125 0.419921875 0.6689453125 0.4150390625 0.673583984375 0.41552734375 0.680908203125 0.4443359375 0.744873046875
1 0.4794921875 0.369140625 0.48974609375 0.373779296875 0.493896484375 0.373779296875 0.49560546875 0.372802734375 0.502685546875 0.36669921875 0.50439453125 0.363525390625 0.504150390625 0.357666015625 0.50244140625 0.350830078125 0.497802734375 0.345458984375 0.4912109375 0.34423828125 0.486572265625 0.34521484375 0.48193359375 0.347900390625 0.478271484375 0.3515625 0.47705078125 0.354736328125 0.476806640625 0.35791015625 0.4794921875 0.369140625
0 0.554931640625 0.40771484375 0.556884765625 0.410400390625 0.5615234375 0.4130859375 0.562744140625 0.415283203125 0.559814453125 0.447998046875 0.560302734375 0.45654296875 0.563232421875 0.460693359375 0.568115234375 0.462890625 0.572021484375 0.463623046875 0.580322265625 0.463134765625 0.585205078125 0.4599609375 0.58740234375 0.455810546875 0.59130859375 0.42041015625 0.592529296875 0.41552734375 0.597900390625 0.411376953125 0.599365234375 0.407958984375 0.601806640625 0.38134765625 0.60107421875 0.37841796875 0.592041015625 0.374267578125 0.583740234375 0.3720703125 0.568115234375 0.3720703125 0.5615234375 0.37451171875 0.558837890625 0.376953125 0.55517578125 0.3828125 0.553466796875 0.389404296875 0.552978515625 0.39306640625 0.554931640625 0.40771484375
0 0.591552734375 0.316162109375 0.605224609375 0.325927734375 0.60595703125 0.328125 0.60546875 0.334228515625 0.607177734375 0.336669921875 0.62255859375 0.346923828125 0.626708984375 0.34619140625 0.633544921875 0.339599609375 0.638671875 0.33251953125 0.643798828125 0.322021484375 0.643798828125 0.31640625 0.630615234375 0.3056640625 0.61572265625 0.3037109375 0.61328125 0.302490234375 0.611083984375 0.299560546875 0.6083984375 0.300048828125 0.6025390625 0.29736328125 0.597900390625 0.29736328125 0.5927734375 0.301025390625 0.58935546875 0.3076171875 0.589111328125 0.311279296875 0.591552734375 0.316162109375
0 0.470947265625 0.599853515625 0.481201171875 0.603515625 0.483154296875 0.606689453125 0.490478515625 0.610595703125 0.49462890625 0.61083984375 0.498779296875 0.609619140625 0.506103515625 0.611083984375 0.5322265625 0.627685546875 0.53662109375 0.629638671875 0.540771484375 0.630126953125 0.544921875 0.628662109375 0.550537109375 0.622802734375 0.552490234375 0.618896484375 0.552978515625 0.612060546875 0.55078125 0.60693359375 0.53662109375 0.5966796875 0.51708984375 0.586181640625 0.515380859375 0.5830078125 0.515625 0.577392578125 0.513916015625 0.572509765625 0.4951171875 0.560546875 0.489990234375 0.560302734375 0.486328125 0.56201171875 0.47900390625 0.570556640625 0.474853515625 0.57177734375 0.4755859375 0.573486328125 0.470458984375 0.578857421875 0.470458984375 0.58447265625 0.46875 0.589111328125 0.46875 0.596435546875 0.470947265625 0.599853515625
1 0.472900390625 0.53955078125 0.478271484375 0.54541015625 0.48388671875 0.54833984375 0.489501953125 0.5498046875 0.498046875 0.549072265625 0.505615234375 0.545166015625 0.5107421875 0.539306640625 0.51416015625 0.530517578125 0.51318359375 0.5224609375 0.5107421875 0.517822265625 0.510498046875 0.514404296875 0.509521484375 0.512451171875 0.50830078125 0.51220703125 0.49267578125 0.511962890625 0.485595703125 0.510986328125 0.482421875 0.509521484375 0.478271484375 0.509521484375 0.47314453125 0.51611328125 0.47021484375 0.5234375 0.47021484375 0.532958984375 0.472900390625 0.53955078125
1 0.612060546875 0.303955078125 0.621826171875 0.30615234375 0.626953125 0.30615234375 0.631591796875 0.304443359375 0.638671875 0.29736328125 0.64013671875 0.29345703125 0.6396484375 0.287841796875 0.63623046875 0.279052734375 0.630615234375 0.27587890625 0.624267578125 0.27490234375 0.61865234375 0.275146484375 0.615234375 0.27783203125 0.606201171875 0.290283203125 0.60546875 0.299072265625 0.612060546875 0.303955078125
1 0.33642578125 0.4990234375 0.338134765625 0.50146484375 0.345947265625 0.505615234375 0.34912109375 0.506591796875 0.35302734375 0.505859375 0.36328125 0.5 0.366455078125 0.49560546875 0.36669921875 0.48974609375 0.364990234375 0.482177734375 0.362060546875 0.477783203125 0.358642578125 0.47607421875 0.35400390625 0.474609375 0.35009765625 0.474609375 0.345458984375 0.47607421875 0.337890625 0.480224609375 0.334716796875 0.4853515625 0.33447265625 0.48876953125 0.33642578125 0.4990234375
1 0.3056640625 0.600830078125 0.308349609375 0.609619140625 0.310302734375 0.613037109375 0.321533203125 0.61865234375 0.33740234375 0.624267578125 0.345458984375 0.625244140625 0.369384765625 0.607177734375 0.372802734375 0.602783203125 0.372802734375 0.58203125 0.370361328125 0.571533203125 0.367431640625 0.56787109375 0.361328125 0.564208984375 0.3564453125 0.56396484375 0.34619140625 0.559814453125 0.338134765625 0.558349609375 0.326171875 0.558349609375 0.310546875 0.569091796875 0.302734375 0.57666015625 0.302734375 0.584228515625 0.3056640625 0.600830078125
1 0.595703125 0.412353515625 0.622314453125 0.419921875 0.626708984375 0.419677734375 0.631591796875 0.41650390625 0.642822265625 0.40625 0.645263671875 0.40185546875 0.64501953125 0.395263671875 0.642822265625 0.3837890625 0.638916015625 0.377197265625 0.61962890625 0.36865234375 0.61474609375 0.369140625 0.607421875 0.37353515625 0.6005859375 0.3798828125 0.5986328125 0.38427734375 0.5986328125 0.390380859375 0.59521484375 0.398681640625 0.5947265625 0.4111328125 0.595703125 0.412353515625
1 0.27880859375 0.451416015625 0.28271484375 0.454345703125 0.288330078125 0.45556640625 0.295166015625 0.4560546875 0.298583984375 0.45458984375 0.306640625 0.44580078125 0.30810546875 0.442626953125 0.306396484375 0.435546875 0.302734375 0.42822265625 0.294921875 0.424560546875 0.2880859375 0.424560546875 0.282958984375 0.426513671875 0.278564453125 0.430419921875 0.2744140625 0.437255859375 0.274169921875 0.440185546875 0.27880859375 0.451416015625
0 0.4560546875 0.473876953125 0.458984375 0.476318359375 0.467529296875 0.476806640625 0.497314453125 0.474853515625 0.522216796875 0.474853515625 0.5244140625 0.4755859375 0.52587890625 0.482177734375 0.52685546875 0.483154296875 0.544921875 0.482421875 0.547607421875 0.480224609375 0.548583984375 0.470703125 0.5478515625 0.451904296875 0.546875 0.448486328125 0.543701171875 0.44677734375 0.5341796875 0.4462890625 0.529052734375 0.447021484375 0.52197265625 0.45068359375 0.5107421875 0.453857421875 0.462890625 0.453369140625 0.456787109375 0.45654296875 0.454833984375 0.4609375 0.455078125 0.4716796875 0.4560546875 0.473876953125
0 0.48876953125 0.422607421875 0.489990234375 0.42529296875 0.509765625 0.443603515625 0.51904296875 0.449462890625 0.52099609375 0.4501953125 0.5244140625 0.449462890625 0.52490234375 0.447265625 0.52294921875 0.435546875 0.52294921875 0.4306640625 0.5244140625 0.426513671875 0.53857421875 0.409912109375 0.54150390625 0.404541015625 0.548095703125 0.3984375 0.5537109375 0.390625 0.558349609375 0.37841796875 0.560546875 0.3759765625 0.5673828125 0.372314453125 0.568115234375 0.369384765625 0.567138671875 0.366455078125 0.561767578125 0.35986328125 0.556396484375 0.356201171875 0.552978515625 0.354248046875 0.548828125 0.355224609375 0.53955078125 0.363525390625 0.531982421875 0.375244140625 0.523193359375 0.384033203125 0.51611328125 0.393310546875 0.50927734375 0.400390625 0.501708984375 0.411376953125 0.486328125 0.41357421875 0.48388671875 0.415771484375 0.486328125 0.422119140625 0.48876953125 0.422607421875
0 0.438232421875 0.49609375 0.456298828125 0.501953125 0.507080078125 0.52783203125 0.509765625 0.53271484375 0.514404296875 0.5302734375 0.521240234375 0.517578125 0.525634765625 0.50390625 0.52734375 0.48974609375 0.530029296875 0.483642578125 0.529052734375 0.481689453125 0.525390625 0.48193359375 0.522216796875 0.485107421875 0.509521484375 0.489501953125 0.50830078125 0.48828125 0.494140625 0.484130859375 0.49072265625 0.482177734375 0.474609375 0.47802734375 0.469970703125 0.475341796875 0.458740234375 0.474365234375 0.447265625 0.47021484375 0.443359375 0.470947265625 0.439453125 0.473388671875 0.436279296875 0.4833984375 0.435302734375 0.4912109375 0.438232421875 0.49609375