0 0.510986328125 0.6025390625 0.517333984375 0.6064453125 0.525146484375 0.614990234375 0.527587890625 0.615966796875 0.532470703125 0.62158203125 0.538818359375 0.62646484375 0.54541015625 0.63330078125 0.54931640625 0.63525390625 0.564697265625 0.650634765625 0.571533203125 0.655517578125 0.5751953125 0.662109375 0.577392578125 0.680419921875 0.579833984375 0.68408203125 0.583740234375 0.682861328125 0.591796875 0.67529296875 0.59619140625 0.669189453125 0.6083984375 0.656494140625 0.615478515625 0.647705078125 0.6240234375 0.63330078125 0.622802734375 0.630126953125 0.619384765625 0.630859375 0.61376953125 0.62939453125 0.611328125 0.627685546875 0.60888671875 0.6298828125 0.603515625 0.63232421875 0.59814453125 0.632080078125 0.59130859375 0.62890625 0.584228515625 0.62158203125 0.576171875 0.6162109375 0.552978515625 0.5947265625 0.549560546875 0.5927734375 0.537109375 0.58056640625 0.532958984375 0.5771484375 0.52587890625 0.573486328125 0.521240234375 0.5732421875 0.515869140625 0.5771484375 0.510986328125 0.583251953125 0.505859375 0.592529296875 0.505615234375 0.595458984375 0.510986328125 0.6025390625
0 0.3544921875 0.2939453125 0.356201171875 0.298828125 0.362548828125 0.310791015625 0.367431640625 0.316650390625 0.380615234375 0.326904296875 0.388427734375 0.3291015625 0.393310546875 0.328369140625 0.396240234375 0.326904296875 0.408203125 0.313720703125 0.408447265625 0.310791015625 0.413818359375 0.302490234375 0.4150390625 0.290771484375 0.420654296875 0.286865234375 0.428466796875 0.279296875 0.428955078125 0.275634765625 0.433837890625 0.26904296875 0.442626953125 0.263427734375 0.44775390625 0.26416015625 0.4501953125 0.26123046875 0.44921875 0.260986328125 0.4482421875 0.25830078125 0.4482421875 0.2490234375 0.4462890625 0.243896484375 0.442138671875 0.23779296875 0.435302734375 0.232666015625 0.424072265625 0.23486328125 0.415771484375 0.24169921875 0.393310546875 0.2646484375 0.38916015625 0.266357421875 0.37744140625 0.26513671875 0.373046875 0.26708984375 0.35546875 0.284423828125 0.35400390625 0.28857421875 0.3544921875 0.2939453125
1 0.682861328125 0.304931640625 0.68701171875 0.313720703125 0.692626953125 0.31591796875 0.704833984375 0.315673828125 0.70849609375 0.314697265625 0.71630859375 0.309814453125 0.719482421875 0.30517578125 0.719482421875 0.299560546875 0.717041015625 0.287841796875 0.708740234375 0.285400390625 0.7001953125 0.285888671875 0.69384765625 0.289306640625 0.687744140625 0.29052734375 0.683349609375 0.293701171875 0.68115234375 0.29931640625 0.6806640625 0.30224609375 0.682861328125 0.304931640625
1 0.60888671875 0.346923828125 0.609619140625 0.3515625 0.612548828125 0.35693359375 0.61669921875 0.36962890625 0.62109375 0.375732421875 0.627685546875 0.37890625 0.66015625 0.384033203125 0.665283203125 0.383056640625 0.673095703125 0.378173828125 0.6830241703125 0.3670246578125 0.68896484375 0.36279296875 0.690673828125 0.36083984375 0.691650390625 0.356201171875 0.693603515625 0.354736328125 0.696044921875 0.349365234375 0.6953125 0.337158203125 0.6923828125 0.325439453125 0.687744140625 0.31396484375 0.68212890625 0.307861328125 0.673828125 0.302490234375 0.661865234375 0.29931640625 0.638916015625 0.296630859375 0.634521484375 0.297607421875 0.63037109375 0.301025390625 0.617919921875 0.31787109375 0.61474609375 0.319580078125 0.607177734375 0.3291015625 0.606201171875 0.33154296875 0.6064453125 0.34326171875 0.60888671875 0.346923828125
1 0.702392578125 0.40771484375 0.708984375 0.416748046875 0.712646484375 0.41943359375 0.71875 0.41943359375 0.728271484375 0.417724609375 0.733154296875 0.413330078125 0.737060546875 0.406005859375 0.739013671875 0.39892578125 0.737060546875 0.389404296875 0.73779296875 0.38720703125 0.740966796875 0.384033203125 0.740234375 0.383056640625 0.73779296875 0.38427734375 0.73388671875 0.383544921875 0.728271484375 0.38134765625 0.716064453125 0.3828125 0.7099609375 0.387451171875 0.705078125 0.395751953125 0.7021484375 0.404541015625 0.702392578125 0.40771484375
0 0.49169921875 0.477783203125 0.492431640625 0.48681640625 0.497314453125 0.498291015625 0.501220703125 0.502197265625 0.504638671875 0.503173828125 0.520263671875 0.501220703125 0.533203125 0.4970703125 0.535888671875 0.495361328125 0.53857421875 0.48583984375 0.541015625 0.484375 0.5888671875 0.475341796875 0.595458984375 0.47216796875 0.5986328125 0.468994140625 0.600341796875 0.463623046875 0.599853515625 0.45458984375 0.596923828125 0.448486328125 0.5927734375 0.442626953125 0.588623046875 0.441162109375 0.578369140625 0.441650390625 0.5341796875 0.450439453125 0.525634765625 0.4443359375 0.5087890625 0.445556640625 0.49365234375 0.447509765625 0.4912109375 0.44921875 0.4892578125 0.453125 0.489990234375 0.47509765625 0.49169921875 0.477783203125
1 0.75390625 0.63623046875 0.7587890625 0.640380859375 0.762451171875 0.64599609375 0.765380859375 0.647705078125 0.77294921875 0.64892578125 0.790771484375 0.6474609375 0.803955078125 0.641845703125 0.80712890625 0.63916015625 0.81298828125 0.62939453125 0.815673828125 0.61572265625 0.814453125 0.609130859375 0.810546875 0.602783203125 0.80078125 0.591796875 0.7919921875 0.58642578125 0.77587890625 0.587646484375 0.75146484375 0.592041015625 0.74951171875 0.596923828125 0.747802734375 0.5986328125 0.746337890625 0.60546875 0.744140625 0.609130859375 0.742431640625 0.61572265625 0.7421875 0.62158203125 0.75390625 0.63623046875
1 0.471435546875 0.609619140625 0.473388671875 0.618896484375 0.474853515625 0.62109375 0.48388671875 0.6259765625 0.490966796875 0.626708984375 0.49755859375 0.624755859375 0.50634765625 0.619140625 0.508544921875 0.615478515625 0.5087890625 0.602294921875 0.50634765625 0.595458984375 0.499267578125 0.5908203125 0.490234375 0.586669921875 0.479248046875 0.592529296875 0.4755859375 0.59521484375 0.47216796875 0.599609375 0.471435546875 0.60107421875 0.471435546875 0.609619140625
0 0.31298828125 0.434326171875 0.322021484375 0.440185546875 0.335205078125 0.443359375 0.35009765625 0.443359375 0.357666015625 0.441650390625 0.365234375 0.435546875 0.36767578125 0.419921875 0.367431640625 0.404052734375 0.366943359375 0.401611328125 0.361328125 0.39599609375 0.3603515625 0.3935546875 0.362548828125 0.373291015625 0.36328125 0.348876953125 0.361328125 0.34130859375 0.35595703125 0.33642578125 0.349609375 0.333251953125 0.341552734375 0.332763671875 0.3359375 0.334228515625 0.330078125 0.33984375 0.32861328125 0.345703125 0.328125 0.355224609375 0.326416015625 0.361083984375 0.32373046875 0.3837890625 0.322021484375 0.388427734375 0.314208984375 0.39208984375 0.31103515625 0.39599609375 0.307373046875 0.419189453125 0.307861328125 0.42822265625 0.31298828125 0.434326171875
0 0.115234375 0.662841796875 0.128173828125 0.6708984375 0.138427734375 0.67529296875 0.149169921875 0.673095703125 0.158935546875 0.6640625 0.165771484375 0.661865234375 0.16845703125 0.6591796875 0.168701171875 0.653564453125 0.1611328125 0.645263671875 0.16162109375 0.642333984375 0.19580078125 0.600341796875 0.209228515625 0.586669921875 0.21923828125 0.572998046875 0.224853515625 0.5673828125 0.22900390625 0.559814453125 0.2294921875 0.556884765625 0.228515625 0.553955078125 0.220703125 0.547607421875 0.212646484375 0.54541015625 0.2080078125 0.548095703125 0.19677734375 0.55859375 0.1904296875 0.5673828125 0.1806640625 0.577392578125 0.17919921875 0.580322265625 0.1689453125 0.592529296875 0.165283203125 0.59521484375 0.138427734375 0.626953125 0.134521484375 0.62744140625 0.125244140625 0.62353515625 0.119140625 0.624755859375 0.116455078125 0.627685546875 0.11474609375 0.634521484375 0.107666015625 0.642333984375 0.10498046875 0.647705078125 0.10498046875 0.6513671875 0.115234375 0.662841796875
1 0.69091796875 0.36669921875 0.692138671875 0.369384765625 0.705810546875 0.386962890625 0.709228515625 0.388427734375 0.71435546875 0.384765625 0.718017578125 0.3837890625 0.7294921875 0.383056640625 0.73193359375 0.3837890625 0.736328125 0.3876953125 0.740234375 0.38525390625 0.750244140625 0.375244140625 0.75732421875 0.358642578125 0.758056640625 0.351806640625 0.75537109375 0.34326171875 0.75244140625 0.339111328125 0.7412109375 0.32861328125 0.7333984375 0.326416015625 0.720703125 0.326904296875 0.7109375 0.33056640625 0.7060546875 0.3349609375 0.701904296875 0.3408203125 0.6982421875 0.349365234375 0.69140625 0.3603515625 0.69189453125 0.364013671875 0.69091796875 0.36669921875
0 0.52099609375 0.77734375 0.5205078125 0.798828125 0.51904296875 0.80322265625 0.521484375 0.8076171875 0.525146484375 0.80908203125 0.537109375 0.80712890625 0.54052734375 0.802734375 0.53515625 0.791015625 0.533935546875 0.77685546875 0.52978515625 0.75341796875 0.525146484375 0.745849609375 0.521484375 0.74609375 0.519287109375 0.750732421875 0.518798828125 0.757080078125 0.52099609375 0.77734375
1 0.43115234375 0.656494140625 0.4375 0.67138671875 0.4423828125 0.678466796875 0.450927734375 0.6826171875 0.461669921875 0.68359375 0.4658203125 0.68359375 0.4716796875 0.681884765625 0.48095703125 0.676513671875 0.49169921875 0.66015625 0.4931640625 0.65380859375 0.49072265625 0.64501953125 0.48388671875 0.63037109375 0.483154296875 0.624267578125 0.47607421875 0.622802734375 0.468505859375 0.623291015625 0.451171875 0.622314453125 0.447509765625 0.624267578125 0.44384765625 0.6279296875 0.430419921875 0.6484375 0.429931640625 0.65087890625 0.43115234375 0.656494140625
1 0.65771484375 0.437744140625 0.661865234375 0.43896484375 0.673828125 0.435302734375 0.6787109375 0.432373046875 0.681884765625 0.42822265625 0.684814453125 0.41943359375 0.6845703125 0.413330078125 0.681640625 0.4072265625 0.677734375 0.4033203125 0.669921875 0.400390625 0.665771484375 0.39990234375 0.6572265625 0.402587890625 0.649169921875 0.40771484375 0.646484375 0.41357421875 0.64599609375 0.4287109375 0.65771484375 0.437744140625
1 0.595458984375 0.421875 0.599609375 0.4267578125 0.60595703125 0.428955078125 0.615478515625 0.428955078125 0.61865234375 0.427978515625 0.62451171875 0.422119140625 0.62939453125 0.4130859375 0.630126953125 0.40673828125 0.628662109375 0.40087890625 0.622314453125 0.39306640625 0.61669921875 0.391357421875 0.607177734375 0.391357421875 0.6025390625 0.392822265625 0.598876953125 0.396240234375 0.591796875 0.408447265625 0.591796875 0.4140625 0.595458984375 0.421875
0 0.74755859375 0.380859375 0.748779296875 0.383544921875 0.748046875 0.393310546875 0.75146484375 0.39892578125 0.75537109375 0.400390625 0.763671875 0.3994140625 0.778564453125 0.391357421875 0.79443359375 0.39697265625 0.802001953125 0.398193359375 0.82568359375 0.406005859375 0.832763671875 0.406982421875 0.845947265625 0.4111328125 0.85400390625 0.412109375 0.861083984375 0.41064453125 0.865478515625 0.40869140625 0.869384765625 0.404541015625 0.874267578125 0.39306640625 0.873046875 0.38623046875 0.87109375 0.384033203125 0.86474609375 0.380615234375 0.84716796875 0.375244140625 0.837890625 0.373779296875 0.833740234375 0.371826171875 0.8173828125 0.36767578125 0.810302734375 0.364501953125 0.806396484375 0.3642578125 0.79443359375 0.359130859375 0.7890625 0.3583984375 0.787353515625 0.357421875 0.782958984375 0.34619140625 0.778076171875 0.34033203125 0.775634765625 0.339111328125 0.769775390625 0.340087890625 0.76318359375 0.345458984375 0.75830078125 0.352294921875 0.755126953125 0.364013671875 0.750244140625 0.372314453125 0.75 0.375732421875 0.74755859375 0.380859375
1 0.2900390625 0.52197265625 0.298583984375 0.53076171875 0.30712890625 0.5341796875 0.318115234375 0.53466796875 0.322998046875 0.53369140625 0.329833984375 0.53076171875 0.338134765625 0.521728515625 0.341796875 0.513671875 0.341552734375 0.500732421875 0.336181640625 0.48974609375 0.33349609375 0.486572265625 0.328857421875 0.4833984375 0.3212890625 0.480712890625 0.311279296875 0.480712890625 0.29833984375 0.4853515625 0.29443359375 0.48876953125 0.28662109375 0.500732421875 0.287353515625 0.513671875 0.2900390625 0.52197265625
0 0.43701171875 0.336181640625 0.438232421875 0.345947265625 0.439453125 0.350341796875 0.443115234375 0.356201171875 0.44677734375 0.358154296875 0.45361328125 0.35791015625 0.4619140625 0.35546875 0.467529296875 0.35693359375 0.470703125 0.356201171875 0.474609375 0.352783203125 0.475341796875 0.349365234375 0.474609375 0.33984375 0.4765625 0.337646484375 0.490234375 0.335693359375 0.536376953125 0.320068359375 0.5595703125 0.313720703125 0.56396484375 0.3115234375 0.568115234375 0.3056640625 0.568603515625 0.296142578125 0.56689453125 0.2919921875 0.564453125 0.2900390625 0.555908203125 0.2890625 0.546142578125 0.29052734375 0.536376953125 0.29443359375 0.489990234375 0.307861328125 0.4677734375 0.31591796875 0.465087890625 0.31494140625 0.462890625 0.308349609375 0.45947265625 0.302490234375 0.454833984375 0.300537109375 0.451171875 0.30126953125 0.447998046875 0.305908203125 0.43505859375 0.312744140625 0.432861328125 0.31787109375 0.433837890625 0.328369140625 0.43701171875 0.336181640625
0 0.43017578125 0.2822265625 0.435546875 0.291015625 0.437744140625 0.29296875 0.439453125 0.298095703125 0.4462890625 0.304443359375 0.447021484375 0.304931640625 0.449951171875 0.3017578125 0.453857421875 0.30029296875 0.462890625 0.302734375 0.47021484375 0.29345703125 0.470947265625 0.28955078125 0.472900390625 0.28662109375 0.521240234375 0.257080078125 0.529541015625 0.25048828125 0.53369140625 0.243896484375 0.532958984375 0.236572265625 0.5302734375 0.232177734375 0.52685546875 0.22900390625 0.521728515625 0.22802734375 0.517822265625 0.22900390625 0.468017578125 0.258056640625 0.459716796875 0.263916015625 0.454833984375 0.263671875 0.451171875 0.260498046875 0.44970703125 0.260498046875 0.443603515625 0.26220703125 0.437255859375 0.265380859375 0.43212890625 0.27001953125 0.4287109375 0.275390625 0.428466796875 0.281494140625 0.43017578125 0.2822265625
0 0.480224609375 0.703125 0.482177734375 0.704833984375 0.486083984375 0.706787109375 0.501708984375 0.710693359375 0.51513671875 0.712646484375 0.52001953125 0.71240234375 0.52197265625 0.71142578125 0.52392578125 0.708984375 0.525390625 0.703369140625 0.5283203125 0.685791015625 0.525146484375 0.682373046875 0.521484375 0.681396484375 0.5205078125 0.678955078125 0.5205078125 0.6748046875 0.5244140625 0.654052734375 0.524169921875 0.64794921875 0.521484375 0.644287109375 0.50537109375 0.641357421875 0.50048828125 0.644775390625 0.49560546875 0.65673828125 0.49609375 0.659912109375 0.494873046875 0.662353515625 0.495361328125 0.667236328125 0.494140625 0.672119140625 0.491455078125 0.674560546875 0.486572265625 0.675537109375 0.484130859375 0.677001953125 0.481201171875 0.6865234375 0.4794921875 0.70068359375 0.480224609375 0.703125