0 0.32666015625 0.378173828125 0.331298828125 0.380859375 0.339599609375 0.383056640625 0.3466796875 0.383056640625 0.348876953125 0.380859375 0.349853515625 0.378173828125 0.3525390625 0.37646484375 0.392822265625 0.38671875 0.407470703125 0.389404296875 0.41552734375 0.392822265625 0.421142578125 0.3935546875 0.425048828125 0.39599609375 0.428955078125 0.3955078125 0.430419921875 0.394287109375 0.431884765625 0.391845703125 0.43408203125 0.3818359375 0.43310546875 0.376953125 0.427978515625 0.373046875 0.419189453125 0.37158203125 0.413330078125 0.36865234375 0.398681640625 0.365966796875 0.384033203125 0.361328125 0.374755859375 0.35986328125 0.3564453125 0.35498046875 0.355712890625 0.353515625 0.356201171875 0.349365234375 0.354736328125 0.345703125 0.34912109375 0.343017578125 0.33984375 0.3408203125 0.33447265625 0.34130859375 0.33251953125 0.34423828125 0.325927734375 0.372802734375 0.325439453125 0.376953125 0.32666015625 0.378173828125
1 0.326416015625 0.53515625 0.328369140625 0.537109375 0.333251953125 0.53759765625 0.34619140625 0.534912109375 0.347900390625 0.532958984375 0.3515625 0.52099609375 0.347412109375 0.513916015625 0.343017578125 0.50927734375 0.33642578125 0.50830078125 0.32568359375 0.510498046875 0.323486328125 0.513427734375 0.31982421875 0.523193359375 0.3203125 0.52685546875 0.326416015625 0.53515625
0 0.53662109375 0.461669921875 0.544921875 0.461181640625 0.547119140625 0.458740234375 0.551025390625 0.45703125 0.553955078125 0.45703125 0.559814453125 0.45458984375 0.56298828125 0.455078125 0.558837890625 0.44921875 0.560546875 0.446533203125 0.57275390625 0.437255859375 0.574462890625 0.435302734375 0.574462890625 0.431396484375 0.572021484375 0.430419921875 0.56640625 0.430908203125 0.539794921875 0.446044921875 0.536865234375 0.447265625 0.532470703125 0.447021484375 0.531494140625 0.44921875 0.53125 0.451171875 0.53662109375 0.461669921875
0 0.476318359375 0.486572265625 0.477783203125 0.49609375 0.480712890625 0.502685546875 0.48974609375 0.514404296875 0.49609375 0.517333984375 0.52197265625 0.505615234375 0.523681640625 0.50244140625 0.52392578125 0.497802734375 0.52587890625 0.495361328125 0.53955078125 0.49072265625 0.568359375 0.478271484375 0.57177734375 0.474609375 0.572265625 0.468505859375 0.56884765625 0.458251953125 0.562744140625 0.453125 0.55615234375 0.452392578125 0.51708984375 0.46728515625 0.511474609375 0.4677734375 0.50390625 0.462646484375 0.49169921875 0.467041015625 0.48095703125 0.472412109375 0.4755859375 0.476318359375 0.474609375 0.4794921875 0.474365234375 0.482177734375 0.476318359375 0.486572265625
0 0.5400390625 0.336181640625 0.542236328125 0.34228515625 0.545166015625 0.3466796875 0.5478515625 0.34521484375 0.553955078125 0.343994140625 0.556884765625 0.342041015625 0.561767578125 0.34326171875 0.565673828125 0.348388671875 0.587646484375 0.37060546875 0.5947265625 0.37939453125 0.60205078125 0.38623046875 0.604248046875 0.38916015625 0.60498046875 0.392822265625 0.61474609375 0.398681640625 0.618408203125 0.40380859375 0.62158203125 0.40380859375 0.62646484375 0.401611328125 0.631103515625 0.397216796875 0.6337890625 0.392578125 0.63427734375 0.388916015625 0.6328125 0.381103515625 0.6298828125 0.3798828125 0.6220703125 0.37060546875 0.61572265625 0.36669921875 0.6064453125 0.358154296875 0.592529296875 0.34228515625 0.585205078125 0.335693359375 0.57763671875 0.326416015625 0.578125 0.322509765625 0.582275390625 0.314453125 0.580322265625 0.308837890625 0.578369140625 0.306884765625 0.57177734375 0.3046875 0.565185546875 0.2978515625 0.559814453125 0.296875 0.548095703125 0.306640625 0.544677734375 0.3125 0.539306640625 0.314453125 0.53662109375 0.318115234375 0.534423828125 0.32421875 0.535400390625 0.329833984375 0.5400390625 0.336181640625
1 0.60400390625 0.46044921875 0.614013671875 0.474365234375 0.619873046875 0.47607421875 0.6396484375 0.475341796875 0.647216796875 0.472900390625 0.653076171875 0.467041015625 0.659423828125 0.45166015625 0.659423828125 0.44677734375 0.6552734375 0.439453125 0.654541015625 0.435302734375 0.647705078125 0.42724609375 0.642578125 0.42529296875 0.627197265625 0.42578125 0.61572265625 0.429443359375 0.603271484375 0.446533203125 0.60107421875 0.451904296875 0.60400390625 0.46044921875
1 0.64990234375 0.431884765625 0.656494140625 0.437255859375 0.663818359375 0.438720703125 0.6708984375 0.4384765625 0.678466796875 0.435791015625 0.68212890625 0.433349609375 0.688232421875 0.425048828125 0.690185546875 0.416015625 0.689697265625 0.407958984375 0.68505859375 0.400390625 0.6796875 0.39501953125 0.67041015625 0.39111328125 0.66015625 0.391845703125 0.64990234375 0.3974609375 0.644775390625 0.40380859375 0.642578125 0.411865234375 0.6435546875 0.42333984375 0.64990234375 0.431884765625
1 0.363037109375 0.529052734375 0.369384765625 0.539794921875 0.37255859375 0.542236328125 0.375244140625 0.54296875 0.386474609375 0.5439453125 0.40185546875 0.542236328125 0.407958984375 0.53466796875 0.41650390625 0.517578125 0.415283203125 0.513671875 0.407470703125 0.499267578125 0.403076171875 0.49365234375 0.387451171875 0.49072265625 0.380859375 0.491943359375 0.37548828125 0.49462890625 0.3720703125 0.494873046875 0.366455078125 0.502685546875 0.360595703125 0.513671875 0.359375 0.517822265625 0.363037109375 0.529052734375
0 0.48193359375 0.431884765625 0.490234375 0.441650390625 0.4931640625 0.442626953125 0.504150390625 0.4375 0.507568359375 0.43310546875 0.51025390625 0.431884765625 0.519287109375 0.42431640625 0.524658203125 0.42138671875 0.534912109375 0.41162109375 0.540771484375 0.407958984375 0.5439453125 0.404052734375 0.551025390625 0.400146484375 0.559326171875 0.393310546875 0.56884765625 0.39404296875 0.57177734375 0.39306640625 0.57763671875 0.395263671875 0.57958984375 0.392333984375 0.577392578125 0.38623046875 0.56884765625 0.37255859375 0.557373046875 0.357666015625 0.54736328125 0.350341796875 0.545166015625 0.352783203125 0.544677734375 0.357177734375 0.542236328125 0.3623046875 0.541748046875 0.36962890625 0.540771484375 0.37158203125 0.529052734375 0.381591796875 0.52197265625 0.38525390625 0.512451171875 0.392333984375 0.50634765625 0.3984375 0.502197265625 0.400390625 0.49462890625 0.407958984375 0.479248046875 0.42041015625 0.478515625 0.423828125 0.48193359375 0.431884765625
0 0.407470703125 0.420166015625 0.416015625 0.431396484375 0.422607421875 0.43701171875 0.425048828125 0.4365234375 0.4306640625 0.43310546875 0.440185546875 0.424560546875 0.440673828125 0.4228515625 0.439208984375 0.416748046875 0.457763671875 0.4013671875 0.45947265625 0.395751953125 0.4580078125 0.39208984375 0.451904296875 0.3837890625 0.4453125 0.38330078125 0.439697265625 0.385986328125 0.433837890625 0.39111328125 0.42724609375 0.39453125 0.4248046875 0.394775390625 0.41943359375 0.392822265625 0.416259765625 0.39306640625 0.4013671875 0.40478515625 0.40185546875 0.41064453125 0.407470703125 0.420166015625
0 0.35400390625 0.450439453125 0.354248046875 0.459716796875 0.357666015625 0.47509765625 0.361083984375 0.47802734375 0.363525390625 0.487548828125 0.36572265625 0.489990234375 0.369140625 0.490966796875 0.39306640625 0.486083984375 0.39599609375 0.482421875 0.396484375 0.474609375 0.3974609375 0.472900390625 0.399658203125 0.471923828125 0.401611328125 0.472412109375 0.410400390625 0.47021484375 0.41357421875 0.470458984375 0.419189453125 0.468017578125 0.422119140625 0.468017578125 0.42529296875 0.466552734375 0.43115234375 0.466064453125 0.44091796875 0.46337890625 0.451416015625 0.463623046875 0.455810546875 0.455078125 0.453857421875 0.451416015625 0.450439453125 0.438720703125 0.4462890625 0.434814453125 0.442138671875 0.43359375 0.4365234375 0.43359375 0.43359375 0.434814453125 0.428955078125 0.434326171875 0.422607421875 0.437255859375 0.41943359375 0.4375 0.416259765625 0.439697265625 0.3974609375 0.443115234375 0.3935546875 0.445068359375 0.389404296875 0.4443359375 0.38427734375 0.4365234375 0.382080078125 0.43603515625 0.369384765625 0.43896484375 0.363037109375 0.439453125 0.35498046875 0.44189453125 0.353515625 0.443359375 0.352783203125 0.447509765625 0.35400390625 0.450439453125
1 0.585205078125 0.416015625 0.58935546875 0.422607421875 0.59521484375 0.42724609375 0.613037109375 0.4287109375 0.615966796875 0.426513671875 0.6201171875 0.41259765625 0.620361328125 0.40771484375 0.615234375 0.397216796875 0.609619140625 0.39501953125 0.60107421875 0.395751953125 0.59521484375 0.397705078125 0.589599609375 0.40087890625 0.585693359375 0.407958984375 0.584228515625 0.411865234375 0.585205078125 0.416015625
1 0.68505859375 0.732177734375 0.69091796875 0.740234375 0.695068359375 0.741943359375 0.703857421875 0.742919921875 0.7119140625 0.74072265625 0.71728515625 0.736083984375 0.72119140625 0.72900390625 0.720947265625 0.720703125 0.71533203125 0.711181640625 0.7119140625 0.708251953125 0.710693359375 0.704833984375 0.709228515625 0.70361328125 0.7001953125 0.703125 0.689697265625 0.70458984375 0.68603515625 0.70751953125 0.6796875 0.717041015625 0.679443359375 0.720947265625 0.68505859375 0.732177734375
0 0.678955078125 0.81005859375 0.6826171875 0.826416015625 0.685791015625 0.833251953125 0.689697265625 0.837158203125 0.691650390625 0.841552734375 0.69482421875 0.843017578125 0.716552734375 0.8427734375 0.7197265625 0.841796875 0.7216796875 0.83837890625 0.722900390625 0.827880859375 0.724853515625 0.823974609375 0.729248046875 0.822021484375 0.74951171875 0.818359375 0.75341796875 0.81689453125 0.767333984375 0.81494140625 0.791015625 0.80859375 0.79443359375 0.80908203125 0.811767578125 0.802734375 0.814697265625 0.798583984375 0.8125 0.791015625 0.8095703125 0.786376953125 0.8037109375 0.7822265625 0.80029296875 0.78125 0.7939453125 0.78173828125 0.771240234375 0.787109375 0.7646484375 0.78662109375 0.760498046875 0.7880859375 0.75341796875 0.786865234375 0.7509765625 0.789794921875 0.748046875 0.791259765625 0.740478515625 0.79248046875 0.736083984375 0.794677734375 0.7236328125 0.796630859375 0.714599609375 0.795654296875 0.70947265625 0.78857421875 0.70361328125 0.786376953125 0.699951171875 0.791015625 0.696337890625 0.79296875 0.68310546875 0.7939453125 0.679443359375 0.796630859375 0.6787109375 0.798095703125 0.678955078125 0.81005859375
0 0.501220703125 0.86572265625 0.50341796875 0.8685302734375 0.50439453125 0.872314453125 0.506591796875 0.870849609375 0.511474609375 0.8701171875 0.5126953125 0.8681640625 0.513916015625 0.867919921875 0.514404296875 0.863037109375 0.515869140625 0.861328125 0.518310546875 0.8636882328125 0.518310546875 0.866455078125 0.5205078125 0.87060546875 0.524658203125 0.874755859375 0.528076171875 0.873291015625 0.530517578125 0.87451171875 0.533935546875 0.873291015625 0.53662109375 0.875244140625 0.53857421875 0.87255859375 0.54248046875 0.870849609375 0.544921875 0.8720703125 0.55126953125 0.878173828125 0.552734375 0.88134765625 0.559326171875 0.88916015625 0.5654296875 0.890869140625 0.573974609375 0.890869140625 0.586669921875 0.88623046875 0.590576171875 0.887451171875 0.597900390625 0.887451171875 0.603271484375 0.883056640625 0.60546875 0.87744140625 0.60546875 0.853271484375 0.60205078125 0.837890625 0.598388671875 0.830078125 0.594970703125 0.829345703125 0.584228515625 0.82958984375 0.57763671875 0.830322265625 0.575927734375 0.831787109375 0.572998046875 0.827392578125 0.576171875 0.819091796875 0.575927734375 0.810546875 0.57177734375 0.802490234375 0.571533203125 0.798828125 0.570068359375 0.79541015625 0.568359375 0.792724609375 0.56298828125 0.7890625 0.55615234375 0.786376953125 0.544677734375 0.7861328125 0.539306640625 0.787109375 0.530517578125 0.791015625 0.522705078125 0.799072265625 0.518310546875 0.80712890625 0.516357421875 0.814208984375 0.516357421875 0.81884765625 0.518798828125 0.833984375 0.52197265625 0.836181640625 0.53076171875 0.836669921875 0.528076171875 0.845458984375 0.52587890625 0.84814453125 0.52392578125 0.848388671875 0.51904296875 0.85205078125 0.515625 0.8515625 0.512939453125 0.849853515625 0.504150390625 0.851318359375 0.50146484375 0.856201171875 0.502197265625 0.862060546875 0.501220703125 0.86572265625
1 0.615234375 0.3642578125 0.618896484375 0.36376953125 0.621337890625 0.368896484375 0.634033203125 0.37939453125 0.638427734375 0.380859375 0.645263671875 0.38037109375 0.656494140625 0.377685546875 0.661865234375 0.375244140625 0.6650390625 0.37255859375 0.670166015625 0.36083984375 0.671142578125 0.35693359375 0.671142578125 0.34912109375 0.668212890625 0.341796875 0.65673828125 0.330322265625 0.644775390625 0.328369140625 0.634033203125 0.3291015625 0.62646484375 0.33447265625 0.623046875 0.338134765625 0.615478515625 0.352783203125 0.6142578125 0.358154296875 0.61376953125 0.361083984375 0.615234375 0.3642578125
1 0.454345703125 0.475341796875 0.458251953125 0.479248046875 0.467529296875 0.482177734375 0.472412109375 0.481689453125 0.4765625 0.4755859375 0.482177734375 0.470703125 0.48681640625 0.46337890625 0.485107421875 0.458251953125 0.477783203125 0.44970703125 0.47314453125 0.450439453125 0.467529296875 0.44921875 0.459716796875 0.449462890625 0.457275390625 0.451416015625 0.45458984375 0.451904296875 0.4521484375 0.459716796875 0.451904296875 0.46826171875 0.454345703125 0.475341796875
0 0.50048828125 0.872802734375 0.50390625 0.8759765625 0.5078125 0.877685546875 0.519775390625 0.87841796875 0.534423828125 0.87744140625 0.53662109375 0.87841796875 0.54833984375 0.876708984375 0.552001953125 0.879150390625 0.552734375 0.881103515625 0.559814453125 0.88916015625 0.5654296875 0.890380859375 0.572021484375 0.890625 0.57763671875 0.888916015625 0.5859375 0.888427734375 0.5986328125 0.888916015625 0.60400390625 0.88671875 0.606201171875 0.882568359375 0.60693359375 0.872802734375 0.60595703125 0.849609375 0.60302734375 0.837646484375 0.59814453125 0.8291015625 0.57080078125 0.829833984375 0.568359375 0.8291015625 0.560302734375 0.830078125 0.554931640625 0.828125 0.553955078125 0.825439453125 0.552978515625 0.82861328125 0.54931640625 0.829345703125 0.53173828125 0.843505859375 0.521728515625 0.84375 0.504638671875 0.847412109375 0.50244140625 0.849853515625 0.5009765625 0.853759765625 0.5 0.861083984375 0.50048828125 0.872802734375
1 0.4296875 0.51025390625 0.43310546875 0.512939453125 0.437255859375 0.513916015625 0.447021484375 0.513916015625 0.451416015625 0.51220703125 0.457275390625 0.502685546875 0.45849609375 0.498779296875 0.45751953125 0.492431640625 0.4521484375 0.48388671875 0.448974609375 0.482177734375 0.434814453125 0.481689453125 0.43212890625 0.482421875 0.42822265625 0.486328125 0.427490234375 0.489501953125 0.42529296875 0.491943359375 0.42431640625 0.4951171875 0.424560546875 0.49951171875 0.4296875 0.51025390625
1 0.544921875 0.61962890625 0.557373046875 0.642333984375 0.568603515625 0.658935546875 0.573974609375 0.660888671875 0.579345703125 0.66015625 0.598388671875 0.6611328125 0.603759765625 0.65966796875 0.61279296875 0.66015625 0.61865234375 0.65869140625 0.630859375 0.639892578125 0.63623046875 0.630126953125 0.639404296875 0.6220703125 0.638916015625 0.612060546875 0.636474609375 0.609619140625 0.632568359375 0.599853515625 0.62548828125 0.589111328125 0.621826171875 0.58154296875 0.616943359375 0.575927734375 0.614990234375 0.574951171875 0.568359375 0.57421875 0.56298828125 0.580078125 0.5478515625 0.606689453125 0.547119140625 0.609375 0.545166015625 0.611083984375 0.54443359375 0.614501953125 0.544921875 0.61962890625