0 0.4062840109375 0.1852374875 0.4019485328125 0.19297776875 0.3993486375 0.1948042546875 0.39572180156250003 0.2029002453125 0.39516883125 0.2062761328125 0.39105794843749997 0.21108460468749998 0.38957174375000003 0.21703659062499997 0.3866434734375 0.2193071546875 0.387325009375 0.22138900156250002 0.386233784375 0.224929640625 0.381964909375 0.23070265 0.38034781875 0.235893040625 0.378535559375 0.23759296718749998 0.3721306921875 0.23611770625 0.36944173125 0.23224532187500002 0.369809603125 0.231560109375 0.3662145125 0.2285376890625 0.36165908125 0.229817503125 0.3501829890625 0.23745294687500001 0.34784718593749997 0.2361064875 0.345417675 0.238453434375 0.34272639374999997 0.2392771890625 0.34603260625 0.24250255312500002 0.3454672453125 0.2443934390625 0.34327472187499997 0.245293578125 0.34621306406249996 0.249204153125 0.34434659375 0.25435635156249997 0.3448430328125 0.2591288734375 0.35047265625 0.2622156953125 0.3543272 0.27145744843749997 0.36179154687500004 0.2805104828125 0.3681422046875 0.2854380171875 0.37339156406249996 0.28772505000000004 0.3764089 0.29115335625 0.3843224375 0.294342771875 0.3907048390625 0.28815189375 0.3985463421875 0.2777351640625 0.41019281718749995 0.27062018125 0.407350503125 0.2583200609375 0.40352074531250004 0.2520483109375 0.403076196875 0.2485196546875 0.4098016890625 0.2386735625 0.41165576562500006 0.2320363625 0.417028259375 0.2242077140625 0.42629168125000005 0.20511012968750003 0.43313566562499994 0.1945406328125 0.4368809953125 0.1857212359375 0.4372511890625 0.1803398859375 0.43666336406250006 0.17456463125 0.433922509375 0.16944838125 0.42595708437499996 0.1650151 0.42251766249999995 0.16572427812499999 0.4153995140625 0.1732855828125 0.40946165937499995 0.1830051171875 0.4062840109375 0.1852374875
1 0.549269021875 0.502118509375 0.5506471796875 0.5065233375 0.5581597031250001 0.51553818125 0.560769246875 0.517405103125 0.566481859375 0.5182453265625 0.5790150859375001 0.518111271875 0.58246006875 0.516640496875 0.5886815203125 0.5113759671875 0.5930619312500001 0.4981779515625 0.583870459375 0.484961221875 0.5807827125 0.48277678125 0.5764506765624999 0.48164524843749995 0.5611151750000001 0.48260305625 0.5579298546875 0.48411202343750004 0.554181665625 0.4904818796875 0.5494641671875 0.4947316953125 0.549269021875 0.502118509375
1 0.33156630625 0.2293337546875 0.3363889296875 0.23869008281249998 0.34359405 0.24196786406249998 0.3449265015625 0.2451288265625 0.34829495 0.247351459375 0.35063363125 0.24621018593750002 0.3524627046875 0.2464775296875 0.35952013125 0.242812575 0.3683392765625 0.23668609843750002 0.3705302625 0.2286020890625 0.370242996875 0.2255938953125 0.36338680624999997 0.212479759375 0.35843759531249997 0.208542975 0.35046156875 0.20663561718749998 0.337477103125 0.20893988593750001 0.3323445046875 0.213874915625 0.3300293609375 0.22268232812500002 0.33156630625 0.2293337546875
1 0.5995275062500001 0.48795218125 0.5873407390625001 0.5036596515625 0.5853301390625 0.5095352546874999 0.5828692515625 0.5118822015625 0.5818439484375 0.5149405703125 0.587569034375 0.5256935328125001 0.592951303125 0.5307094328125 0.59491719375 0.5344672421875 0.5989313390625 0.53680445 0.60153500625 0.5414002375 0.6132095234375 0.5397047984375 0.6258669859375 0.5398882625 0.632542059375 0.53867285 0.6398298062500001 0.5353254140625 0.647029684375 0.521582971875 0.6499055546875 0.5136135390625001 0.6506931609375 0.5073058406250001 0.6460835953124999 0.4991933796875 0.6389480296875 0.49069899687499996 0.6317975609375 0.485415753125 0.6185423296875 0.4841531734375 0.6111894703125 0.484771740625 0.6061500203125 0.4854929015625 0.5995275062500001 0.48795218125
0 0.43983915468749996 0.7247002515625 0.43595676406250006 0.7218807734375 0.43178793281249994 0.7145681015625 0.42886317187499995 0.7121425265625 0.426661471875 0.706861525 0.42104884218749994 0.700563565625 0.4189384921875 0.696285296875 0.4148734 0.69146035625 0.413222125 0.6874996046875 0.40819940312499997 0.6822807609375 0.40345305312499996 0.6753739734375 0.40006921718750005 0.6726308796875 0.39598941875000004 0.6710170765625 0.3906361359375 0.67093845 0.3748062171875 0.683344171875 0.37279728749999996 0.6862497734375 0.3723877625 0.6918722578125001 0.3778153703125 0.7008608921875 0.3804490515625 0.7081855484374999 0.3864812734375 0.7150421609375 0.3872933640625 0.7178856046875 0.3891296609375 0.7191556796875 0.3916596046875 0.7239926031249999 0.39685264062500003 0.7297319078125 0.40081167500000003 0.7367652546875 0.405873878125 0.7417429624999999 0.40723639531250005 0.7459066562500001 0.40673552031250004 0.7505264109375 0.40304589843749994 0.7558935359375 0.402860878125 0.7585842109375001 0.40695306562500005 0.761683015625 0.40881413593750004 0.7659230921875 0.4120276578125 0.768145725 0.41213139375 0.7706334578125 0.4111071875 0.772206825 0.420180296875 0.785461746875 0.425454615625 0.78602264375 0.44398710937499997 0.77427816875 0.4671420796875 0.75459046875 0.468050159375 0.7490443671875 0.46533751562500003 0.74220198125 0.45853268593749996 0.732260790625 0.4515552203125 0.7264952765625 0.44903766562499997 0.7231433546875 0.44708292343749995 0.7225966828125 0.44369676875 0.724549728125 0.43983915468749996 0.7247002515625
0 0.42347525625 0.39593764062500003 0.4166485671875 0.3842703140625 0.4102273515625 0.3810689171875 0.40166339687499997 0.38149652500000003 0.388562878125 0.38914395156250003 0.38567937812499997 0.39414338125000004 0.38567470625 0.40353565781249995 0.3900600046875 0.40815765624999994 0.3923969078125 0.4127152515625 0.40608537968749997 0.445201046875 0.4013647984375 0.45041540312499995 0.3989436890625 0.455732353125 0.3989686421875 0.4587023546875 0.40172816874999995 0.4638186046875 0.40315277031249996 0.469226165625 0.412236828125 0.48593335781249997 0.416147259375 0.48875283593749996 0.425146315625 0.4903688828125 0.4357461890625 0.488520675 0.4477878125 0.484172753125 0.4571073390625 0.4791635828125 0.46153707656250004 0.47415216875 0.4643683328125 0.467908871875 0.46458197968750004 0.46349206093750006 0.46371178124999995 0.45940475156250005 0.453533734375 0.436845921875 0.45037653750000006 0.43414101875 0.44527543437499995 0.4338594484375 0.44116617031249994 0.4322456453125 0.43800897499999997 0.42954074374999995 0.42347525625 0.39593764062500003
1 0.3609916578125 0.1912456671875 0.36063100000000003 0.19490088125 0.36461292031250003 0.206109903125 0.37211432499999997 0.21560701718750003 0.375893521875 0.21862943750000002 0.38095741250000004 0.218872815625 0.38936168125 0.21688382343749998 0.39008055625 0.21426953124999998 0.3960448734375 0.20772294218749998 0.3995692375 0.19661875625 0.3996131953125 0.19168148437500002 0.3925945703125 0.1825018890625 0.38754614374999996 0.1790473734375 0.38317263437500004 0.17791584062500002 0.37510052968749996 0.1779757546875 0.37000814531250004 0.1794585109375 0.364804225 0.18314967499999998 0.3609916578125 0.1912456671875
0 0.5294937203125001 0.503682903125 0.5309859890624999 0.5095727328125 0.5345025437500001 0.5137626359375 0.539386784375 0.5104773578125 0.541794296875 0.5051222156249999 0.54638525625 0.475348053125 0.5491898421875 0.46782269843749996 0.552504828125 0.465311 0.5527556984374999 0.462379190625 0.550381053125 0.46131205781249995 0.5342248125 0.45909692187499995 0.531072459375 0.45915907968749997 0.530573309375 0.46032656093749996 0.5302203578125 0.462255640625 0.5331936421875 0.467854159375 0.5294937203125001 0.503682903125
1 0.55602184375 0.196174578125 0.5546793875 0.2026470265625 0.554931446875 0.20738135624999998 0.5566041921875 0.20985710625 0.5585013437499999 0.218793321875 0.5598390656250001 0.22171314999999997 0.564884953125 0.22741426250000002 0.5753544171875 0.23343513906250002 0.5908721328125 0.24046098906250002 0.5952377 0.24086911875 0.6099336531249999 0.23096311093750002 0.6144927984375 0.2192882890625 0.612915659375 0.2131191328125 0.6125450734375 0.20441206875 0.6104337937500001 0.1951965265625 0.605040240625 0.1884544890625 0.5954675953125 0.1833097859375 0.583884815625 0.18082955 0.575045434375 0.182221696875 0.56379294375 0.1886896578125 0.55602184375 0.196174578125
0 0.289741615625 0.539029528125 0.286698440625 0.5341162203125001 0.283235971875 0.523948121875 0.2820527734375 0.5170937531249999 0.2758225109375 0.505020540625 0.2729551375 0.4912354171875 0.2709535828125 0.48623374375 0.2674094375 0.4812440515625 0.264128225 0.47777755468749994 0.2605693015625 0.475999 0.25305472500000004 0.4748532390625 0.24368017343749998 0.47564854062500006 0.2347124703125 0.4802136328125 0.23302363593750003 0.48267515625 0.2320419265625 0.49488466718749996 0.23372842968750002 0.49711928125 0.2354126015625 0.504050034375 0.2404697796875 0.5154500171875 0.244760721875 0.5299465609375 0.2468291765625 0.5329809640625001 0.249039215625 0.5429581031249999 0.256596590625 0.5641322828125 0.2559198171875 0.5729277125000001 0.2485421625 0.588116965625 0.24925161718750002 0.5931688140625 0.252691521875 0.5956707734375 0.25694978281249997 0.5963200375000001 0.2831364453125 0.5916613265625 0.3003452890625 0.58538656875 0.3084425140625 0.5814303046875 0.3148135640625 0.5754805609375 0.315750940625 0.5729044609375 0.31506638124999997 0.570822615625 0.31048061875 0.565921290625 0.3034942390625 0.5631257781250001 0.2957836265625 0.5584895546875 0.29246507187500004 0.550568053125 0.2935735875 0.5485124140625001 0.2912546453125 0.54543981875 0.289741615625 0.539029528125
1 0.2859018859375 0.5340660453125 0.286188109375 0.5417703781250001 0.290771665625 0.5510885140624999 0.299587315625 0.5545954484375 0.3125518859375 0.55277345 0.320306653125 0.5499464765625001 0.32281003125 0.5463556625 0.3241824 0.5383982125 0.32356348125 0.532622959375 0.32091169062499997 0.5292710375 0.30921021875 0.5206478531250001 0.30474653749999997 0.5199985890625001 0.295720509375 0.5223934671875 0.290149471875 0.52504370625 0.2859018859375 0.5340660453125
1 0.35734065625 0.2141272671875 0.3556056984375 0.2133776546875 0.349416440625 0.21221991093749998 0.3414075796875 0.21549096250000002 0.339916903125 0.217990678125 0.3360076046875 0.220628934375 0.33298513750000003 0.2258695 0.3335559359375 0.2318858875 0.33791026875 0.24068356249999998 0.3390671828125 0.24950520156249997 0.3459892859375 0.2604109328125 0.353214521875 0.26641758125 0.357355203125 0.265543653125 0.3596246765625 0.2631585140625 0.36234401250000003 0.2628170296875 0.36573894375 0.2507101125 0.3689234625 0.24920114531249998 0.3686251625 0.24470795 0.376893625 0.241475090625 0.376921840625 0.23974895468750002 0.3758447453125 0.2351411828125 0.3726086234375 0.2307101453125 0.36816964375 0.22709087968750002 0.364972225 0.22711484531249998 0.3558475640625 0.22132312187499997 0.358145253125 0.217211846875 0.35734065625 0.2141272671875
0 0.4378630765625 0.3057914 0.43240213125000004 0.30198117343750003 0.427917340625 0.2968387140625 0.4321350609375 0.289580703125 0.4332700671875 0.2825877921875 0.4251032078125 0.2798424546875 0.4100978875 0.2708493328125 0.40692461562500004 0.270111703125 0.4017084796875 0.27103580625 0.3993033921875 0.26868661562499996 0.3910950953125 0.27087855156249996 0.3922769203125 0.2745217828125 0.39504653125 0.27618576093749997 0.3937572734375 0.27944707343749997 0.3896738421875 0.2780744046875 0.3887368265625 0.279165503125 0.391220190625 0.2810324234375 0.391440440625 0.2827967515625 0.3884997 0.28530845 0.38377318125 0.2957012140625 0.381608303125 0.3074786296875 0.3835314546875 0.31123643749999996 0.38696411406250003 0.3134972609375 0.3921119546875 0.31923656718750004 0.39429449375000003 0.32451756718749997 0.3972452171875 0.328187009375 0.4013946421875 0.32759240625 0.4068333296875 0.32373649375 0.40964437656249997 0.32046319843750004 0.41149155000000004 0.3200071375 0.4151199 0.3210622875 0.42848601875 0.330790796875 0.4326331453125 0.3348923328125 0.44359417343749996 0.34227165 0.4879816265625 0.3778053109375 0.4963687359375 0.382314975 0.500400746875 0.38244377812499997 0.505384353125 0.3782703453125 0.5092889703125 0.3729414125 0.5108790562500001 0.366266021875 0.509826925 0.3633843859375 0.5067587875 0.36043835 0.48093671093749996 0.34161636875 0.47703669218750006 0.337553025 0.45575312187500006 0.3204212328125 0.446612409375 0.314311990625 0.4378630765625 0.3057914
0 0.29341646250000003 0.3465664921875 0.284668440625 0.345712040625 0.27972671875 0.3464332015625 0.27521424375 0.3491980171875 0.27338725468749997 0.3526240796875 0.27235030312499997 0.36680086093750003 0.2759458265625 0.37279328437500003 0.29735894687500003 0.38944280625 0.339679778125 0.41648432812499997 0.34352069687500003 0.42721108125 0.3445068953125 0.43675612656249996 0.34613541875 0.4392318765625 0.34961555 0.441251565625 0.35934206875 0.44077378281249996 0.36676311093749997 0.43573840312499995 0.37436800625 0.42801235000000004 0.3821567515625 0.41759562031249997 0.38479300156249996 0.4123168625 0.3868038421875 0.4062001234375 0.38816465624999996 0.396275403125 0.3902270375 0.39140253125 0.3873992375 0.3884946875 0.3786781390625 0.38591410000000004 0.37085477187500004 0.3871796890625 0.3643214515625 0.389880103125 0.3582466078125 0.3882018984375 0.303805315625 0.35138169218750004 0.29341646250000003 0.3465664921875
0 0.5881879031249999 0.544833796875 0.5842298109375 0.5531327312500001 0.5835236828125 0.558958159375 0.5845171234375 0.5623220640625 0.5885754265625 0.5659031390625 0.6040571 0.570720584375 0.6102118796875 0.574124925 0.6157803078125 0.5826312890625001 0.618313615625 0.584498209375 0.6405614749999999 0.5905879734374999 0.64423774375 0.588673121875 0.6489395421874999 0.5790037625 0.653511384375 0.5638766671875 0.6555076484375 0.551819925 0.65439443125 0.5491794249999999 0.6500566515624999 0.5472862953125001 0.6307538796875 0.5421371046875 0.6111442328125001 0.54040199375 0.601510465625 0.54240296875 0.5973049875 0.5412714359375 0.5881879031249999 0.544833796875
1 0.52395519375 0.6064108359375 0.5112053640625 0.60967964375 0.5025090453125001 0.613559521875 0.4989425625 0.6256282484375 0.496171525 0.646962690625 0.4975436765625 0.6496413828125001 0.5038348046875 0.6555334562499999 0.5190582921875 0.6654911171875 0.527044934375 0.667436665625 0.5390473203124999 0.6655382828125 0.5459828156250001 0.6628760609375 0.5537861359375 0.6581200093749999 0.5568160343749999 0.6523971734375 0.5610142984375 0.6302891515625 0.560856153125 0.6265575531249999 0.5589371859375001 0.6240436109374999 0.5468616203125001 0.6123358484375 0.5372644265625001 0.604462278125 0.533118075 0.6028484749999999 0.52962396875 0.603557653125 0.52395519375 0.6064108359375
0 0.5288614968750001 0.19993090625 0.5223998359375 0.208330190625 0.513019709375 0.2236961765625 0.5049329984375001 0.24049698749999998 0.5052700453125001 0.24623404999999998 0.508444578125 0.2501828171875 0.5275897171875 0.2607897421875 0.5311575953125 0.2623271625 0.533053365625 0.2616299671875 0.5379586125 0.2549688015625 0.5418805 0.2543360078125 0.5643181765625 0.2681682953125 0.5929252093749999 0.28319651874999996 0.5968987718750001 0.28380759218749996 0.599330571875 0.2829456453125 0.606025928125 0.277795690625 0.6125315453125 0.25976299531249997 0.609841365625 0.254405609375 0.6042743671874999 0.25107765312499997 0.560173359375 0.217105378125 0.5577191874999999 0.210301184375 0.5379323546875 0.20206741562500002 0.5333587468750001 0.1988922265625 0.5288614968750001 0.19993090625
0 0.7152814203125 0.42347999375 0.7110021390625 0.423071865625 0.7071945484375 0.42446625625 0.7023227546874999 0.42767514999999995 0.6974238546875 0.432610178125 0.6921694453125 0.439715421875 0.6912090296875 0.44401765624999995 0.691796903125 0.44979291093749996 0.6946293640625 0.4559118921875 0.701242309375 0.46236261875 0.7119246343750001 0.4689421484375 0.7198658953125 0.470405428125 0.7244611828124999 0.468884478125 0.7290440765625 0.465878528125 0.73772578125 0.45657910468749996 0.7409578921875 0.4508944625 0.7415109046875 0.44751857343749996 0.7401353359375 0.44186987968749997 0.7408192437500001 0.43925558750000004 0.7807090734375 0.393949925 0.7841115828125 0.38878574375 0.7855189015625 0.383316025 0.784995315625 0.3802696390625 0.78222714375 0.376879525 0.7765056859375 0.37278997187499996 0.7733425015625001 0.37181120624999997 0.768485421875 0.3718089625 0.7631938328125 0.3744592015625 0.72049400625 0.42131202500000003 0.7152814203125 0.42347999375
1 0.299811603125 0.4548854484375 0.2970673078125 0.459161475 0.2898934359375 0.4795673265625 0.2881686765625 0.4916622609375 0.2886772859375 0.49791978437499995 0.29066913125 0.5029214578125 0.3024715609375 0.5151114906250001 0.3061293390625 0.5208627781249999 0.3223272921875 0.5327375359375 0.3270115671875 0.5322193171875 0.35672121093750003 0.5224346171875001 0.3693178921875 0.520409675 0.3729926953125 0.5182536890625 0.3770646265625 0.5089902140625 0.3786957171875 0.5005886875 0.38338695 0.48598205468750005 0.383914903125 0.47963616406250004 0.383287853125 0.47410204531250005 0.3814663171875 0.46962083281250006 0.353204275 0.44403285156249994 0.34587169218749997 0.44043755000000007 0.33753970624999996 0.44138561875000004 0.306990903125 0.4500530125 0.299811603125 0.4548854484375
1 0.6829357328125 0.6021084984375 0.6803362578125001 0.6098749890625 0.6789524546875 0.6212847109374999 0.684245359375 0.6317201546875 0.6919743375 0.640049784375 0.7038657953125 0.6452970812500001 0.7129233203124999 0.6456692625 0.721915325 0.643312575 0.732100103125 0.63693298125 0.7377521671875 0.62492865625 0.7398180078125 0.61411578125 0.7314898750000001 0.600010896875 0.7233054171875 0.592848746875 0.7144768140625 0.58954475625 0.7017399156249999 0.5893612921875 0.6922119140625 0.5933677296875 0.687795246875 0.5964118734375 0.6829357328125 0.6021084984375