1 0.611328125 0.26953125 0.634521484375 0.273193359375 0.638427734375 0.271728515625 0.64453125 0.26123046875 0.644287109375 0.254638671875 0.642333984375 0.249267578125 0.638671875 0.245849609375 0.630859375 0.24267578125 0.621826171875 0.243408203125 0.614990234375 0.24951171875 0.610595703125 0.2578125 0.610107421875 0.26708984375 0.611328125 0.26953125
1 0.650390625 0.514892578125 0.652587890625 0.521484375 0.654296875 0.523193359375 0.658447265625 0.52392578125 0.6748046875 0.522705078125 0.67822265625 0.52001953125 0.681640625 0.511962890625 0.682373046875 0.507080078125 0.678466796875 0.498291015625 0.673095703125 0.492431640625 0.669921875 0.49072265625 0.659912109375 0.490966796875 0.65478515625 0.4921875 0.65185546875 0.49462890625 0.647705078125 0.50244140625 0.646728515625 0.51025390625 0.650390625 0.514892578125
1 0.45068359375 0.484130859375 0.455322265625 0.493408203125 0.46240234375 0.495361328125 0.474853515625 0.496826171875 0.49072265625 0.50146484375 0.499755859375 0.50146484375 0.509521484375 0.492431640625 0.511962890625 0.488525390625 0.525146484375 0.473876953125 0.52734375 0.46923828125 0.52685546875 0.46240234375 0.522705078125 0.452880859375 0.52001953125 0.44287109375 0.513671875 0.42822265625 0.510009765625 0.426513671875 0.5048828125 0.426513671875 0.49072265625 0.422119140625 0.4765625 0.4208984375 0.474609375 0.419921875 0.470703125 0.420654296875 0.467041015625 0.4228515625 0.465087890625 0.426025390625 0.45068359375 0.439697265625 0.44970703125 0.442626953125 0.443115234375 0.44921875 0.443115234375 0.457275390625 0.45068359375 0.484130859375
1 0.412109375 0.609375 0.419677734375 0.618408203125 0.427734375 0.620361328125 0.439697265625 0.622314453125 0.447509765625 0.619873046875 0.449462890625 0.6181640625 0.4501953125 0.61572265625 0.462890625 0.603515625 0.464599609375 0.600830078125 0.46435546875 0.594970703125 0.461669921875 0.58935546875 0.45849609375 0.57763671875 0.455322265625 0.57177734375 0.451171875 0.5712890625 0.446044921875 0.568603515625 0.428955078125 0.566650390625 0.422119140625 0.567626953125 0.413818359375 0.576416015625 0.408447265625 0.586669921875 0.407958984375 0.58935546875 0.408203125 0.597900390625 0.412109375 0.609375
1 0.678955078125 0.529541015625 0.686279296875 0.536865234375 0.689208984375 0.542236328125 0.695556640625 0.5478515625 0.69873046875 0.54833984375 0.720458984375 0.5458984375 0.728515625 0.541259765625 0.73583984375 0.532958984375 0.739990234375 0.517822265625 0.736572265625 0.507080078125 0.728271484375 0.49755859375 0.720458984375 0.492431640625 0.70703125 0.491943359375 0.695068359375 0.494873046875 0.689697265625 0.498291015625 0.6845703125 0.50439453125 0.681640625 0.512939453125 0.6767578125 0.521728515625 0.67626953125 0.52490234375 0.678955078125 0.529541015625
1 0.6435546875 0.384521484375 0.653076171875 0.392822265625 0.65576171875 0.3935546875 0.6591796875 0.393310546875 0.66943359375 0.38916015625 0.673828125 0.383544921875 0.676025390625 0.374267578125 0.67578125 0.369384765625 0.673828125 0.365478515625 0.669921875 0.36181640625 0.662353515625 0.359619140625 0.657958984375 0.360107421875 0.64990234375 0.363525390625 0.644287109375 0.37255859375 0.64306640625 0.380859375 0.6435546875 0.384521484375
0 0.275146484375 0.6591796875 0.287109375 0.671142578125 0.302734375 0.68017578125 0.30712890625 0.6796875 0.31689453125 0.672119140625 0.325927734375 0.66845703125 0.326171875 0.6640625 0.32080078125 0.657470703125 0.321533203125 0.653564453125 0.343505859375 0.62890625 0.365234375 0.607666015625 0.367431640625 0.603759765625 0.375244140625 0.59521484375 0.387451171875 0.58349609375 0.389404296875 0.578369140625 0.387451171875 0.57177734375 0.380615234375 0.565673828125 0.377197265625 0.564453125 0.372802734375 0.5654296875 0.365966796875 0.57177734375 0.359375 0.580078125 0.348876953125 0.589599609375 0.344482421875 0.595703125 0.329345703125 0.60986328125 0.306396484375 0.63427734375 0.302978515625 0.63671875 0.299072265625 0.637939453125 0.29150390625 0.6337890625 0.286865234375 0.63427734375 0.2822265625 0.6455078125 0.2783203125 0.647705078125 0.274169921875 0.654296875 0.27392578125 0.656982421875 0.275146484375 0.6591796875
1 0.658935546875 0.5654296875 0.673095703125 0.572509765625 0.677978515625 0.572509765625 0.68017578125 0.571533203125 0.688232421875 0.566162109375 0.693359375 0.560302734375 0.693603515625 0.552734375 0.69140625 0.5458984375 0.68603515625 0.539794921875 0.67529296875 0.53466796875 0.673583984375 0.534423828125 0.669921875 0.5361328125 0.65771484375 0.5458984375 0.656494140625 0.548095703125 0.65625 0.559814453125 0.658935546875 0.5654296875
0 0.540771484375 0.606689453125 0.543701171875 0.609619140625 0.548828125 0.612548828125 0.5615234375 0.616455078125 0.564208984375 0.61865234375 0.592529296875 0.629150390625 0.601806640625 0.6337890625 0.618896484375 0.6396484375 0.62548828125 0.6494140625 0.629638671875 0.65966796875 0.630859375 0.660888671875 0.634521484375 0.66162109375 0.63623046875 0.659423828125 0.64404296875 0.636474609375 0.646240234375 0.632568359375 0.65185546875 0.61572265625 0.6533203125 0.60791015625 0.652587890625 0.605224609375 0.650146484375 0.603759765625 0.64306640625 0.60693359375 0.634033203125 0.60888671875 0.626708984375 0.608154296875 0.60107421875 0.60009765625 0.572265625 0.587890625 0.549560546875 0.58056640625 0.544921875 0.58251953125 0.53955078125 0.599609375 0.539306640625 0.603759765625 0.540771484375 0.606689453125
0 0.324951171875 0.29296875 0.33447265625 0.310791015625 0.343017578125 0.320068359375 0.345458984375 0.3212890625 0.349853515625 0.32080078125 0.353515625 0.319580078125 0.359375 0.3154296875 0.36376953125 0.30517578125 0.368896484375 0.299560546875 0.40478515625 0.279541015625 0.420654296875 0.26904296875 0.423583984375 0.2646484375 0.423828125 0.25830078125 0.422607421875 0.25537109375 0.415771484375 0.2470703125 0.407958984375 0.247802734375 0.353271484375 0.279052734375 0.35009765625 0.27978515625 0.345703125 0.277587890625 0.34130859375 0.27685546875 0.33544921875 0.27880859375 0.325927734375 0.28466796875 0.323974609375 0.287353515625 0.324951171875 0.29296875
0 0.496337890625 0.66259765625 0.50146484375 0.66748046875 0.518310546875 0.675048828125 0.5322265625 0.68359375 0.536865234375 0.68896484375 0.54150390625 0.6865234375 0.544921875 0.679931640625 0.544921875 0.673828125 0.53857421875 0.67333984375 0.513671875 0.661376953125 0.50537109375 0.658447265625 0.4970703125 0.657958984375 0.495849609375 0.6591796875 0.496337890625 0.66259765625
0 0.376708984375 0.32177734375 0.37939453125 0.323974609375 0.394287109375 0.32861328125 0.458251953125 0.3427734375 0.4599609375 0.345703125 0.460693359375 0.351806640625 0.462646484375 0.355712890625 0.466796875 0.359375 0.470703125 0.359619140625 0.4767253421875 0.3583984375 0.486083984375 0.359375 0.48974609375 0.3583984375 0.49365234375 0.355224609375 0.496337890625 0.34912109375 0.498779296875 0.339111328125 0.499267578125 0.31982421875 0.498046875 0.318359375 0.494873046875 0.318603515625 0.4873046875 0.31494140625 0.482177734375 0.309326171875 0.474365234375 0.308349609375 0.470703125 0.310791015625 0.46630859375 0.318603515625 0.46240234375 0.319580078125 0.438720703125 0.315185546875 0.43505859375 0.3134765625 0.426513671875 0.3125 0.384765625 0.302001953125 0.376708984375 0.302978515625 0.374267578125 0.30615234375 0.374755859375 0.31689453125 0.376708984375 0.32177734375
1 0.25146484375 0.55712890625 0.259033203125 0.56591796875 0.26708984375 0.570068359375 0.2763671875 0.571044921875 0.2861328125 0.56884765625 0.29150390625 0.56591796875 0.294921875 0.562744140625 0.300048828125 0.5537109375 0.30126953125 0.54833984375 0.30126953125 0.5419921875 0.300048828125 0.5361328125 0.296142578125 0.529296875 0.291015625 0.524169921875 0.2880859375 0.52294921875 0.269287109375 0.521240234375 0.263916015625 0.521728515625 0.25537109375 0.528564453125 0.248779296875 0.536865234375 0.2490234375 0.54833984375 0.25146484375 0.55712890625
0 0.363037109375 0.545166015625 0.36865234375 0.55078125 0.375244140625 0.5517578125 0.384765625 0.54833984375 0.396728515625 0.54638671875 0.41259765625 0.5390625 0.423095703125 0.535400390625 0.4248046875 0.535888671875 0.431640625 0.54248046875 0.436279296875 0.54248046875 0.443359375 0.540771484375 0.45751953125 0.5361328125 0.462890625 0.533447265625 0.464599609375 0.528564453125 0.464599609375 0.524658203125 0.458984375 0.50244140625 0.45654296875 0.499267578125 0.453369140625 0.48876953125 0.44775390625 0.484375 0.443359375 0.484130859375 0.4169921875 0.49267578125 0.414306640625 0.504150390625 0.412841796875 0.505859375 0.39306640625 0.51416015625 0.36572265625 0.523193359375 0.36083984375 0.526123046875 0.359130859375 0.530029296875 0.35986328125 0.5390625 0.363037109375 0.545166015625
0 0.221923828125 0.5146484375 0.222900390625 0.518798828125 0.224853515625 0.521728515625 0.2314453125 0.524658203125 0.248046875 0.52685546875 0.25146484375 0.5283203125 0.255859375 0.52685546875 0.262939453125 0.52099609375 0.2666015625 0.520263671875 0.279052734375 0.52197265625 0.28369140625 0.521728515625 0.291259765625 0.5234375 0.294677734375 0.525146484375 0.29833984375 0.523193359375 0.313232421875 0.52490234375 0.322509765625 0.52490234375 0.327392578125 0.521728515625 0.329345703125 0.51611328125 0.328857421875 0.498291015625 0.325927734375 0.49560546875 0.2705078125 0.4873046875 0.26611328125 0.48486328125 0.263427734375 0.4765625 0.2578125 0.474853515625 0.235107421875 0.47314453125 0.232421875 0.473388671875 0.228515625 0.4755859375 0.226806640625 0.477783203125 0.22509765625 0.48388671875 0.22216796875 0.5009765625 0.221435546875 0.507080078125 0.221923828125 0.5146484375
1 0.396484375 0.571533203125 0.40380859375 0.57470703125 0.411376953125 0.576171875 0.414306640625 0.57568359375 0.422119140625 0.5703125 0.427490234375 0.564208984375 0.4267578125 0.5556640625 0.423583984375 0.548095703125 0.421142578125 0.545654296875 0.416259765625 0.54345703125 0.41064453125 0.54248046875 0.40380859375 0.54345703125 0.39794921875 0.546630859375 0.392822265625 0.553955078125 0.391845703125 0.55712890625 0.396484375 0.571533203125
0 0.60302734375 0.49951171875 0.603759765625 0.500732421875 0.607177734375 0.501953125 0.6103515625 0.501220703125 0.61376953125 0.5029296875 0.615234375 0.505615234375 0.61572265625 0.513916015625 0.62158203125 0.5478515625 0.626220703125 0.562744140625 0.630859375 0.565673828125 0.638671875 0.56591796875 0.6572265625 0.560302734375 0.658447265625 0.557861328125 0.6572265625 0.548583984375 0.657958984375 0.545166015625 0.654052734375 0.53955078125 0.653564453125 0.526611328125 0.656005859375 0.523193359375 0.659423828125 0.52197265625 0.671142578125 0.51318359375 0.67333984375 0.514404296875 0.677490234375 0.513671875 0.6787109375 0.507568359375 0.677490234375 0.5 0.673828125 0.4951171875 0.669189453125 0.49560546875 0.666015625 0.4921875 0.657470703125 0.4921875 0.6552734375 0.4912109375 0.654052734375 0.48876953125 0.652099609375 0.48828125 0.650634765625 0.484375 0.651611328125 0.466064453125 0.649658203125 0.463134765625 0.6474609375 0.462158203125 0.63818359375 0.462158203125 0.61279296875 0.46728515625 0.603759765625 0.468017578125 0.600830078125 0.46923828125 0.598876953125 0.471923828125 0.5986328125 0.480712890625 0.60302734375 0.49951171875
1 0.591064453125 0.31005859375 0.605712890625 0.328369140625 0.61279296875 0.328857421875 0.630615234375 0.327392578125 0.634033203125 0.32568359375 0.635986328125 0.322998046875 0.64599609375 0.30224609375 0.6474609375 0.294189453125 0.646240234375 0.284912109375 0.638916015625 0.2744140625 0.635009765625 0.271728515625 0.626708984375 0.269287109375 0.611572265625 0.270263671875 0.607177734375 0.27197265625 0.601318359375 0.278076171875 0.5947265625 0.290283203125 0.59033203125 0.302001953125 0.58984375 0.307373046875 0.591064453125 0.31005859375
0 0.466552734375 0.720703125 0.470703125 0.729736328125 0.470703125 0.7333984375 0.4677734375 0.73876953125 0.46484375 0.74169921875 0.46484375 0.74462890625 0.4716796875 0.765380859375 0.474853515625 0.76708984375 0.486328125 0.76513671875 0.497314453125 0.760009765625 0.502197265625 0.75927734375 0.510498046875 0.754638671875 0.51171875 0.753173828125 0.511962890625 0.749755859375 0.505859375 0.729736328125 0.50244140625 0.72705078125 0.496337890625 0.727294921875 0.493408203125 0.724853515625 0.490966796875 0.718017578125 0.490234375 0.7119140625 0.486328125 0.701904296875 0.482421875 0.69921875 0.474609375 0.699951171875 0.466552734375 0.703369140625 0.46533203125 0.70654296875 0.465087890625 0.71484375 0.466552734375 0.720703125
0 0.766357421875 0.583251953125 0.775146484375 0.591552734375 0.78271484375 0.596923828125 0.803466796875 0.60693359375 0.8115234375 0.608154296875 0.817626953125 0.606689453125 0.8203125 0.603515625 0.820068359375 0.5947265625 0.817626953125 0.5849609375 0.81884765625 0.578125 0.830078125 0.562744140625 0.838623046875 0.549072265625 0.842041015625 0.54541015625 0.857177734375 0.52197265625 0.8583984375 0.513427734375 0.85595703125 0.507568359375 0.851806640625 0.50439453125 0.841796875 0.500244140625 0.83740234375 0.500244140625 0.830078125 0.503173828125 0.8212890625 0.51123046875 0.815185546875 0.520751953125 0.81103515625 0.52490234375 0.80712890625 0.531494140625 0.802490234375 0.536865234375 0.799560546875 0.54248046875 0.79443359375 0.5478515625 0.787109375 0.561279296875 0.784912109375 0.56298828125 0.771240234375 0.565673828125 0.7666015625 0.568359375 0.76416015625 0.571533203125 0.764404296875 0.578369140625 0.766357421875 0.583251953125