1 0.460693359375 0.65576171875 0.46337890625 0.662353515625 0.468505859375 0.668212890625 0.47412109375 0.66943359375 0.48486328125 0.6689453125 0.490234375 0.66748046875 0.498046875 0.6513671875 0.497802734375 0.646240234375 0.493896484375 0.638916015625 0.489990234375 0.63330078125 0.486083984375 0.63037109375 0.466796875 0.632080078125 0.458740234375 0.649169921875 0.458984375 0.65380859375 0.460693359375 0.65576171875
1 0.329833984375 0.597900390625 0.333740234375 0.603759765625 0.337158203125 0.60693359375 0.345703125 0.610595703125 0.35498046875 0.611572265625 0.365966796875 0.6083984375 0.377197265625 0.5986328125 0.38134765625 0.591796875 0.382568359375 0.5830078125 0.38037109375 0.571533203125 0.376953125 0.565185546875 0.372314453125 0.560791015625 0.366455078125 0.556884765625 0.3623046875 0.555419921875 0.352783203125 0.5546875 0.34326171875 0.55712890625 0.332275390625 0.56591796875 0.327880859375 0.572265625 0.326416015625 0.576904296875 0.326171875 0.589599609375 0.329833984375 0.597900390625
0 0.47021484375 0.69775390625 0.495849609375 0.67822265625 0.510498046875 0.67138671875 0.509765625 0.666748046875 0.501953125 0.65576171875 0.498046875 0.653564453125 0.4921875 0.66357421875 0.466064453125 0.688232421875 0.462646484375 0.693603515625 0.462646484375 0.69775390625 0.47021484375 0.69775390625
0 0.626708984375 0.621337890625 0.6357421875 0.62890625 0.638427734375 0.63037109375 0.642578125 0.630615234375 0.647705078125 0.62744140625 0.6513671875 0.622314453125 0.661865234375 0.611572265625 0.6650390625 0.606689453125 0.67041015625 0.6015625 0.6904296875 0.57666015625 0.701171875 0.565673828125 0.70458984375 0.560791015625 0.716064453125 0.550048828125 0.7197265625 0.549072265625 0.728271484375 0.553955078125 0.732177734375 0.55419921875 0.73388671875 0.552490234375 0.735107421875 0.550537109375 0.7353515625 0.54443359375 0.7364909671875 0.5415852046875 0.7412109375 0.537109375 0.744140625 0.53125 0.7412109375 0.52490234375 0.736572265625 0.518798828125 0.717041015625 0.50439453125 0.708984375 0.502685546875 0.70458984375 0.5029296875 0.7021484375 0.50439453125 0.69921875 0.508056640625 0.687255859375 0.515625 0.6865234375 0.51904296875 0.69384765625 0.530029296875 0.693115234375 0.533203125 0.663818359375 0.565673828125 0.66015625 0.572509765625 0.654052734375 0.578125 0.648193359375 0.586181640625 0.63818359375 0.594970703125 0.625732421875 0.613037109375 0.625 0.6162109375 0.626708984375 0.621337890625
1 0.7255859375 0.240478515625 0.72802734375 0.246337890625 0.731689453125 0.24853515625 0.744140625 0.251953125 0.75634765625 0.243408203125 0.7626953125 0.232666015625 0.76318359375 0.22314453125 0.760986328125 0.217041015625 0.755615234375 0.212890625 0.75146484375 0.211181640625 0.74365234375 0.210693359375 0.736328125 0.21337890625 0.72998046875 0.218994140625 0.727294921875 0.225341796875 0.7265625 0.23095703125 0.726806640625 0.2353515625 0.7255859375 0.240478515625
0 0.536865234375 0.24072265625 0.550537109375 0.250732421875 0.59326171875 0.28857421875 0.59619140625 0.28955078125 0.596923828125 0.291748046875 0.59521484375 0.2958984375 0.59423828125 0.30224609375 0.595458984375 0.30908203125 0.59716796875 0.310791015625 0.602783203125 0.31298828125 0.607421875 0.316650390625 0.6142578125 0.320068359375 0.61865234375 0.321533203125 0.623046875 0.3212890625 0.63037109375 0.316650390625 0.640869140625 0.3046875 0.64794921875 0.292724609375 0.6484375 0.289306640625 0.6474609375 0.287353515625 0.64208984375 0.283935546875 0.63525390625 0.27294921875 0.634521484375 0.270263671875 0.630859375 0.266845703125 0.625 0.26708984375 0.614990234375 0.2724609375 0.611328125 0.272216796875 0.6064453125 0.26708984375 0.59912109375 0.262451171875 0.583740234375 0.24853515625 0.5634765625 0.232666015625 0.552734375 0.221923828125 0.544921875 0.21630859375 0.541015625 0.217529296875 0.53857421875 0.219970703125 0.53369140625 0.228515625 0.5341796875 0.23486328125 0.536865234375 0.24072265625
0 0.77880859375 0.642333984375 0.78271484375 0.649658203125 0.782470703125 0.654541015625 0.78564453125 0.662109375 0.78515625 0.66552734375 0.785888671875 0.66796875 0.7890625 0.67138671875 0.791259765625 0.67724609375 0.791748046875 0.681640625 0.795166015625 0.68896484375 0.795166015625 0.69189453125 0.7978515625 0.694580078125 0.79833984375 0.704833984375 0.796142578125 0.70654296875 0.788330078125 0.709228515625 0.787841796875 0.712890625 0.794189453125 0.732421875 0.798583984375 0.741455078125 0.802734375 0.74462890625 0.818603515625 0.74462890625 0.841796875 0.73876953125 0.85693359375 0.73291015625 0.8583984375 0.72998046875 0.858154296875 0.7275390625 0.85009765625 0.705322265625 0.8486328125 0.69775390625 0.845947265625 0.69580078125 0.838623046875 0.69677734375 0.8359375 0.6962890625 0.832275390625 0.691162109375 0.830078125 0.686279296875 0.8291015625 0.68017578125 0.8251953125 0.67138671875 0.824951171875 0.66845703125 0.8212890625 0.6611328125 0.820556640625 0.65673828125 0.81689453125 0.6484375 0.814208984375 0.6357421875 0.81103515625 0.629150390625 0.808837890625 0.62744140625 0.804443359375 0.62646484375 0.7939453125 0.626708984375 0.790771484375 0.62744140625 0.781494140625 0.633056640625 0.778564453125 0.635986328125 0.77880859375 0.642333984375
0 0.400146484375 0.644775390625 0.4033203125 0.654052734375 0.407470703125 0.656494140625 0.4296875 0.65380859375 0.436279296875 0.64453125 0.442626953125 0.642333984375 0.462890625 0.639404296875 0.467041015625 0.631103515625 0.46826171875 0.63037109375 0.4658203125 0.6259765625 0.4638671875 0.61669921875 0.460205078125 0.61474609375 0.4462890625 0.614990234375 0.434326171875 0.61767578125 0.43017578125 0.615966796875 0.427490234375 0.609375 0.4228515625 0.60888671875 0.40380859375 0.611572265625 0.400634765625 0.61376953125 0.39892578125 0.618408203125 0.398681640625 0.634033203125 0.400146484375 0.644775390625
0 0.72509765625 0.345947265625 0.72216796875 0.357421875 0.7177734375 0.38427734375 0.714599609375 0.3916015625 0.702880859375 0.40185546875 0.698486328125 0.410888671875 0.7001953125 0.41650390625 0.703857421875 0.422119140625 0.7060546875 0.423828125 0.722900390625 0.42919921875 0.731201171875 0.4306640625 0.7373046875 0.4306640625 0.74951171875 0.42822265625 0.756103515625 0.425537109375 0.76025390625 0.42333984375 0.76318359375 0.41943359375 0.763671875 0.413330078125 0.76220703125 0.41259765625 0.76025390625 0.4072265625 0.75634765625 0.40185546875 0.75244140625 0.398681640625 0.751953125 0.396728515625 0.752197265625 0.39013671875 0.755126953125 0.37353515625 0.7548828125 0.369384765625 0.756103515625 0.365966796875 0.7607421875 0.335205078125 0.76123046875 0.3251953125 0.757568359375 0.3134765625 0.752197265625 0.310791015625 0.74365234375 0.310791015625 0.738525390625 0.31298828125 0.731201171875 0.318359375 0.726806640625 0.328369140625 0.72509765625 0.339111328125 0.72509765625 0.345947265625
1 0.572509765625 0.494140625 0.57666015625 0.495849609375 0.5947265625 0.493896484375 0.603515625 0.492431640625 0.607421875 0.489990234375 0.618896484375 0.463134765625 0.619140625 0.459716796875 0.614990234375 0.45068359375 0.611328125 0.4453125 0.603271484375 0.437255859375 0.595703125 0.434814453125 0.587158203125 0.434814453125 0.575927734375 0.43701171875 0.569091796875 0.440185546875 0.556640625 0.464111328125 0.555908203125 0.467041015625 0.556396484375 0.47314453125 0.572509765625 0.494140625
1 0.48291015625 0.720703125 0.4892578125 0.728515625 0.49755859375 0.734619140625 0.507568359375 0.73876953125 0.517822265625 0.738525390625 0.524658203125 0.73583984375 0.533203125 0.73046875 0.540283203125 0.723876953125 0.54248046875 0.712890625 0.54248046875 0.694091796875 0.54150390625 0.688720703125 0.53857421875 0.68603515625 0.52392578125 0.677734375 0.51513671875 0.67138671875 0.509521484375 0.670166015625 0.498046875 0.679443359375 0.4912109375 0.68212890625 0.482421875 0.691650390625 0.482177734375 0.71533203125 0.48291015625 0.720703125
1 0.668701171875 0.43408203125 0.673828125 0.443359375 0.689208984375 0.4462890625 0.69482421875 0.442626953125 0.7041015625 0.430908203125 0.705078125 0.42822265625 0.7041015625 0.422119140625 0.702392578125 0.418212890625 0.69873046875 0.41357421875 0.697021484375 0.408447265625 0.695556640625 0.40771484375 0.693359375 0.4072265625 0.68994140625 0.409423828125 0.685302734375 0.4091796875 0.68115234375 0.410400390625 0.67626953125 0.413330078125 0.67333984375 0.4169921875 0.667724609375 0.428466796875 0.668701171875 0.43408203125
1 0.412841796875 0.544921875 0.41552734375 0.54833984375 0.42041015625 0.550537109375 0.43994140625 0.55810546875 0.447021484375 0.559326171875 0.470703125 0.54052734375 0.470703125 0.53466796875 0.4677734375 0.526611328125 0.4638671875 0.507568359375 0.45849609375 0.504150390625 0.443115234375 0.498046875 0.43505859375 0.4970703125 0.4296875 0.498779296875 0.41943359375 0.505615234375 0.410400390625 0.515380859375 0.41064453125 0.52734375 0.412841796875 0.544921875
0 0.64990234375 0.3017578125 0.64990234375 0.31103515625 0.651123046875 0.31884765625 0.653564453125 0.32421875 0.658203125 0.326904296875 0.662353515625 0.326904296875 0.66748046875 0.32470703125 0.67333984375 0.318603515625 0.681640625 0.31396484375 0.729248046875 0.3173828125 0.74462890625 0.31103515625 0.752197265625 0.31103515625 0.760009765625 0.313720703125 0.76318359375 0.311767578125 0.76416015625 0.31005859375 0.768310546875 0.29443359375 0.767578125 0.289306640625 0.763916015625 0.283203125 0.688720703125 0.281005859375 0.68115234375 0.27978515625 0.676513671875 0.275634765625 0.670654296875 0.266357421875 0.66552734375 0.26416015625 0.662109375 0.263916015625 0.658935546875 0.266357421875 0.6552734375 0.27294921875 0.653076171875 0.27880859375 0.651611328125 0.287353515625 0.6494140625 0.290283203125 0.648681640625 0.29931640625 0.64990234375 0.3017578125
0 0.092041015625 0.24169921875 0.107421875 0.252685546875 0.110107421875 0.252685546875 0.115234375 0.256103515625 0.118408203125 0.256591796875 0.12744140625 0.25537109375 0.130126953125 0.255859375 0.14599609375 0.263671875 0.177001953125 0.281982421875 0.189208984375 0.287353515625 0.193115234375 0.285888671875 0.1982421875 0.278564453125 0.198974609375 0.27587890625 0.1982421875 0.27001953125 0.197021484375 0.26708984375 0.193359375 0.262939453125 0.140625 0.2333984375 0.135498046875 0.229248046875 0.1337890625 0.22314453125 0.1318359375 0.219970703125 0.119384765625 0.211181640625 0.111572265625 0.2080078125 0.10205078125 0.208251953125 0.093017578125 0.216552734375 0.0888671875 0.2265625 0.088623046875 0.234619140625 0.092041015625 0.24169921875
1 0.69140625 0.247314453125 0.69580078125 0.2490234375 0.708740234375 0.248291015625 0.71923828125 0.242919921875 0.724365234375 0.242431640625 0.727294921875 0.240478515625 0.72900390625 0.23583984375 0.728271484375 0.22021484375 0.724853515625 0.2177734375 0.722900390625 0.214111328125 0.720458984375 0.212890625 0.7099609375 0.214111328125 0.70458984375 0.216552734375 0.701171875 0.219970703125 0.697021484375 0.22216796875 0.691162109375 0.228759765625 0.68994140625 0.232177734375 0.688720703125 0.240966796875 0.69140625 0.247314453125
0 0.4619140625 0.611083984375 0.466796875 0.61328125 0.47119140625 0.614013671875 0.513671875 0.63232421875 0.51513671875 0.635498046875 0.51513671875 0.644287109375 0.517333984375 0.647705078125 0.541015625 0.658447265625 0.548583984375 0.658447265625 0.552734375 0.653564453125 0.560546875 0.6376953125 0.56982421875 0.61279296875 0.568115234375 0.606689453125 0.56396484375 0.60400390625 0.544189453125 0.59521484375 0.537109375 0.593505859375 0.533203125 0.59619140625 0.529296875 0.6005859375 0.525146484375 0.6005859375 0.521240234375 0.59765625 0.501708984375 0.59033203125 0.490234375 0.584716796875 0.473388671875 0.5791015625 0.467529296875 0.579345703125 0.462890625 0.58203125 0.458251953125 0.58935546875 0.45703125 0.593994140625 0.45703125 0.60400390625 0.4619140625 0.611083984375
1 0.630859375 0.38427734375 0.63134765625 0.38671875 0.6328125 0.389892578125 0.638427734375 0.393798828125 0.642578125 0.39892578125 0.661865234375 0.41357421875 0.66650390625 0.4150390625 0.673095703125 0.4150390625 0.68505859375 0.409423828125 0.697265625 0.406494140625 0.712646484375 0.3935546875 0.716552734375 0.38720703125 0.72021484375 0.369873046875 0.720703125 0.362060546875 0.719970703125 0.3564453125 0.718017578125 0.35205078125 0.71044921875 0.343994140625 0.70458984375 0.338623046875 0.6943359375 0.33154296875 0.685546875 0.328125 0.676513671875 0.32763671875 0.654052734375 0.3330078125 0.64892578125 0.33642578125 0.64111328125 0.33984375 0.638427734375 0.34326171875 0.6376953125 0.346923828125 0.63330078125 0.377197265625 0.630859375 0.38427734375
0 0.753662109375 0.463134765625 0.754150390625 0.46630859375 0.76220703125 0.474365234375 0.762939453125 0.47802734375 0.76904296875 0.482666015625 0.773193359375 0.489501953125 0.783935546875 0.50146484375 0.78515625 0.504638671875 0.7841796875 0.509033203125 0.7802734375 0.51318359375 0.7802734375 0.51904296875 0.7861328125 0.528076171875 0.794921875 0.5390625 0.798583984375 0.5419921875 0.802734375 0.542236328125 0.8076171875 0.538330078125 0.823486328125 0.53076171875 0.826904296875 0.52734375 0.83349609375 0.523681640625 0.846923828125 0.51318359375 0.84765625 0.50927734375 0.84619140625 0.50537109375 0.8310546875 0.486572265625 0.826416015625 0.48291015625 0.818603515625 0.485595703125 0.812744140625 0.484619140625 0.7998046875 0.466796875 0.773193359375 0.4365234375 0.771240234375 0.435546875 0.765869140625 0.43701171875 0.755615234375 0.442626953125 0.750244140625 0.448486328125 0.748291015625 0.45361328125 0.748046875 0.45751953125 0.753662109375 0.463134765625
1 0.7548828125 0.269775390625 0.76416015625 0.279052734375 0.767578125 0.2802734375 0.7783203125 0.279052734375 0.783203125 0.27783203125 0.787353515625 0.2734375 0.79296875 0.263916015625 0.795166015625 0.2548828125 0.791748046875 0.24658203125 0.7890625 0.243896484375 0.782958984375 0.24072265625 0.774169921875 0.240478515625 0.76416015625 0.244140625 0.758056640625 0.252197265625 0.75439453125 0.261474609375 0.75390625 0.26708984375 0.7548828125 0.269775390625