1 0.491455696875 0.4505213859375 0.48263652187500006 0.45502090937500006 0.47611757812500005 0.4592645015625 0.47408059687500004 0.4617566984375 0.47266312031249996 0.474868071875 0.47329537187500004 0.4830336953125 0.47209988437500006 0.487084790625 0.47342812656250005 0.491148278125 0.4749401171875 0.49351214531250004 0.47972508124999996 0.4959649640625 0.48185506718750004 0.4996194046875 0.4971039515625 0.5080511515625 0.5019541624999999 0.5075648125 0.5231017328124999 0.496469490625 0.5272941953125 0.49272463125000004 0.5280554328125 0.4856833390625 0.5282901718749999 0.47416950937499996 0.5270399234375 0.4647133125 0.5232929484375 0.4596662171875 0.5127105265624999 0.45244775312499996 0.5037848453125 0.4485898875 0.4987636359375 0.4483222984375 0.491455696875 0.4505213859375
1 0.3850729734375 0.296769465625 0.385033275 0.2994658203125 0.3901997421875 0.3085764046875 0.39045475 0.3132662234375 0.3989125703125 0.3204978140625 0.40641985937499997 0.32468816718750004 0.4100593609375 0.3243170328125 0.4183545515625 0.31901254218749997 0.419772328125 0.3154725734375 0.417737653125 0.310604115625 0.41887446875 0.3072814296875 0.4140301953125 0.3045858078125 0.41266432656249996 0.298311571875 0.4102952484375 0.2941460046875 0.40597319687500005 0.29371217031249996 0.398238390625 0.28925349375 0.39045090937500004 0.2899447234375 0.3850729734375 0.296769465625
1 0.317770978125 0.2302786390625 0.3160554265625 0.2342786953125 0.31540412500000004 0.23789522500000002 0.31668244843750004 0.2448978703125 0.32561169687499997 0.2590555484375 0.3298694640625 0.26218573749999996 0.33851707656249996 0.2625678 0.3474038015625 0.26076463125 0.3502238390625 0.25834899375 0.3540010890625 0.2518567390625 0.354997775 0.2450837703125 0.3533869703125 0.23878401249999998 0.346959703125 0.22978863437500002 0.3430609875 0.225712753125 0.338870021875 0.22430770625 0.32974341875 0.2236318015625 0.32206745312499996 0.2260481734375 0.317770978125 0.2302786390625
1 0.42751337500000003 0.1872476984375 0.4167783 0.18860390625 0.40784189375 0.19431744374999999 0.40247586249999995 0.20432414687499997 0.39949931875 0.22022155937500001 0.40314982343750005 0.233114915625 0.4059983375 0.23708871875 0.4185597953125 0.249175640625 0.42142103437499995 0.2506958921875 0.4256863125 0.2508869234375 0.446565640625 0.24664113125 0.4494920265625 0.24522222500000002 0.45281153906249993 0.2401612703125 0.4589114078125 0.2233560765625 0.45894959062499996 0.21599542187499998 0.4587518984375 0.21081999687500003 0.4572946921875 0.2079705234375 0.452805515625 0.2028468703125 0.4502849859375 0.1981701765625 0.44390578593749996 0.191871153125 0.43698893749999995 0.1882174453125 0.42751337500000003 0.1872476984375
0 0.31700331406250004 0.511708665625 0.309184475 0.5354530734375 0.30693859218749997 0.5376769484375 0.2973008203125 0.5386496265625 0.294519925 0.5435188171875 0.28919435 0.56040056875 0.28568246406250003 0.56740395 0.2856176390625 0.5703431078125 0.2891444390625 0.5748790765625 0.300833615625 0.5804999953125 0.30426875937500003 0.5835536265625 0.3127970046875 0.5859036328125 0.3341105390625 0.588341125 0.34244206093749996 0.58551570625 0.34502698125000003 0.5801353890625001 0.34497407343750003 0.5759566953124999 0.350012765625 0.5617457796875 0.3492802765625 0.55455136875 0.3443034125 0.5471659265625 0.343924128125 0.5436901234375 0.3483234859375 0.533095734375 0.34849263124999996 0.5291853640624999 0.3511297125 0.523319440625 0.355723546875 0.503907578125 0.35747315625 0.5016326640625001 0.3583337984375 0.493620159375 0.35756256406250003 0.489122103125 0.355394175 0.48595326875 0.3432087265625 0.480281309375 0.33328332656250004 0.47926052343750003 0.32584002343749996 0.48315923437499997 0.3214406671875 0.4937536234375 0.31700331406250004 0.511708665625
0 0.41480414843749996 0.277532575 0.412579765625 0.28172439531250004 0.41173839843750004 0.289494096875 0.40743386875 0.2942101703125 0.4086456015625 0.2970341234375 0.40780347656249993 0.30013952499999996 0.40913390625 0.3042030140625 0.4118991765625 0.306694478125 0.41835071875 0.3078435953125 0.4196413296875 0.30993913906250004 0.41779857187499997 0.3129424625 0.4178654359375 0.3193319046875 0.4166018734375 0.3216578578125 0.41770843593749996 0.32545302343750004 0.4158664328125 0.333120646875 0.41597235781249997 0.336813734375 0.4141694171875 0.341785003125 0.41119833593750005 0.369221765625 0.4118068453125 0.3869587921875 0.4106236734375 0.39788493593749996 0.411546184375 0.4033797234375 0.413732259375 0.4065485578125 0.429913703125 0.40893574531250004 0.4317174 0.4086287765625 0.43345498750000006 0.40659666562499996 0.43621799218749996 0.3950952296875 0.444158403125 0.32176866406250004 0.44678994375 0.31148124374999997 0.452977803125 0.31039409375 0.4593098953125 0.305639375 0.46057345781250003 0.303313421875 0.4579787125 0.2969115859375 0.458819325 0.284477584375 0.45808161875 0.2819474734375 0.45556650468750004 0.279481528125 0.4439397515625 0.2724037890625 0.43276148281250004 0.2705269953125 0.42365059531249993 0.2705795015625 0.4194910546875 0.27629230625 0.41480414843749996 0.277532575
0 0.1998427765625 0.508468475 0.19318468125 0.4959972921875 0.1848501984375 0.4875261671875 0.1774525734375 0.484307025 0.17243453125 0.4845250421875 0.1636987640625 0.486813815625 0.1569524125 0.4915174953125 0.15554899687499998 0.4953002671875 0.15514696562500002 0.5013958671875 0.1579953515625 0.5097911671875 0.1768896234375 0.540955996875 0.17923063749999998 0.547089509375 0.1864213203125 0.556915375 0.191402284375 0.5687223140625 0.189921728125 0.5778977953125 0.18597109375 0.58681808125 0.186166925 0.5919935078125 0.18926157187499998 0.595750028125 0.1955799296875 0.5973847515624999 0.203145934375 0.5966935203125 0.2268438421875 0.5876040578125 0.23839979687500001 0.5799604875 0.244755978125 0.57423455625 0.2466014859375 0.5709884296875 0.24693824062499997 0.5631676875 0.2440906 0.5594366875000001 0.23170089374999997 0.5561927609375 0.2235229265625 0.550929115625 0.2211819109375 0.5447956031250001 0.20988184375 0.526689640625 0.2063443578125 0.5177321765625 0.1998427765625 0.508468475
1 0.6158692953125 0.5299354171874999 0.6178252671875 0.551493128125 0.619935996875 0.557601121875 0.621299034375 0.5589682546875 0.640039103125 0.5672716703125 0.6473514984375 0.5694940796875 0.655829534375 0.5679081953125 0.67387199375 0.5569922453125 0.678011940625 0.551279440625 0.6788493453125 0.5435097390625 0.6763834546874999 0.5290188390624999 0.6732110062500001 0.5210836249999999 0.6637490046875001 0.5154495781249999 0.646568615625 0.5090244234375 0.6381040375 0.5128210546874999 0.6185811578125 0.5257946359375001 0.6158692953125 0.5299354171874999
1 0.70966043125 0.579285628125 0.706572740625 0.582161353125 0.6998987421875 0.592526065625 0.699032725 0.6005385703125 0.70115018125 0.6113108640625 0.7037002703125 0.6157447546875 0.7086684765625 0.62116225 0.718906309375 0.62687285625 0.7283418453125 0.6283282078125 0.74054940625 0.6251571734375 0.7495762906250001 0.6187152265625 0.7557246765625 0.6085422781250001 0.75525004375 0.5989198359375 0.7525807296875 0.5885821109375 0.7480856499999999 0.58345845625 0.736007796875 0.576086875 0.7308693890625 0.5745797500000001 0.7238519703125 0.574108003125 0.716072753125 0.5760132484375 0.70966043125 0.579285628125
1 0.34111229062500004 0.58745813125 0.3494517515625 0.5973860765625 0.353627528125 0.5987911234375 0.366300078125 0.5993386953125001 0.3717079375 0.59644984375 0.379977796875 0.5859954468749999 0.3818989046875 0.580052965625 0.38093078281250004 0.57725453125 0.374858084375 0.5675562640625 0.37049624531249997 0.5631865390625 0.351977909375 0.562537621875 0.3473120234375 0.5632922828125 0.343614259375 0.5668453796875 0.338459784375 0.5790883515624999 0.34111229062500004 0.58745813125
0 0.5204468796875 0.21198583593749998 0.5179062890624999 0.21466979687499999 0.509881540625 0.22881728125 0.5022857953125001 0.23662636250000002 0.5016738843749999 0.2400000875 0.50675730625 0.24862506406249998 0.5061327578125 0.254452340625 0.5015467609375001 0.259871303125 0.49644030624999996 0.2701463296875 0.493052853125 0.2737249453125 0.490916740625 0.2796419078125 0.48815458281249996 0.282057546875 0.481706084375 0.29317618749999996 0.48031274062499996 0.2991697078125 0.48101685156249996 0.301942621875 0.48600882187499994 0.3090852609375 0.498141509375 0.3150000234375 0.5036405484375 0.3150758484375 0.5062725921875 0.31387422656249997 0.509712090625 0.3098100046875 0.517437203125 0.29612260625000003 0.5248240187500001 0.28559165000000003 0.5344770624999999 0.2679297171875 0.5394675375 0.2657437546875 0.5435724859375 0.2671488015625 0.5461524828125001 0.266432784375 0.5508819796875 0.2620105546875 0.56074320625 0.2424061953125 0.5611201640625 0.23655339843749998 0.5586435109375001 0.231633903125 0.554629265625 0.2270468953125 0.5402414921875 0.21648095781249999 0.536240634375 0.2141046984375 0.5280047125 0.2115374078125 0.5245644671874999 0.21093732968749998 0.5204468796875 0.21198583593749998
0 0.462670740625 0.329714071875 0.46093773125000004 0.3457390828125 0.46082145781249995 0.35849244687500004 0.46308339218750005 0.360932871875 0.4699734734375 0.362618634375 0.470960778125 0.369838565625 0.467734096875 0.41836055781250003 0.46910251562500005 0.4243919921875 0.4744808921875 0.42837818906249997 0.481870625 0.430114990625 0.49371745 0.4303432015625 0.498082265625 0.4273522703125 0.5047127140625001 0.3683766140625 0.5066580484375 0.3644020765625 0.5131264984375 0.360644090625 0.514059778125 0.35902102812500003 0.516409465625 0.3349579921875 0.5151993484374999 0.3321340390625 0.5115172328125001 0.3288120859375 0.5012871421875 0.3253122296875 0.49284559375 0.3239589546875 0.4732939421875 0.3249075796875 0.46523426093750003 0.327030109375 0.462670740625 0.329714071875
0 0.711903790625 0.74759635 0.702496778125 0.7564408109375 0.6978324625 0.7628309859375 0.6929603656250001 0.7664992859375 0.6889437890625 0.77148368125 0.6726305124999999 0.78673144375 0.6665531453125 0.7900293421875 0.66454485625 0.792521540625 0.6637418390625001 0.7953841390624999 0.6577032593750001 0.797540378125 0.636502003125 0.7986980984375001 0.634830153125 0.7980338546875 0.6344035078125 0.80437225625 0.6374499625000001 0.81082513125 0.6449677484375 0.8197053046875 0.646354921875 0.823040384375 0.650035803125 0.8258767296875 0.652602365625 0.8298250140625001 0.66462993125 0.8384361312499999 0.6700351671875 0.846115415625 0.68444739375 0.8557101390625 0.68588558125 0.8538953109375 0.6870634843750001 0.8451799156250001 0.6862582359375 0.8340496140625 0.689341653125 0.828477534375 0.6982687734375 0.8171284828125 0.70205243125 0.8143293171874999 0.70720920625 0.8079901812499999 0.718909928125 0.7986469890625 0.7409367687499999 0.774171971875 0.7465726921875 0.7656731265625 0.7466754671875 0.7600376140625 0.7419830421875 0.7526776921875 0.7339469171874999 0.7439892828125 0.728814534375 0.7407570156250001 0.725419075 0.739914134375 0.720287434375 0.7413461671875 0.7164002578125 0.7451165468750001 0.711903790625 0.74759635
0 0.3101290046875 0.43410352812499997 0.3032588734375 0.44713907500000005 0.29856608125 0.45377205312499996 0.2930431875 0.458846134375 0.283929865625 0.47189480625 0.27604762968749996 0.480406778125 0.26207283124999997 0.49933449999999996 0.25759976875 0.5015715015625 0.24893773125 0.49871036875 0.2445031390625 0.498251015625 0.24248041874999998 0.49853246562500003 0.2407691734375 0.5005645750000001 0.2405368703125 0.5074141046875 0.23344626562499998 0.520181328125 0.2352751515625 0.5240530531250001 0.24679075 0.532855934375 0.26079590625 0.541671209375 0.26935436562500004 0.5455035546875 0.2736587453125 0.542512625 0.2790514234375 0.5339882593749999 0.283031753125 0.53170021875 0.2865585640625 0.531329084375 0.28876254375 0.5293480125000001 0.2878799109375 0.5236104218750001 0.28402830625000003 0.5200201453125 0.2813434265625 0.5148323265625 0.2817451578125 0.5134010265625 0.29439786875 0.4975276671875 0.2987799296875 0.493808328125 0.3202478078125 0.46534638125 0.323566721875 0.46225337343749995 0.3289076109375 0.4542146140625 0.3324469984375 0.45138992812499995 0.3405363859375 0.44093553124999996 0.3414818953125 0.43440536406249997 0.3393289609375 0.4312365296875 0.33449189218750003 0.42754417499999997 0.3260111140625 0.42298342031249997 0.319683271875 0.4215915 0.3138622265625 0.4271256671875 0.3077038109375 0.43115197656250004 0.3101290046875 0.43410352812499997
1 0.372232375 0.3076081234375 0.36544638749999997 0.30789030624999997 0.352526184375 0.311713190625 0.3399842609375 0.3190118796875 0.3338374140625 0.32500613437500003 0.3304789890625 0.337670546875 0.328828403125 0.36008499843749997 0.329246075 0.3655287484375 0.3343658578125 0.37145737031250003 0.3436667765625 0.3780626296875 0.3519644 0.3823550625 0.360470859375 0.38936936875 0.367778565625 0.393559721875 0.371764246875 0.3937252328125 0.3842935375 0.388880096875 0.40713743437499994 0.37650659375 0.409051121875 0.370321309375 0.411520684375 0.3379264046875 0.4109855875 0.33124312031250003 0.40856206874999995 0.32583801874999996 0.40337763281249994 0.322848553125 0.39563962343750003 0.315668003125 0.3922269328125 0.314825121875 0.3813370921875 0.30903795624999997 0.372232375 0.3076081234375
0 0.5244780375 0.7601617578125001 0.52784763125 0.7663973484375 0.5285188484375001 0.7672023171875 0.52957146875 0.7668187890625 0.53186065625 0.7643521109375 0.5551759828125 0.7544576796875 0.559294115625 0.7514412296875 0.5721230265624999 0.747350021875 0.5755699453124999 0.743528603125 0.576226890625 0.7374585234375 0.5723182234374999 0.7338682484375 0.5522523546875 0.7394301343749999 0.5433974265625 0.744172459375 0.5301210390625 0.7477270218750001 0.5225154359374999 0.7479326453125 0.5220687140625 0.7520603 0.5244780375 0.7601617578125001
0 0.7792569312500001 0.3731639015625 0.7672791328125 0.37121055 0.7633793171875001 0.37204177031249996 0.7591098875 0.3762722375 0.7565859500000001 0.3831348921875 0.7509105218750001 0.4400018796875 0.74986655 0.44259615625000004 0.743204428125 0.4478109609375 0.7411428859375 0.45275671093750003 0.7391884625 0.466059846875 0.7396523734375 0.473471540625 0.743380965625 0.476550690625 0.756535496875 0.4793600515625 0.7676405484375 0.479997309375 0.7770001093750001 0.47800237812499996 0.7818646953124999 0.47530528906249997 0.78424380625 0.4721102015625 0.78599984375 0.4582959390625 0.78498075625 0.4513188125 0.7832088625 0.4489294265625 0.7784755234375 0.44574819843749997 0.7779331671875 0.4437292140625 0.783159021875 0.38632558125 0.7825495265625 0.3779171546875 0.7792569312500001 0.3731639015625
0 0.5703222578125 0.7447688718750001 0.5599084578125 0.74714733125 0.5573845656249999 0.7493456859375 0.5503671265625 0.750841884375 0.545914309375 0.7567719734375 0.5491259234375 0.7575893359375 0.550526240625 0.754049365625 0.5521648484375 0.7529884671875 0.5547950703125 0.7544832 0.5552467734375 0.7690127453125 0.554534178125 0.77556843125 0.553014715625 0.777868865625 0.55367604375 0.7811273859375001 0.5483635734375001 0.783287828125 0.54556218125 0.7857034671875 0.54477268125 0.8069804625 0.546452015625 0.8125518093749999 0.5513422046875001 0.8142762187500001 0.5628931546875 0.8154501218749999 0.5877920171875 0.8152802124999999 0.5910956265625 0.8129156125 0.5920193625 0.8044175015624999 0.591778796875 0.7879455296875 0.5907080046875001 0.786118309375 0.58547395625 0.7828860421875 0.58245990625 0.77791550625 0.58240333125 0.7550796125 0.5798651046875001 0.75040291875 0.5703222578125 0.7447688718750001
1 0.253394140625 0.43119868749999996 0.25244827812500004 0.43748604999999996 0.25487649375 0.443376759375 0.259385165625 0.44898602031249996 0.26676111874999997 0.4541475859375 0.27157569062500003 0.45463245937499996 0.284418346875 0.451998071875 0.2897244859375 0.4409946359375 0.28981731875 0.43781267343749997 0.2841611234375 0.42865105156250005 0.2793457875 0.423501878125 0.2747442828125 0.4210745796875 0.263101653125 0.4221114234375 0.258274146875 0.424080103125 0.25600726093750004 0.4260611734375 0.253394140625 0.43119868749999996
1 0.2861136640625 0.4076292515625 0.2839317359375 0.41354621406250003 0.2840524953125 0.41945005 0.286183553125 0.42801159375 0.2903499625 0.42965944375 0.2955682296875 0.43337731718750006 0.3040073734375 0.43570180468749997 0.309704096875 0.43504922031250004 0.3174232640625 0.42993649375 0.322919484375 0.42410848437500004 0.3230652984375 0.4204409171875 0.321213721875 0.41166208906249996 0.31755235000000004 0.40540097812500003 0.3125338234375 0.4021942296875 0.3058118234375 0.40053398749999997 0.29895691874999997 0.400087759375 0.290744859375 0.4026958953125 0.2861136640625 0.4076292515625