1 0.24072265625 0.530517578125 0.243408203125 0.533935546875 0.24951171875 0.537109375 0.255859375 0.53955078125 0.259033203125 0.53955078125 0.26708984375 0.537109375 0.278564453125 0.53076171875 0.27978515625 0.525146484375 0.279296875 0.509765625 0.27734375 0.50634765625 0.27197265625 0.502197265625 0.263427734375 0.49853515625 0.2568359375 0.498291015625 0.246826171875 0.504150390625 0.24072265625 0.510009765625 0.239990234375 0.511962890625 0.23974609375 0.523681640625 0.24072265625 0.530517578125
0 0.40185546875 0.4130859375 0.399658203125 0.42333984375 0.39990234375 0.431884765625 0.40234375 0.439208984375 0.40625 0.445556640625 0.411865234375 0.450927734375 0.41552734375 0.451904296875 0.41845703125 0.45458984375 0.423095703125 0.45556640625 0.435302734375 0.45458984375 0.437255859375 0.452392578125 0.43994140625 0.45166015625 0.447998046875 0.44140625 0.4521484375 0.431396484375 0.452392578125 0.425048828125 0.44384765625 0.41015625 0.435546875 0.404052734375 0.427978515625 0.3896484375 0.425537109375 0.38720703125 0.419921875 0.38427734375 0.411376953125 0.384033203125 0.404296875 0.386962890625 0.400390625 0.3916015625 0.3984375 0.396728515625 0.398193359375 0.404296875 0.40185546875 0.4130859375
1 0.27685546875 0.507568359375 0.279052734375 0.512451171875 0.2822265625 0.515869140625 0.291259765625 0.521484375 0.294677734375 0.524658203125 0.30078125 0.526611328125 0.302734375 0.52880859375 0.305908203125 0.5302734375 0.310546875 0.530517578125 0.316650390625 0.52685546875 0.32421875 0.5244140625 0.326171875 0.52294921875 0.32861328125 0.52392578125 0.337890625 0.524169921875 0.346923828125 0.518798828125 0.349609375 0.51171875 0.3505859375 0.48828125 0.349853515625 0.48046875 0.330322265625 0.466064453125 0.31494140625 0.457275390625 0.31103515625 0.45751953125 0.2861328125 0.46923828125 0.281005859375 0.473876953125 0.279052734375 0.47802734375 0.2763671875 0.50146484375 0.27685546875 0.507568359375
1 0.316162109375 0.56005859375 0.318359375 0.56201171875 0.32958984375 0.56640625 0.33740234375 0.568359375 0.345703125 0.56689453125 0.357177734375 0.5576171875 0.358642578125 0.554443359375 0.35888671875 0.5478515625 0.35546875 0.533447265625 0.353271484375 0.53125 0.342529296875 0.52685546875 0.3330078125 0.52587890625 0.32861328125 0.526611328125 0.32373046875 0.52880859375 0.315673828125 0.5361328125 0.31298828125 0.5419921875 0.313232421875 0.551513671875 0.316162109375 0.56005859375
0 0.615234375 0.653564453125 0.61474609375 0.705810546875 0.61328125 0.724365234375 0.612060546875 0.727783203125 0.60791015625 0.72900390625 0.595703125 0.72998046875 0.593994140625 0.732666015625 0.594970703125 0.73583984375 0.596923828125 0.738037109375 0.59814453125 0.743896484375 0.597412109375 0.7490234375 0.5986328125 0.761474609375 0.599853515625 0.763671875 0.60302734375 0.764892578125 0.6259765625 0.76806640625 0.63818359375 0.76904296875 0.654052734375 0.768310546875 0.656982421875 0.764892578125 0.658447265625 0.7568359375 0.658447265625 0.749755859375 0.66064453125 0.743896484375 0.663818359375 0.741455078125 0.664306640625 0.738037109375 0.66357421875 0.73583984375 0.66162109375 0.734130859375 0.6480305171875 0.732666015625 0.643798828125 0.729736328125 0.643310546875 0.72216796875 0.646484375 0.659912109375 0.64697265625 0.603515625 0.64599609375 0.6005859375 0.642578125 0.597412109375 0.622314453125 0.5947265625 0.618896484375 0.59765625 0.616455078125 0.6064453125 0.616943359375 0.637912353125 0.615234375 0.653564453125
0 0.747802734375 0.564697265625 0.767333984375 0.586669921875 0.77392578125 0.592529296875 0.781982421875 0.604736328125 0.786865234375 0.604248046875 0.79150390625 0.601318359375 0.799560546875 0.592529296875 0.798583984375 0.589111328125 0.794189453125 0.589111328125 0.7900390625 0.587890625 0.757080078125 0.556884765625 0.751953125 0.553955078125 0.748291015625 0.55322265625 0.745361328125 0.553955078125 0.744140625 0.555908203125 0.743896484375 0.55712890625 0.747802734375 0.564697265625
0 0.55224609375 0.357421875 0.556396484375 0.363525390625 0.564208984375 0.37060546875 0.568115234375 0.372314453125 0.572509765625 0.37109375 0.580078125 0.37548828125 0.58935546875 0.3759765625 0.599365234375 0.373779296875 0.60546875 0.3701171875 0.615234375 0.360595703125 0.617919921875 0.35498046875 0.61962890625 0.348388671875 0.619873046875 0.337158203125 0.614013671875 0.322998046875 0.62255859375 0.30126953125 0.622314453125 0.29052734375 0.619140625 0.2841796875 0.6142578125 0.27880859375 0.607421875 0.27490234375 0.595947265625 0.274658203125 0.5869140625 0.278564453125 0.58349609375 0.281494140625 0.579833984375 0.286865234375 0.574951171875 0.30419921875 0.572509765625 0.3095703125 0.564208984375 0.3134765625 0.55615234375 0.321533203125 0.552490234375 0.327880859375 0.5498046875 0.339599609375 0.549560546875 0.346435546875 0.55224609375 0.357421875
1 0.8154296875 0.48974609375 0.822021484375 0.5009765625 0.828857421875 0.50732421875 0.833251953125 0.509765625 0.84521484375 0.51318359375 0.85009765625 0.512939453125 0.860107421875 0.510009765625 0.86572265625 0.507080078125 0.8720703125 0.501708984375 0.879638671875 0.48974609375 0.884033203125 0.47802734375 0.87841796875 0.46533203125 0.872802734375 0.45654296875 0.865478515625 0.453369140625 0.845458984375 0.44970703125 0.8349609375 0.451171875 0.826171875 0.455810546875 0.818115234375 0.46533203125 0.814453125 0.474609375 0.814208984375 0.482177734375 0.8154296875 0.48974609375
0 0.581787109375 0.5654296875 0.5869140625 0.57421875 0.595947265625 0.583984375 0.601318359375 0.58642578125 0.60693359375 0.58642578125 0.630859375 0.573486328125 0.6337890625 0.56884765625 0.635009765625 0.5595703125 0.65087890625 0.551025390625 0.65576171875 0.54541015625 0.656982421875 0.538330078125 0.654296875 0.531005859375 0.650146484375 0.526611328125 0.643798828125 0.5234375 0.638671875 0.523193359375 0.61962890625 0.532958984375 0.610595703125 0.528564453125 0.607177734375 0.5283203125 0.603271484375 0.52978515625 0.583740234375 0.539794921875 0.580810546875 0.542724609375 0.578857421875 0.547607421875 0.5791015625 0.5576171875 0.581787109375 0.5654296875
1 0.44140625 0.466552734375 0.443115234375 0.470458984375 0.4755859375 0.504638671875 0.478271484375 0.506591796875 0.483154296875 0.5068359375 0.49267578125 0.504150390625 0.508544921875 0.50146484375 0.516357421875 0.498046875 0.525390625 0.496337890625 0.529052734375 0.4951171875 0.53271484375 0.49169921875 0.546630859375 0.4423828125 0.5458984375 0.439697265625 0.541015625 0.43310546875 0.530029296875 0.4228515625 0.521484375 0.413330078125 0.51123046875 0.404541015625 0.505615234375 0.403076171875 0.480224609375 0.40771484375 0.4609375 0.413330078125 0.456298828125 0.416015625 0.452392578125 0.42236328125 0.4521484375 0.42529296875 0.45068359375 0.427734375 0.450927734375 0.43017578125 0.443115234375 0.4541015625 0.44140625 0.46240234375 0.44140625 0.466552734375
1 0.674072265625 0.62451171875 0.684814453125 0.630859375 0.693603515625 0.63134765625 0.700927734375 0.629150390625 0.70947265625 0.62451171875 0.71142578125 0.619384765625 0.712646484375 0.603759765625 0.69970703125 0.592041015625 0.697021484375 0.5908203125 0.69287109375 0.591064453125 0.677490234375 0.595703125 0.673583984375 0.597900390625 0.67138671875 0.6015625 0.669921875 0.612060546875 0.670166015625 0.617919921875 0.674072265625 0.62451171875
0 0.486328125 0.671142578125 0.49658203125 0.6826171875 0.501953125 0.690185546875 0.51708984375 0.705322265625 0.525634765625 0.7158203125 0.5322265625 0.72119140625 0.53369140625 0.721435546875 0.537109375 0.718505859375 0.53759765625 0.697509765625 0.538330078125 0.691650390625 0.539794921875 0.688232421875 0.543212890625 0.68505859375 0.552734375 0.68017578125 0.5595703125 0.67041015625 0.567626953125 0.665283203125 0.57421875 0.657958984375 0.5771484375 0.656494140625 0.584228515625 0.6484375 0.58935546875 0.643798828125 0.591796875 0.642822265625 0.59814453125 0.6357421875 0.605712890625 0.630126953125 0.607666015625 0.62548828125 0.611328125 0.623779296875 0.616455078125 0.61865234375 0.6171875 0.613037109375 0.616455078125 0.60986328125 0.609619140625 0.60107421875 0.600341796875 0.59326171875 0.594970703125 0.59130859375 0.586669921875 0.59228515625 0.580078125 0.596435546875 0.57568359375 0.600830078125 0.57373046875 0.604248046875 0.571533203125 0.605224609375 0.55859375 0.617919921875 0.556640625 0.61865234375 0.54931640625 0.626953125 0.5380859375 0.635986328125 0.535888671875 0.639892578125 0.5322265625 0.6416015625 0.52978515625 0.644775390625 0.52734375 0.64599609375 0.5224609375 0.65087890625 0.5205078125 0.654296875 0.517333984375 0.656494140625 0.515380859375 0.65966796875 0.510498046875 0.66162109375 0.493408203125 0.66162109375 0.486083984375 0.66064453125 0.48388671875 0.66259765625 0.4833984375 0.665771484375 0.486328125 0.671142578125
1 0.247802734375 0.58837890625 0.26220703125 0.59716796875 0.27685546875 0.603759765625 0.283203125 0.60498046875 0.291259765625 0.604248046875 0.305419921875 0.59521484375 0.309814453125 0.59130859375 0.314453125 0.589111328125 0.31884765625 0.58349609375 0.319580078125 0.577880859375 0.319091796875 0.565673828125 0.317138671875 0.56396484375 0.311279296875 0.545654296875 0.282958984375 0.532470703125 0.279296875 0.531494140625 0.273681640625 0.531982421875 0.263671875 0.5361328125 0.25830078125 0.539794921875 0.251220703125 0.54736328125 0.248046875 0.548583984375 0.246337890625 0.55126953125 0.244384765625 0.5595703125 0.245361328125 0.58056640625 0.247802734375 0.58837890625
1 0.3876953125 0.63330078125 0.392333984375 0.63623046875 0.40380859375 0.63818359375 0.411865234375 0.637451171875 0.41357421875 0.636474609375 0.419921875 0.630126953125 0.4248046875 0.62255859375 0.4267578125 0.615966796875 0.423828125 0.607177734375 0.41748046875 0.597900390625 0.412109375 0.595947265625 0.3994140625 0.594482421875 0.39501953125 0.5947265625 0.391845703125 0.59619140625 0.380126953125 0.61328125 0.380126953125 0.616455078125 0.3876953125 0.63330078125