1 0.39599609375 0.429443359375 0.399658203125 0.431396484375 0.4013671875 0.43701171875 0.404296875 0.43994140625 0.4052734375 0.4384765625 0.413330078125 0.43603515625 0.414794921875 0.43408203125 0.422119140625 0.431396484375 0.42529296875 0.427734375 0.42529296875 0.423583984375 0.421142578125 0.419677734375 0.41796875 0.41259765625 0.413818359375 0.40869140625 0.41015625 0.4072265625 0.4072265625 0.404541015625 0.40478515625 0.398681640625 0.39892578125 0.39990234375 0.394287109375 0.40380859375 0.38916015625 0.411376953125 0.390869140625 0.420166015625 0.39599609375 0.429443359375
0 0.5380859375 0.560302734375 0.54248046875 0.564208984375 0.55078125 0.5693359375 0.553466796875 0.57275390625 0.558349609375 0.603759765625 0.566162109375 0.642822265625 0.571044921875 0.650634765625 0.57470703125 0.652587890625 0.5810546875 0.653564453125 0.58642578125 0.65283203125 0.59228515625 0.650390625 0.59619140625 0.64599609375 0.59716796875 0.642822265625 0.59716796875 0.6357421875 0.586181640625 0.567138671875 0.589599609375 0.558837890625 0.595458984375 0.5517578125 0.5966796875 0.548828125 0.595947265625 0.544189453125 0.592529296875 0.54150390625 0.586669921875 0.53955078125 0.56494140625 0.540283203125 0.544677734375 0.5458984375 0.53955078125 0.54833984375 0.535888671875 0.5517578125 0.53564453125 0.556396484375 0.5380859375 0.560302734375
1 0.378173828125 0.42724609375 0.379150390625 0.429931640625 0.375244140625 0.431640625 0.374755859375 0.435546875 0.38671875 0.452392578125 0.38720703125 0.452880859375 0.390380859375 0.450927734375 0.3974609375 0.451904296875 0.40478515625 0.451171875 0.412353515625 0.441162109375 0.41650390625 0.427734375 0.412841796875 0.419921875 0.410400390625 0.417724609375 0.406005859375 0.416015625 0.39892578125 0.407470703125 0.3974609375 0.410400390625 0.395263671875 0.411865234375 0.395751953125 0.416259765625 0.393798828125 0.41845703125 0.387451171875 0.420166015625 0.384521484375 0.419189453125 0.383056640625 0.419921875 0.377685546875 0.419189453125 0.37646484375 0.419921875 0.37939453125 0.42333984375 0.378173828125 0.42724609375
0 0.34326171875 0.322265625 0.3447265625 0.32177734375 0.3515625 0.324462890625 0.3837890625 0.33203125 0.40478515625 0.34375 0.40771484375 0.34814453125 0.414794921875 0.35009765625 0.42236328125 0.354736328125 0.427978515625 0.356201171875 0.430908203125 0.35546875 0.436767578125 0.345703125 0.438232421875 0.341552734375 0.436767578125 0.33837890625 0.43408203125 0.335693359375 0.430908203125 0.334716796875 0.42919921875 0.332763671875 0.42578125 0.331787109375 0.410400390625 0.322265625 0.4072265625 0.32177734375 0.381103515625 0.306640625 0.375244140625 0.304443359375 0.37158203125 0.299072265625 0.373046875 0.294921875 0.372314453125 0.29345703125 0.36962890625 0.29052734375 0.35791015625 0.284423828125 0.354736328125 0.283935546875 0.3515625 0.286865234375 0.347900390625 0.292236328125 0.34130859375 0.306884765625 0.339599609375 0.314453125 0.34326171875 0.322265625
0 0.439697265625 0.46337890625 0.446044921875 0.4638671875 0.451416015625 0.467529296875 0.457275390625 0.46533203125 0.4638671875 0.465087890625 0.47509765625 0.46630859375 0.48095703125 0.46826171875 0.482177734375 0.465576171875 0.482421875 0.453369140625 0.480712890625 0.446044921875 0.477783203125 0.44775390625 0.47607421875 0.452392578125 0.47314453125 0.453369140625 0.46337890625 0.45361328125 0.4560546875 0.45556640625 0.43994140625 0.454345703125 0.4365234375 0.45849609375 0.43701171875 0.460693359375 0.439697265625 0.46337890625
0 0.369140625 0.73828125 0.378173828125 0.748046875 0.386474609375 0.752685546875 0.392822265625 0.75830078125 0.398193359375 0.76123046875 0.40185546875 0.76513671875 0.41552734375 0.77490234375 0.41943359375 0.779541015625 0.428466796875 0.78515625 0.432373046875 0.791015625 0.43603515625 0.806396484375 0.43994140625 0.810302734375 0.444580078125 0.810302734375 0.451416015625 0.80712890625 0.453125 0.804443359375 0.45947265625 0.799072265625 0.462158203125 0.79443359375 0.4638671875 0.788330078125 0.469970703125 0.783447265625 0.472900390625 0.778564453125 0.47509765625 0.772705078125 0.476318359375 0.763916015625 0.474609375 0.759033203125 0.470703125 0.758056640625 0.4599609375 0.7607421875 0.451171875 0.76025390625 0.4248046875 0.74072265625 0.408447265625 0.726806640625 0.387451171875 0.71240234375 0.37841796875 0.71630859375 0.369140625 0.72802734375 0.36767578125 0.7314453125 0.367919921875 0.736083984375 0.369140625 0.73828125
0 0.295654296875 0.402099609375 0.312255859375 0.41015625 0.316650390625 0.416015625 0.31982421875 0.416015625 0.322021484375 0.413330078125 0.325439453125 0.41162109375 0.328369140625 0.412353515625 0.33154296875 0.41552734375 0.3408203125 0.41845703125 0.347412109375 0.421875 0.34912109375 0.424072265625 0.35498046875 0.425048828125 0.35888671875 0.427490234375 0.364501953125 0.42919921875 0.36962890625 0.4326171875 0.372314453125 0.435791015625 0.382080078125 0.43994140625 0.384033203125 0.44384765625 0.388916015625 0.447021484375 0.395751953125 0.448486328125 0.404296875 0.447021484375 0.40478515625 0.438720703125 0.403076171875 0.44140625 0.39794921875 0.4443359375 0.390869140625 0.44189453125 0.3876953125 0.438720703125 0.387451171875 0.43251953125 0.388916015625 0.429443359375 0.395751953125 0.423828125 0.39013671875 0.41943359375 0.38671875 0.412841796875 0.3837890625 0.410888671875 0.37548828125 0.408203125 0.369384765625 0.40283203125 0.3642578125 0.400146484375 0.357666015625 0.397705078125 0.3515625 0.39404296875 0.345947265625 0.392822265625 0.343017578125 0.39013671875 0.339599609375 0.388671875 0.33837890625 0.383544921875 0.34033203125 0.376708984375 0.337646484375 0.373046875 0.317138671875 0.361328125 0.314208984375 0.36181640625 0.31005859375 0.36474609375 0.303466796875 0.379150390625 0.296142578125 0.390380859375 0.29345703125 0.397216796875 0.29345703125 0.40283203125 0.295654296875 0.402099609375
0 0.458740234375 0.419677734375 0.468994140625 0.4287109375 0.474365234375 0.431884765625 0.479248046875 0.43115234375 0.49267578125 0.445068359375 0.4990234375 0.43896484375 0.506591796875 0.435302734375 0.5068359375 0.43115234375 0.505615234375 0.427490234375 0.494140625 0.413330078125 0.49365234375 0.411865234375 0.495361328125 0.408203125 0.495361328125 0.40380859375 0.482177734375 0.389404296875 0.477783203125 0.388916015625 0.47216796875 0.39208984375 0.463623046875 0.39892578125 0.4560546875 0.40771484375 0.453369140625 0.412353515625 0.458740234375 0.419677734375
0 0.382080078125 0.404052734375 0.38427734375 0.410888671875 0.386962890625 0.410888671875 0.392333984375 0.406005859375 0.40185546875 0.412109375 0.40380859375 0.41162109375 0.4072265625 0.4140625 0.41064453125 0.414794921875 0.41455078125 0.420166015625 0.414794921875 0.423828125 0.41943359375 0.426513671875 0.42236328125 0.426025390625 0.4248046875 0.427978515625 0.4296875 0.428955078125 0.436767578125 0.434326171875 0.450927734375 0.442626953125 0.45458984375 0.44775390625 0.4609375 0.45068359375 0.46435546875 0.454345703125 0.46826171875 0.455322265625 0.47802734375 0.455078125 0.480712890625 0.45361328125 0.481201171875 0.45068359375 0.4794921875 0.447265625 0.48095703125 0.443359375 0.480224609375 0.440673828125 0.478759765625 0.437255859375 0.474609375 0.432373046875 0.46142578125 0.42236328125 0.4541015625 0.419921875 0.45166015625 0.415771484375 0.44775390625 0.414306640625 0.42431640625 0.396240234375 0.411376953125 0.3876953125 0.410888671875 0.383056640625 0.413330078125 0.375244140625 0.4130859375 0.372314453125 0.410888671875 0.371337890625 0.40771484375 0.372314453125 0.40478515625 0.371337890625 0.395751953125 0.365234375 0.391845703125 0.36474609375 0.384765625 0.373046875 0.3837890625 0.37646484375 0.381591796875 0.37890625 0.37744140625 0.3876953125 0.37451171875 0.391357421875 0.372314453125 0.392578125 0.371826171875 0.396484375 0.382080078125 0.404052734375
1 0.494384765625 0.66015625 0.495849609375 0.665283203125 0.493896484375 0.67333984375 0.493896484375 0.677734375 0.49658203125 0.680908203125 0.504150390625 0.685791015625 0.509765625 0.6865234375 0.516845703125 0.685546875 0.521728515625 0.68310546875 0.52587890625 0.677490234375 0.52783203125 0.670654296875 0.527587890625 0.662841796875 0.52490234375 0.6591796875 0.51611328125 0.64990234375 0.5107421875 0.64794921875 0.502197265625 0.651611328125 0.49853515625 0.652099609375 0.495361328125 0.654052734375 0.49267578125 0.658203125 0.494384765625 0.66015625
1 0.337890625 0.466552734375 0.34033203125 0.474365234375 0.343017578125 0.478271484375 0.35205078125 0.482666015625 0.363525390625 0.48583984375 0.36962890625 0.4853515625 0.3798828125 0.478515625 0.387939453125 0.470703125 0.389892578125 0.466552734375 0.388427734375 0.455078125 0.389892578125 0.451171875 0.392333984375 0.450927734375 0.386474609375 0.4384765625 0.38916015625 0.435302734375 0.389892578125 0.430908203125 0.3935546875 0.427734375 0.3935546875 0.423583984375 0.38623046875 0.423095703125 0.384033203125 0.42431640625 0.382080078125 0.43505859375 0.3828125 0.43798828125 0.3798828125 0.439697265625 0.3779296875 0.43701171875 0.371337890625 0.435302734375 0.368896484375 0.431884765625 0.369873046875 0.428955078125 0.369384765625 0.425537109375 0.36328125 0.42578125 0.360107421875 0.4296875 0.3544921875 0.43212890625 0.345947265625 0.43896484375 0.338623046875 0.44677734375 0.3369140625 0.450439453125 0.336669921875 0.457763671875 0.337890625 0.466552734375
0 0.444091796875 0.66796875 0.444091796875 0.670166015625 0.4423828125 0.673828125 0.443115234375 0.678955078125 0.4462890625 0.685302734375 0.451904296875 0.688720703125 0.462646484375 0.69287109375 0.4775390625 0.74755859375 0.479736328125 0.752685546875 0.483642578125 0.7587890625 0.48974609375 0.76318359375 0.495849609375 0.763671875 0.497314453125 0.762939453125 0.500244140625 0.759765625 0.501708984375 0.756103515625 0.50244140625 0.751708984375 0.501708984375 0.744140625 0.4873046875 0.688720703125 0.484375 0.685791015625 0.484619140625 0.6845703125 0.493408203125 0.67822265625 0.49658203125 0.67919921875 0.50341796875 0.685302734375 0.510498046875 0.68603515625 0.517822265625 0.684814453125 0.521728515625 0.682373046875 0.525390625 0.677490234375 0.527587890625 0.666259765625 0.5263671875 0.662109375 0.515625 0.65234375 0.510986328125 0.64990234375 0.50439453125 0.65283203125 0.498291015625 0.660400390625 0.494384765625 0.658935546875 0.49072265625 0.655029296875 0.486572265625 0.646728515625 0.481201171875 0.6416015625 0.47509765625 0.638671875 0.4599609375 0.640869140625 0.45458984375 0.642822265625 0.4462890625 0.650146484375 0.443359375 0.654052734375 0.442626953125 0.65673828125 0.442626953125 0.662109375 0.444091796875 0.66796875
1 0.496337890625 0.423095703125 0.496826171875 0.425048828125 0.49853515625 0.42578125 0.50048828125 0.4287109375 0.502685546875 0.42919921875 0.5029296875 0.432861328125 0.496826171875 0.435791015625 0.49609375 0.439453125 0.492919921875 0.44091796875 0.4921875 0.447509765625 0.49609375 0.455078125 0.503173828125 0.46337890625 0.513427734375 0.470458984375 0.521240234375 0.472412109375 0.525634765625 0.472412109375 0.531982421875 0.4697265625 0.53466796875 0.466552734375 0.539794921875 0.451171875 0.53857421875 0.443359375 0.535888671875 0.439453125 0.527587890625 0.431640625 0.522216796875 0.42919921875 0.510009765625 0.4287109375 0.505615234375 0.429443359375 0.4990234375 0.422119140625 0.498291015625 0.419921875 0.49560546875 0.41796875 0.493896484375 0.418212890625 0.493408203125 0.419677734375 0.493896484375 0.42138671875 0.496337890625 0.423095703125
1 0.5244140625 0.39208984375 0.531494140625 0.404052734375 0.53955078125 0.4130859375 0.557373046875 0.412841796875 0.56884765625 0.40869140625 0.572265625 0.405029296875 0.576904296875 0.396484375 0.578857421875 0.38818359375 0.578369140625 0.381591796875 0.57421875 0.373779296875 0.568603515625 0.36669921875 0.565673828125 0.364501953125 0.554931640625 0.36279296875 0.54150390625 0.365234375 0.5361328125 0.36767578125 0.531005859375 0.3720703125 0.527587890625 0.37841796875 0.524169921875 0.388427734375 0.5244140625 0.39208984375