1 0.455078125 0.586181640625 0.456298828125 0.59033203125 0.4560546875 0.595947265625 0.457275390625 0.60009765625 0.463623046875 0.611083984375 0.470458984375 0.614990234375 0.488525390625 0.619384765625 0.498046875 0.619384765625 0.50732421875 0.610595703125 0.515869140625 0.600341796875 0.5185546875 0.595458984375 0.518798828125 0.591552734375 0.5146484375 0.576171875 0.510009765625 0.564208984375 0.50732421875 0.56298828125 0.48779296875 0.5595703125 0.474609375 0.555908203125 0.46923828125 0.5595703125 0.46728515625 0.562744140625 0.45703125 0.572265625 0.45458984375 0.576416015625 0.455078125 0.586181640625
1 0.56640625 0.763671875 0.570068359375 0.76953125 0.576171875 0.773681640625 0.586669921875 0.782958984375 0.591064453125 0.783935546875 0.5927734375 0.783203125 0.598388671875 0.775390625 0.599853515625 0.771240234375 0.6025390625 0.767578125 0.603515625 0.76220703125 0.607666015625 0.756103515625 0.607666015625 0.751708984375 0.60400390625 0.7470703125 0.596923828125 0.740234375 0.58935546875 0.7353515625 0.584228515625 0.736328125 0.580322265625 0.735595703125 0.57568359375 0.73828125 0.56982421875 0.7451171875 0.56494140625 0.7529296875 0.564697265625 0.75634765625 0.56640625 0.763671875
0 0.5888671875 0.804931640625 0.59326171875 0.814208984375 0.600830078125 0.823486328125 0.604248046875 0.830322265625 0.612548828125 0.8408203125 0.624755859375 0.86083984375 0.630859375 0.8681640625 0.63427734375 0.874267578125 0.634521484375 0.876708984375 0.64013671875 0.88818359375 0.638427734375 0.896484375 0.63623046875 0.901123046875 0.63671875 0.907958984375 0.638671875 0.911865234375 0.655517578125 0.923828125 0.65966796875 0.923828125 0.66259765625 0.927734375 0.668212890625 0.9287109375 0.67822265625 0.923583984375 0.6865234375 0.916015625 0.688720703125 0.912841796875 0.691650390625 0.902099609375 0.691162109375 0.896728515625 0.689208984375 0.892578125 0.68701171875 0.890625 0.68310546875 0.876708984375 0.679931640625 0.873046875 0.677490234375 0.871826171875 0.672119140625 0.870849609375 0.66552734375 0.8720703125 0.662353515625 0.871337890625 0.65869140625 0.86572265625 0.65380859375 0.860595703125 0.650390625 0.8583984375 0.6376953125 0.837646484375 0.622314453125 0.817138671875 0.61767578125 0.806640625 0.61669921875 0.801513671875 0.6123046875 0.79541015625 0.607421875 0.791748046875 0.603759765625 0.7919921875 0.596435546875 0.794189453125 0.589111328125 0.80078125 0.58837890625 0.80224609375 0.5888671875 0.804931640625
1 0.56201171875 0.486328125 0.571533203125 0.503662109375 0.584228515625 0.521484375 0.586181640625 0.523193359375 0.591796875 0.525390625 0.619873046875 0.524169921875 0.635986328125 0.52197265625 0.64208984375 0.51318359375 0.65087890625 0.49560546875 0.655517578125 0.482177734375 0.6552734375 0.47802734375 0.650390625 0.466796875 0.63720703125 0.44677734375 0.62744140625 0.44140625 0.61767578125 0.44091796875 0.60205078125 0.440673828125 0.5849609375 0.443115234375 0.583740234375 0.446044921875 0.5810546875 0.447509765625 0.578125 0.451171875 0.57666015625 0.4560546875 0.57470703125 0.456787109375 0.57080078125 0.465576171875 0.56884765625 0.466552734375 0.564208984375 0.47705078125 0.562744140625 0.478271484375 0.5615234375 0.48193359375 0.56201171875 0.486328125
1 0.547607421875 0.41015625 0.55078125 0.414794921875 0.56298828125 0.427978515625 0.56884765625 0.430908203125 0.580322265625 0.429443359375 0.60302734375 0.423583984375 0.606689453125 0.418701171875 0.609619140625 0.4111328125 0.613037109375 0.3955078125 0.612548828125 0.390625 0.609130859375 0.384521484375 0.597900390625 0.37255859375 0.5927734375 0.368896484375 0.589599609375 0.367919921875 0.581787109375 0.368896484375 0.556884765625 0.376220703125 0.553466796875 0.381103515625 0.550048828125 0.3916015625 0.546630859375 0.403564453125 0.547607421875 0.41015625
1 0.392578125 0.536865234375 0.39599609375 0.544677734375 0.41064453125 0.550537109375 0.416259765625 0.551025390625 0.422119140625 0.547607421875 0.428955078125 0.540771484375 0.43115234375 0.537109375 0.431396484375 0.52880859375 0.427978515625 0.51708984375 0.415771484375 0.51171875 0.409423828125 0.510498046875 0.40185546875 0.511962890625 0.398681640625 0.515625 0.394287109375 0.5185546875 0.390869140625 0.524169921875 0.390625 0.529052734375 0.392578125 0.536865234375
0 0.623779296875 0.76513671875 0.6240234375 0.76708984375 0.627197265625 0.769287109375 0.630126953125 0.76708984375 0.632568359375 0.768310546875 0.642333984375 0.767333984375 0.645751953125 0.768798828125 0.65087890625 0.773681640625 0.653564453125 0.77490234375 0.6748046875 0.77490234375 0.679931640625 0.773681640625 0.681640625 0.77197265625 0.685546875 0.763671875 0.6865234375 0.75048828125 0.68505859375 0.741943359375 0.68212890625 0.735595703125 0.67724609375 0.731689453125 0.666748046875 0.73046875 0.659423828125 0.730712890625 0.650634765625 0.727294921875 0.64892578125 0.7275390625 0.62255859375 0.73828125 0.61962890625 0.74072265625 0.615966796875 0.746826171875 0.6171875 0.754150390625 0.623779296875 0.76513671875
1 0.5791015625 0.71044921875 0.58642578125 0.71728515625 0.59521484375 0.717041015625 0.603271484375 0.71240234375 0.606201171875 0.709228515625 0.607177734375 0.7041015625 0.607421875 0.689208984375 0.606201171875 0.685546875 0.6015625 0.681396484375 0.5869140625 0.673583984375 0.583251953125 0.673583984375 0.574462890625 0.6787109375 0.5712890625 0.682373046875 0.56982421875 0.68701171875 0.568603515625 0.697265625 0.5791015625 0.71044921875
0 0.49072265625 0.779052734375 0.495361328125 0.781982421875 0.504150390625 0.791259765625 0.51123046875 0.79638671875 0.512939453125 0.799072265625 0.517822265625 0.80322265625 0.52587890625 0.80859375 0.530517578125 0.810546875 0.536376953125 0.810791015625 0.5439453125 0.803955078125 0.545166015625 0.801025390625 0.554443359375 0.798095703125 0.56103515625 0.79833984375 0.56396484375 0.802001953125 0.56103515625 0.806640625 0.565673828125 0.806640625 0.568359375 0.801513671875 0.572021484375 0.8017578125 0.572998046875 0.798828125 0.572265625 0.796875 0.569580078125 0.79345703125 0.568603515625 0.79052734375 0.564453125 0.7890625 0.562744140625 0.786865234375 0.549560546875 0.77880859375 0.547607421875 0.77490234375 0.548095703125 0.771484375 0.55419921875 0.763427734375 0.5556640625 0.7587890625 0.559814453125 0.75634765625 0.56298828125 0.75146484375 0.568115234375 0.74755859375 0.574951171875 0.7392578125 0.576171875 0.73193359375 0.577880859375 0.728271484375 0.58251953125 0.723388671875 0.583984375 0.716552734375 0.58203125 0.712890625 0.569091796875 0.69970703125 0.562744140625 0.698974609375 0.55810546875 0.700927734375 0.552490234375 0.707275390625 0.54638671875 0.717041015625 0.54248046875 0.719970703125 0.529052734375 0.74072265625 0.5234375 0.7470703125 0.52197265625 0.7509765625 0.51904296875 0.752197265625 0.5166015625 0.750244140625 0.511474609375 0.748779296875 0.506591796875 0.7490234375 0.49267578125 0.767333984375 0.490234375 0.772705078125 0.48974609375 0.776123046875 0.49072265625 0.779052734375
0 0.47607421875 0.857666015625 0.48828125 0.872802734375 0.504150390625 0.888671875 0.5126953125 0.893798828125 0.516357421875 0.8935546875 0.51806640625 0.892333984375 0.520263671875 0.886962890625 0.525146484375 0.883056640625 0.5322265625 0.873291015625 0.53662109375 0.87060546875 0.537353515625 0.86865234375 0.5322265625 0.861328125 0.53076171875 0.85693359375 0.535400390625 0.849365234375 0.543212890625 0.84130859375 0.54638671875 0.836181640625 0.55224609375 0.829833984375 0.553955078125 0.826171875 0.56396484375 0.815185546875 0.5654296875 0.81201171875 0.57177734375 0.80615234375 0.573486328125 0.802490234375 0.57177734375 0.794921875 0.562744140625 0.786865234375 0.547607421875 0.779052734375 0.544677734375 0.78173828125 0.541015625 0.78955078125 0.5390625 0.790771484375 0.54052734375 0.79248046875 0.541015625 0.795166015625 0.533447265625 0.807861328125 0.52294921875 0.80712890625 0.51904296875 0.803955078125 0.51904296875 0.81591796875 0.51708984375 0.818603515625 0.509521484375 0.822265625 0.51025390625 0.82373046875 0.505859375 0.82958984375 0.49755859375 0.826904296875 0.49365234375 0.827392578125 0.476318359375 0.849365234375 0.47509765625 0.852783203125 0.47607421875 0.857666015625
1 0.60400390625 0.79736328125 0.60498046875 0.797119140625 0.612548828125 0.8017578125 0.615966796875 0.8056640625 0.6240234375 0.80859375 0.62744140625 0.810791015625 0.637451171875 0.811767578125 0.644775390625 0.8095703125 0.652587890625 0.802734375 0.6552734375 0.794921875 0.6572265625 0.7822265625 0.65576171875 0.77734375 0.6474609375 0.76611328125 0.645263671875 0.76513671875 0.626708984375 0.763916015625 0.61572265625 0.75390625 0.61328125 0.755859375 0.61376953125 0.7578125 0.612060546875 0.76025390625 0.609619140625 0.75927734375 0.60595703125 0.763427734375 0.60205078125 0.774169921875 0.602294921875 0.794677734375 0.60400390625 0.79736328125
0 0.633544921875 0.4423828125 0.635009765625 0.444580078125 0.638916015625 0.447021484375 0.642578125 0.447265625 0.648193359375 0.4501953125 0.656005859375 0.451904296875 0.663330078125 0.448486328125 0.66650390625 0.448486328125 0.674072265625 0.453369140625 0.72119140625 0.4775390625 0.72607421875 0.478515625 0.731689453125 0.4775390625 0.73583984375 0.47412109375 0.73779296875 0.470947265625 0.73876953125 0.4619140625 0.737060546875 0.458984375 0.732666015625 0.455078125 0.677490234375 0.42578125 0.67626953125 0.424072265625 0.676025390625 0.4189453125 0.67431640625 0.41455078125 0.65966796875 0.405517578125 0.651123046875 0.40478515625 0.647216796875 0.406494140625 0.641845703125 0.4111328125 0.635498046875 0.419677734375 0.6298828125 0.431640625 0.628662109375 0.439697265625 0.633544921875 0.4423828125
0 0.681396484375 0.669677734375 0.683349609375 0.671875 0.697509765625 0.67919921875 0.703369140625 0.68017578125 0.70751953125 0.679443359375 0.712158203125 0.67431640625 0.715576171875 0.66748046875 0.73828125 0.60888671875 0.7412109375 0.5986328125 0.759033203125 0.589599609375 0.760498046875 0.587646484375 0.75927734375 0.58544921875 0.751220703125 0.581298828125 0.744873046875 0.576171875 0.737060546875 0.57373046875 0.732666015625 0.5712890625 0.712646484375 0.56591796875 0.709716796875 0.56640625 0.70361328125 0.562744140625 0.70068359375 0.563232421875 0.699951171875 0.56396484375 0.699951171875 0.568603515625 0.707275390625 0.583984375 0.70751953125 0.58837890625 0.701171875 0.60498046875 0.698974609375 0.60791015625 0.697021484375 0.614990234375 0.692626953125 0.62353515625 0.68994140625 0.626708984375 0.686279296875 0.634765625 0.6796875 0.656982421875 0.6796875 0.664306640625 0.681396484375 0.669677734375
0 0.578857421875 0.599853515625 0.58056640625 0.6044921875 0.58203125 0.60546875 0.592041015625 0.60546875 0.6044921875 0.599853515625 0.60693359375 0.603271484375 0.62451171875 0.616943359375 0.633544921875 0.6220703125 0.64794921875 0.63330078125 0.657958984375 0.638916015625 0.665283203125 0.644287109375 0.677490234375 0.64599609375 0.681884765625 0.644287109375 0.6845703125 0.641357421875 0.68798828125 0.63330078125 0.688720703125 0.62841796875 0.688720703125 0.626220703125 0.686279296875 0.6201171875 0.656494140625 0.59619140625 0.646484375 0.590087890625 0.63037109375 0.578125 0.624755859375 0.576416015625 0.62353515625 0.5728352046875 0.6240234375 0.560546875 0.621337890625 0.552734375 0.614990234375 0.550048828125 0.609619140625 0.55029296875 0.60107421875 0.55419921875 0.593994140625 0.5595703125 0.58935546875 0.564453125 0.581787109375 0.575927734375 0.578369140625 0.583984375 0.577880859375 0.58740234375 0.57763671875 0.5927734375 0.578857421875 0.599853515625
1 0.592041015625 0.73681640625 0.59521484375 0.738525390625 0.600830078125 0.744140625 0.603759765625 0.745361328125 0.60693359375 0.75048828125 0.60888671875 0.751953125 0.610107421875 0.751953125 0.626220703125 0.736083984375 0.62451171875 0.735595703125 0.623046875 0.733154296875 0.622314453125 0.724609375 0.61962890625 0.719970703125 0.61279296875 0.711669921875 0.60693359375 0.70751953125 0.60009765625 0.713134765625 0.592529296875 0.716796875 0.589111328125 0.716796875 0.586669921875 0.72021484375 0.58544921875 0.724609375 0.592041015625 0.73681640625
1 0.572265625 0.322021484375 0.577880859375 0.333740234375 0.58056640625 0.336669921875 0.58544921875 0.337646484375 0.59716796875 0.337646484375 0.603759765625 0.3349609375 0.609619140625 0.327880859375 0.61279296875 0.318603515625 0.6103515625 0.310546875 0.605224609375 0.302978515625 0.600830078125 0.30029296875 0.594970703125 0.299072265625 0.58642578125 0.299560546875 0.58251953125 0.3017578125 0.578125 0.305908203125 0.5732421875 0.314453125 0.57177734375 0.31787109375 0.572265625 0.322021484375