0 0.228271484375 0.44677734375 0.23486328125 0.46337890625 0.23779296875 0.467041015625 0.240478515625 0.474853515625 0.243896484375 0.477783203125 0.247802734375 0.4794921875 0.255615234375 0.478271484375 0.271240234375 0.473876953125 0.27392578125 0.471923828125 0.275146484375 0.46923828125 0.274169921875 0.462890625 0.278076171875 0.459228515625 0.298583984375 0.453857421875 0.31884765625 0.4462890625 0.32958984375 0.443359375 0.3330078125 0.44091796875 0.334228515625 0.437744140625 0.333740234375 0.43115234375 0.3310546875 0.424560546875 0.327392578125 0.419189453125 0.322021484375 0.4150390625 0.31396484375 0.416259765625 0.310302734375 0.418212890625 0.302734375 0.419189453125 0.2939453125 0.42333984375 0.263671875 0.431396484375 0.260986328125 0.43017578125 0.255615234375 0.4228515625 0.2431640625 0.4267578125 0.232177734375 0.428955078125 0.227294921875 0.4326171875 0.2265625 0.4375 0.228271484375 0.44677734375
0 0.441650390625 0.301513671875 0.44775390625 0.30224609375 0.45068359375 0.3037109375 0.4541015625 0.302490234375 0.458740234375 0.3037109375 0.470458984375 0.31591796875 0.48095703125 0.3251953125 0.485595703125 0.331787109375 0.505615234375 0.353271484375 0.509765625 0.3544921875 0.513427734375 0.3525390625 0.521484375 0.34423828125 0.52294921875 0.3408203125 0.521728515625 0.336181640625 0.474365234375 0.287353515625 0.47314453125 0.28466796875 0.474365234375 0.27587890625 0.4677734375 0.26708984375 0.4609375 0.26123046875 0.4541015625 0.2607421875 0.445556640625 0.266845703125 0.435546875 0.278564453125 0.433349609375 0.28369140625 0.433349609375 0.28759765625 0.441650390625 0.301513671875
1 0.2939453125 0.4775390625 0.303955078125 0.48486328125 0.309326171875 0.48681640625 0.314208984375 0.487060546875 0.32421875 0.4814453125 0.328369140625 0.477783203125 0.328369140625 0.468017578125 0.32666015625 0.460205078125 0.318603515625 0.453369140625 0.312255859375 0.45068359375 0.30615234375 0.451171875 0.296630859375 0.45556640625 0.29345703125 0.460205078125 0.29296875 0.47216796875 0.2939453125 0.4775390625
1 0.657470703125 0.325439453125 0.657958984375 0.32666015625 0.65966796875 0.328125 0.662109375 0.333740234375 0.6650390625 0.336181640625 0.670166015625 0.34326171875 0.67333984375 0.34521484375 0.678466796875 0.345703125 0.697265625 0.34375 0.700927734375 0.342041015625 0.704833984375 0.33740234375 0.712890625 0.322265625 0.7158203125 0.314208984375 0.716064453125 0.31005859375 0.714599609375 0.30224609375 0.70849609375 0.293212890625 0.699462890625 0.287353515625 0.6904296875 0.28662109375 0.681396484375 0.287841796875 0.672119140625 0.292724609375 0.669921875 0.294921875 0.666015625 0.302490234375 0.663330078125 0.310791015625 0.660888671875 0.31396484375 0.65966796875 0.32080078125 0.657470703125 0.325439453125
0 0.509765625 0.193603515625 0.527587890625 0.217529296875 0.529052734375 0.223388671875 0.528564453125 0.229736328125 0.529296875 0.234130859375 0.531982421875 0.240478515625 0.54052734375 0.252197265625 0.546142578125 0.257568359375 0.548828125 0.2587890625 0.55419921875 0.259033203125 0.565185546875 0.255615234375 0.57177734375 0.251953125 0.576171875 0.247314453125 0.579833984375 0.2412109375 0.584228515625 0.229736328125 0.583740234375 0.221923828125 0.572021484375 0.207275390625 0.5615234375 0.19970703125 0.55615234375 0.19921875 0.553466796875 0.196533203125 0.55126953125 0.19580078125 0.54150390625 0.185791015625 0.536865234375 0.177978515625 0.532470703125 0.173095703125 0.521728515625 0.167236328125 0.51708984375 0.167724609375 0.509765625 0.176513671875 0.5078125 0.18115234375 0.507568359375 0.185302734375 0.509765625 0.193603515625
0 0.72900390625 0.77783203125 0.73681640625 0.785400390625 0.771484375 0.81005859375 0.779052734375 0.8134765625 0.783447265625 0.8134765625 0.785888671875 0.811767578125 0.785888671875 0.80908203125 0.783203125 0.802978515625 0.78125 0.79443359375 0.78125 0.7904052734375 0.786376953125 0.777587890625 0.792724609375 0.76904296875 0.79443359375 0.76513671875 0.799560546875 0.759521484375 0.80126953125 0.755126953125 0.810546875 0.74267578125 0.816162109375 0.732177734375 0.825927734375 0.71826171875 0.826171875 0.712158203125 0.818359375 0.7041015625 0.81103515625 0.699951171875 0.806396484375 0.69775390625 0.798828125 0.69775390625 0.791015625 0.70361328125 0.77197265625 0.73291015625 0.76416015625 0.7421875 0.752197265625 0.762939453125 0.747314453125 0.7666015625 0.734375 0.7685546875 0.730224609375 0.771240234375 0.728271484375 0.7734375 0.72900390625 0.77783203125
1 0.65771484375 0.388427734375 0.662109375 0.389892578125 0.671630859375 0.38720703125 0.676025390625 0.384033203125 0.67919921875 0.377685546875 0.680908203125 0.366455078125 0.67724609375 0.3603515625 0.670654296875 0.35693359375 0.665771484375 0.3564453125 0.65478515625 0.3603515625 0.650146484375 0.368896484375 0.649169921875 0.381591796875 0.65771484375 0.388427734375
0 0.548828125 0.425537109375 0.559814453125 0.429931640625 0.568359375 0.435791015625 0.5732421875 0.44921875 0.585205078125 0.47509765625 0.58544921875 0.478515625 0.59912109375 0.50634765625 0.603271484375 0.5087890625 0.607666015625 0.508056640625 0.6162109375 0.50439453125 0.625732421875 0.49853515625 0.625 0.48974609375 0.62158203125 0.4833984375 0.61572265625 0.46630859375 0.60009765625 0.429443359375 0.5966796875 0.419189453125 0.59814453125 0.41064453125 0.601318359375 0.40234375 0.600341796875 0.39892578125 0.59619140625 0.39892578125 0.587890625 0.401611328125 0.564697265625 0.411865234375 0.55078125 0.41943359375 0.54833984375 0.42236328125 0.548828125 0.425537109375
1 0.483154296875 0.474609375 0.486572265625 0.478271484375 0.495849609375 0.483154296875 0.517333984375 0.4970703125 0.525146484375 0.495849609375 0.556396484375 0.478515625 0.557373046875 0.47705078125 0.558837890625 0.471923828125 0.5595703125 0.46044921875 0.558349609375 0.437255859375 0.555908203125 0.433349609375 0.552490234375 0.430908203125 0.5517578125 0.42822265625 0.547607421875 0.4248046875 0.532958984375 0.416259765625 0.525390625 0.41357421875 0.513427734375 0.414794921875 0.507080078125 0.419189453125 0.5 0.42236328125 0.490966796875 0.427734375 0.485595703125 0.433837890625 0.482421875 0.445068359375 0.482177734375 0.47216796875 0.483154296875 0.474609375
1 0.55126953125 0.55419921875 0.556396484375 0.556640625 0.56494140625 0.553955078125 0.5703125 0.551025390625 0.57275390625 0.54833984375 0.572998046875 0.54541015625 0.568115234375 0.540283203125 0.566162109375 0.539794921875 0.56396484375 0.53759765625 0.562744140625 0.533447265625 0.5654296875 0.532470703125 0.568603515625 0.52490234375 0.564453125 0.521484375 0.560791015625 0.52001953125 0.554931640625 0.52099609375 0.544677734375 0.5263671875 0.54296875 0.530029296875 0.540771484375 0.54052734375 0.541015625 0.545654296875 0.55126953125 0.55419921875
0 0.43505859375 0.327880859375 0.4560546875 0.385498046875 0.452392578125 0.392822265625 0.447509765625 0.3994140625 0.44775390625 0.41015625 0.449951171875 0.413330078125 0.452880859375 0.4150390625 0.4609375 0.423828125 0.466552734375 0.427490234375 0.485595703125 0.4228515625 0.49755859375 0.413330078125 0.497802734375 0.407958984375 0.495849609375 0.397705078125 0.497314453125 0.392822265625 0.49658203125 0.387451171875 0.493896484375 0.383544921875 0.489990234375 0.381103515625 0.480224609375 0.3798828125 0.4775390625 0.378662109375 0.461669921875 0.3330078125 0.459716796875 0.3232421875 0.452880859375 0.307373046875 0.447021484375 0.302734375 0.440185546875 0.302001953125 0.43505859375 0.306396484375 0.433349609375 0.312255859375 0.433349609375 0.318115234375 0.43505859375 0.327880859375
0 0.465576171875 0.55224609375 0.46875 0.56201171875 0.474609375 0.5888671875 0.478271484375 0.59423828125 0.48193359375 0.593505859375 0.48388671875 0.585693359375 0.4794921875 0.563720703125 0.478515625 0.552978515625 0.479248046875 0.544677734375 0.478515625 0.542724609375 0.4638671875 0.54541015625 0.46240234375 0.546875 0.462158203125 0.548583984375 0.465576171875 0.55224609375
0 0.566650390625 0.541259765625 0.574951171875 0.548095703125 0.58349609375 0.551513671875 0.58642578125 0.555419921875 0.588134765625 0.5625 0.590087890625 0.564453125 0.60595703125 0.572509765625 0.611083984375 0.572265625 0.61669921875 0.568359375 0.622802734375 0.5595703125 0.627685546875 0.54736328125 0.629638671875 0.545166015625 0.62841796875 0.53955078125 0.62646484375 0.537353515625 0.61669921875 0.53076171875 0.607177734375 0.526123046875 0.603759765625 0.526611328125 0.59814453125 0.530029296875 0.59521484375 0.530029296875 0.592041015625 0.52734375 0.580322265625 0.521728515625 0.574951171875 0.521240234375 0.57177734375 0.521728515625 0.56787109375 0.524658203125 0.56494140625 0.53076171875 0.564208984375 0.53662109375 0.566650390625 0.541259765625
0 0.369873046875 0.51611328125 0.373779296875 0.522216796875 0.380615234375 0.525634765625 0.384765625 0.525146484375 0.388916015625 0.522705078125 0.396728515625 0.513916015625 0.402587890625 0.505126953125 0.42822265625 0.47314453125 0.44189453125 0.452880859375 0.44677734375 0.449951171875 0.45458984375 0.452880859375 0.458984375 0.452880859375 0.4609375 0.451171875 0.46533203125 0.44091796875 0.468505859375 0.436767578125 0.469482421875 0.430908203125 0.466796875 0.427734375 0.462890625 0.425537109375 0.45947265625 0.418701171875 0.45458984375 0.414306640625 0.450439453125 0.413818359375 0.447509765625 0.408935546875 0.43896484375 0.411376953125 0.435302734375 0.406982421875 0.43115234375 0.41064453125 0.43017578125 0.414306640625 0.42626953125 0.417724609375 0.419921875 0.41943359375 0.419677734375 0.4228515625 0.423095703125 0.427734375 0.425048828125 0.428955078125 0.426513671875 0.43212890625 0.42529296875 0.43798828125 0.4150390625 0.4501953125 0.41064453125 0.45849609375 0.40380859375 0.466064453125 0.39794921875 0.4755859375 0.395263671875 0.477783203125 0.386474609375 0.490234375 0.381103515625 0.495361328125 0.377685546875 0.501708984375 0.371826171875 0.5078125 0.36962890625 0.51318359375 0.369873046875 0.51611328125
1 0.282470703125 0.52734375 0.29052734375 0.534912109375 0.298828125 0.538330078125 0.306396484375 0.53857421875 0.31591796875 0.536376953125 0.324462890625 0.5302734375 0.329833984375 0.521484375 0.330810546875 0.51611328125 0.330078125 0.504638671875 0.32421875 0.495361328125 0.314208984375 0.488037109375 0.3056640625 0.486572265625 0.298828125 0.48828125 0.28662109375 0.4951171875 0.28271484375 0.498291015625 0.280517578125 0.501220703125 0.279541015625 0.506591796875 0.279052734375 0.51904296875 0.282470703125 0.52734375
1 0.6982421875 0.374755859375 0.704833984375 0.3828125 0.708984375 0.3857421875 0.719482421875 0.38525390625 0.724853515625 0.38427734375 0.731201171875 0.3779296875 0.735595703125 0.369384765625 0.736083984375 0.363525390625 0.733642578125 0.35791015625 0.728271484375 0.352294921875 0.724609375 0.350341796875 0.71923828125 0.349853515625 0.710205078125 0.351806640625 0.705322265625 0.354736328125 0.69970703125 0.366455078125 0.69775390625 0.37255859375 0.6982421875 0.374755859375
1 0.626953125 0.534423828125 0.630859375 0.5458984375 0.634033203125 0.548095703125 0.64990234375 0.551513671875 0.658447265625 0.551513671875 0.661865234375 0.5498046875 0.67333984375 0.53955078125 0.677978515625 0.532958984375 0.68017578125 0.523193359375 0.677734375 0.51220703125 0.673095703125 0.50390625 0.66552734375 0.498291015625 0.651123046875 0.49560546875 0.642578125 0.49609375 0.636962890625 0.498779296875 0.62646484375 0.51123046875 0.622802734375 0.513671875 0.62060546875 0.518798828125 0.620361328125 0.52490234375 0.626953125 0.534423828125
0 0.549560546875 0.679931640625 0.557861328125 0.683349609375 0.571533203125 0.691650390625 0.583251953125 0.697021484375 0.590576171875 0.69775390625 0.59375 0.69580078125 0.60107421875 0.682861328125 0.60693359375 0.668701171875 0.6005859375 0.658935546875 0.60791015625 0.64111328125 0.6162109375 0.625244140625 0.61865234375 0.61865234375 0.621826171875 0.615478515625 0.623046875 0.611572265625 0.62353515625 0.603759765625 0.61669921875 0.5947265625 0.607421875 0.590087890625 0.6044921875 0.589599609375 0.60009765625 0.58984375 0.595458984375 0.59228515625 0.591796875 0.59716796875 0.586669921875 0.609619140625 0.58203125 0.615234375 0.574462890625 0.63232421875 0.5703125 0.63623046875 0.569091796875 0.638916015625 0.564697265625 0.640625 0.56005859375 0.640869140625 0.558349609375 0.64208984375 0.552001953125 0.652099609375 0.544921875 0.66796875 0.544921875 0.673828125 0.549560546875 0.679931640625
1 0.62646484375 0.348876953125 0.630126953125 0.352294921875 0.638671875 0.35693359375 0.64990234375 0.353271484375 0.654541015625 0.349609375 0.656494140625 0.345947265625 0.66015625 0.333740234375 0.65869140625 0.329345703125 0.655029296875 0.32373046875 0.649658203125 0.32080078125 0.641845703125 0.3203125 0.635009765625 0.322509765625 0.630615234375 0.325927734375 0.627197265625 0.33154296875 0.625732421875 0.338623046875 0.62548828125 0.34619140625 0.62646484375 0.348876953125
1 0.521728515625 0.61572265625 0.522216796875 0.61865234375 0.52587890625 0.627197265625 0.528564453125 0.628662109375 0.5380859375 0.641845703125 0.548583984375 0.642822265625 0.568359375 0.64208984375 0.57177734375 0.63916015625 0.577392578125 0.63037109375 0.58349609375 0.615478515625 0.583740234375 0.612548828125 0.58056640625 0.60595703125 0.5771484375 0.602783203125 0.568359375 0.59033203125 0.560546875 0.5869140625 0.55078125 0.5869140625 0.537109375 0.5888671875 0.529052734375 0.60009765625 0.52392578125 0.61279296875 0.521728515625 0.61572265625