0 0.20699193125 0.59229801875 0.202372703125 0.5936962921875 0.1972940078125 0.5980000875 0.1958090734375 0.618701490625 0.1882320796875 0.62283498125 0.174030253125 0.6353273953125 0.162658653125 0.6433627421875 0.1325236609375 0.6679848125000001 0.1252943515625 0.67777095 0.12410811562499999 0.68380850625 0.12491526875 0.6865556328125 0.1297249515625 0.6930019187500001 0.138386903125 0.6982423859375 0.146631290625 0.6988043890625 0.1505534375 0.696624384375 0.15643928437500002 0.6950677171875 0.184186046875 0.672240740625 0.1928846515625 0.66647055 0.2166558078125 0.6458688796875001 0.2208463046875 0.6441476953125 0.23903148125 0.6461215515625 0.2413323609375 0.6455441875 0.2460913453125 0.6421975453125001 0.24829962343749998 0.6394112375 0.2483467796875 0.6352539265625 0.2429098953125 0.627051728125 0.24056357187500002 0.6212628375 0.23570147812500003 0.6155471890624999 0.2343666921875 0.6061562015625 0.23252528125 0.6038280453125 0.211006678125 0.592326959375 0.20699193125 0.59229801875
1 0.5821975328125 0.53081935 0.5820368625000001 0.5364379359375 0.5878402078125 0.543909496875 0.5946021453125 0.5492402359375 0.5998476703125 0.550067934375 0.6084104265625 0.54915163125 0.617741528125 0.5451032921875 0.621649778125 0.5355658203125 0.6221484484375 0.52899008125 0.61919505 0.5224364921875 0.6115428421875 0.51484571875 0.603146309375 0.513570109375 0.5945650859375 0.5147299578125 0.5893805203125 0.51659829375 0.5862535359375001 0.5193335109375 0.5821975328125 0.53081935
1 0.246634884375 0.42316295000000004 0.24604712968750003 0.43095642031250003 0.24721903906249998 0.43641661249999997 0.25441388125 0.44251205000000005 0.2612486984375 0.4463815125 0.2710279375 0.449707671875 0.2769902453125 0.44764688125 0.2863433109375 0.442624359375 0.2883784859375 0.43663789375000006 0.28897908437500003 0.42517420625 0.28713490468749997 0.4216283203125 0.27430836875 0.41320984687499995 0.267570909375 0.4115493265625 0.259092153125 0.4119785375 0.2541988734375 0.4138639046875 0.24797942343749999 0.41933433750000004 0.246634884375 0.42316295000000004
0 0.3555048421875 0.6810980984375 0.346474228125 0.6905385078124999 0.34435877187499997 0.6979862484375 0.344610553125 0.7051001718750001 0.346802125 0.7106284859375 0.3528243890625 0.7171428921875 0.36061799843750003 0.72083693125 0.3680203828125 0.7227920890624999 0.3776577828125 0.722691575 0.380856359375 0.7216782109375 0.390223865625 0.7147073203125001 0.396586571875 0.7026441171875 0.396726015625 0.6972690765625 0.3940834390625 0.6873058453125 0.3888381796875 0.680842528125 0.38106268125 0.67690494375 0.37229284375 0.67583881875 0.367576478125 0.676262909375 0.363878009375 0.6769986671875 0.3555048421875 0.6810980984375
1 0.2393013125 0.3339775078125 0.22794206093749997 0.338359665625 0.2231118359375 0.341219215625 0.217104440625 0.3496292296875 0.214464296875 0.36462689375 0.21591839687499997 0.3728001515625 0.2190659296875 0.37888367968750003 0.22644885312500002 0.3867179984375 0.25105914687499997 0.39765875156249997 0.2549086859375 0.3976706609375 0.25755245000000004 0.39662323593750004 0.2784953296875 0.3840694890625 0.28154992968750003 0.37742050781250003 0.2814856015625 0.3712977984375 0.2807638625 0.353139159375 0.27330411718750003 0.34285235 0.265801525 0.340149525 0.2636632828125 0.3378043375 0.2588098234375 0.3374807609375 0.2485687859375 0.33361641875000003 0.2393013125 0.3339775078125
0 0.564887625 0.3565035921875 0.5613666125 0.3592047484375 0.5585501500000001 0.359260959375 0.5540470203125001 0.3614069015625 0.5496026125 0.3662488796875 0.5468733625 0.3756109265625 0.539374115625 0.39077210625 0.539036084375 0.395399478125 0.5425731453125 0.4029783421875 0.546560334375 0.40789523125000005 0.551180909375 0.411141359375 0.562090934375 0.41578743124999995 0.5749598453125 0.41811725624999996 0.5871490875 0.41575158749999996 0.5933922593750001 0.4107852765625 0.595151834375 0.397197796875 0.601330934375 0.3861087765625 0.602355725 0.37908000625 0.5992563484375 0.3725093875 0.5968900140625 0.3699036234375 0.596358025 0.3666864359375 0.5985891234375 0.3641436734375 0.608888784375 0.3386462640625 0.6109010421875001 0.3355993796875 0.6121215359375001 0.3258916046875 0.6099509015625 0.3206068375 0.607383515625 0.31725340625 0.5999998515625 0.3133328515625 0.5900061265625001 0.31364285000000003 0.58472193125 0.315981246875 0.5816563921875 0.3194471015625 0.564887625 0.3565035921875
0 0.39347999375 0.358673921875 0.38864680156250003 0.3558978546875 0.3858869734375 0.352283846875 0.38080336406250004 0.34949075 0.37661806875 0.33770348437500003 0.3763746359375 0.3305895625 0.37302115625 0.32473255 0.368478665625 0.3249130953125 0.361029278125 0.33052489218750003 0.35687030625 0.3358709921875 0.354464240625 0.3413363046875 0.3517622078125 0.3404183328125 0.3474000875 0.3415900921875 0.345792534375 0.342949184375 0.3430082125 0.34667561562500004 0.3335415421875 0.366344953125 0.3331563078125 0.3717029640625 0.33653954218750004 0.3736462109375 0.357394028125 0.37408554843749997 0.362763071875 0.376408584375 0.3711423625 0.3823626578125 0.3753346390625 0.38705303125 0.3849134703125 0.3938228953125 0.39150483281250004 0.4001448484375 0.3989700140625 0.40481307031249997 0.41840086875000004 0.4215529546875 0.4297501140625 0.428198484375 0.43466559531250004 0.4263301484375 0.4431639109375 0.41662916250000004 0.44694462812499997 0.40954418125 0.4470794484375 0.404169140625 0.44032522500000004 0.39661242812499997 0.43479331875 0.39305463125 0.43273220312499994 0.39022235312500003 0.42575034062499995 0.3858317375 0.401789240625 0.36560217968750003 0.3995880375 0.3647182671875 0.39347999375 0.358673921875
1 0.2667523578125 0.4970066703125 0.265231271875 0.49960052343749994 0.265867396875 0.5086968734374999 0.2769391578125 0.519935715625 0.28417404375 0.522360934375 0.2981054171875 0.5203239625 0.29977953749999997 0.519208415625 0.3027110875 0.5154819859375 0.30620128125 0.50787585 0.3060427015625 0.502970871875 0.2972701015625 0.49285948749999997 0.2922735234375 0.48886569062499996 0.2883924234375 0.48763605156249995 0.279636453125 0.4878046859375 0.2725417109375 0.4905279921875 0.26670994062500003 0.4940670890625 0.2667523578125 0.4970066703125
0 0.6756296828125 0.38180475468749997 0.6718269046875001 0.37493949843749996 0.6657593671875001 0.36792096875 0.653596115625 0.347274109375 0.6484471562499999 0.34154143124999997 0.6363771765624999 0.3231035140625 0.627418425 0.317602471875 0.6231053531249999 0.317800046875 0.6209866546875 0.3191250796875 0.6129324515625 0.329103671875 0.61301341875 0.334982834375 0.6190686484375 0.345671584375 0.632414425 0.36395110625 0.6350293890625001 0.3697570265625 0.6424308015625 0.3793131984375 0.6434778453125001 0.38232089999999996 0.648860846875 0.3883141546875 0.64989029375 0.3915654046875 0.6598661875 0.40398791406249995 0.6609308265625 0.406752071875 0.6607020734375 0.40991816875 0.6562711171875 0.41524723750000003 0.6550586921875 0.421528340625 0.6558540953125 0.42451901249999996 0.659815240625 0.42919235625 0.671102121875 0.44096938124999996 0.6742854609375 0.44240850624999994 0.678633725 0.4417238390625 0.6922117015625 0.4357901328125 0.706194396875 0.424254871875 0.71008688125 0.4193788328125 0.709970721875 0.4139867625 0.7040210671875 0.40183673750000004 0.704262128125 0.395000421875 0.7035599968749999 0.39421869374999996 0.6981119 0.39262629531250004 0.686559346875 0.395026025 0.6846166124999999 0.3939155984375 0.6756296828125 0.38180475468749997
1 0.43115992500000005 0.6897871609374999 0.4206076703125 0.6969164453125 0.4096205890625 0.7064641578125 0.40919652656250005 0.7157359328124999 0.41012886093749995 0.72754535 0.4136558703125 0.739037978125 0.4169699109375 0.7429295921875 0.421908753125 0.745705659375 0.43712431250000006 0.7521025234375001 0.4427359734375 0.7527207375 0.4492226625 0.7519287671875 0.4551385109375 0.7484067015625 0.4721130140625 0.7343627390624999 0.473845175 0.7317859171875 0.47398294375 0.7264108765625 0.470327053125 0.7026728296875 0.46814392812500005 0.6973880625 0.46593039531249997 0.696017059375 0.452309228125 0.6924184140625 0.437897121875 0.6855855484375 0.4340230015625 0.685817184375 0.43115992500000005 0.6897871609374999
0 0.30160524375 0.634146725 0.2976214484375 0.633387146875 0.292072584375 0.62982935 0.2838081234375 0.6219269093750001 0.274819959375 0.6100596125 0.27146148124999997 0.6076292734375001 0.2659951578125 0.599427075 0.25951181874999996 0.5948269749999999 0.25156179375 0.593064271875 0.24437060000000002 0.594779334375 0.23514009531250002 0.6002719187500001 0.22942614843750003 0.606002928125 0.2286129046875 0.6137793671875 0.23370509374999998 0.62366935625 0.23672456875 0.6273003953125 0.24110534062500003 0.6295553093749999 0.2463731765625 0.6370098390625001 0.2518517828125 0.64154181875 0.25505218125 0.6461640703125 0.2601689375 0.648713621875 0.266494196875 0.6555056359375 0.26700184375 0.6589663703124999 0.2638576984375 0.66756371875 0.2652295609375 0.6730409421875 0.28165309843749997 0.6903070984374999 0.29201484375 0.6971280531249999 0.2965536984375 0.6971910546875 0.30517645 0.693125684375 0.31503227031250003 0.6859623406249999 0.3223587015625 0.6788722375 0.32758784531249996 0.672863621875 0.3304685265625 0.6679194609375 0.3313977171875 0.66553509375 0.33125892343749996 0.6569598953125 0.329151078125 0.6511880359375 0.3249635125 0.646254115625 0.31707846562499997 0.6400905578125 0.312931309375 0.63809621875 0.308404740625 0.6343629984375 0.30619678906250003 0.6334790875 0.30160524375 0.634146725
1 0.51880375625 0.6147372812499999 0.520146984375 0.6180055609374999 0.532748909375 0.62665055 0.5360866609375 0.6280896734375 0.5405905015625 0.6281356453125 0.5495557328125 0.6252880046875 0.5587423640625 0.6195178140625 0.5594194640625 0.6070799421874999 0.5590891734375 0.600940203125 0.5575005484375 0.5974113484375 0.5424871062500001 0.589100178125 0.5346695109375 0.590798209375 0.525931225 0.5941499718750001 0.5217336796875001 0.5970606125 0.51880375625 0.6147372812499999
0 0.34641510625 0.5279214125 0.3396262375 0.5313753578125 0.3186941953125 0.5461039859375 0.31404807031250004 0.54774580625 0.3106133625 0.5465331984375 0.3055838359375 0.5430094624999999 0.29757828750000004 0.5458911640624999 0.28639889531249996 0.55443063125 0.285007165625 0.5562938468749999 0.2849774171875 0.5602076125 0.2882948515625 0.566551715625 0.3037195765625 0.5864457859375001 0.3070317484375 0.5893632171875 0.31125248125 0.590139825 0.3130573609375 0.5895284000000001 0.3293310390625 0.5801118109375001 0.33022209375 0.578214534375 0.33005402031250003 0.5735531015625 0.3323543140625 0.5695490640624999 0.33785121875 0.5630703859375 0.3456536828125 0.55601434375 0.3656071421875 0.5444007203125001 0.373322078125 0.5385624078125 0.375587359375 0.5350454625000001 0.3835578984375 0.532650853125 0.38752302968749996 0.5299837593750001 0.39152843437499996 0.5302562453124999 0.3980214296875 0.520419015625 0.4001589109375 0.5151802187500001 0.400066121875 0.5129712750000001 0.3980931671875 0.5089212671875 0.39103816875 0.5020781609375 0.388802634375 0.5016813421874999 0.383387990625 0.5035156171875 0.36383017500000003 0.5166245765624999 0.35625528281249996 0.520514521875 0.34641510625 0.5279214125
1 0.5787809968750001 0.5625876203125 0.5763701078125 0.5643827140625 0.57069825 0.5657128671875 0.5665043234375 0.56763229375 0.5632486546875 0.5705940265625 0.56136510625 0.5756063078125 0.5585345390625001 0.5971967421875 0.5568449796875 0.59953001875 0.557460496875 0.601529478125 0.5561871609375 0.6051145453125 0.55701960625 0.607618125 0.5562506734375 0.611237253125 0.557088421875 0.61716750625 0.56265976875 0.620725303125 0.5637444140625 0.6232459140625 0.5663598999999999 0.6256251609375 0.58938955625 0.6435776546875001 0.5978232859375 0.6461050546875 0.6063398906249999 0.643988053125 0.633685078125 0.63384249375 0.6401258703125 0.6288932140625 0.642390371875 0.6256198140625 0.643101096875 0.61930465 0.646575421875 0.6063234750000001 0.647252603125 0.5899718390625 0.6468434109375 0.5816231562499999 0.6361292734374999 0.5720891359375 0.6083430796875 0.5533259734375 0.6042549671875 0.553784125 0.6008176421875 0.5557546421875 0.595955290625 0.5564052484374999 0.5787809968750001 0.5625876203125
0 0.48657348593750005 0.770569265625 0.4932677296875 0.7683160203125 0.5238958953124999 0.742668675 0.5315929171875 0.74097064375 0.533333234375 0.7386373671875 0.5322523343750001 0.7356296640625 0.5226060328125001 0.724963065625 0.518262484375 0.723699365625 0.513046996875 0.73412586875 0.486369984375 0.7592980328125 0.4833180796875 0.7652163765625 0.4835469875 0.769147171875 0.48657348593750005 0.770569265625
1 0.244018140625 0.4711925859375 0.24332571875000003 0.4838740046875 0.24740522343750002 0.489277984375 0.2511430796875 0.49221244531249997 0.25872899375 0.49662009218750003 0.26629101875 0.4978446109375 0.2768965546875 0.49021120468749996 0.28565063125 0.48612880468749997 0.286269584375 0.4744215703125 0.28254457187500004 0.467816890625 0.2709030421875 0.461188390625 0.26628537343750003 0.45942056875 0.261783428125 0.45961814375000004 0.2531211875 0.46248281406249997 0.24523408125 0.4690687953125 0.244018140625 0.4711925859375
1 0.6406270625 0.6171297671875 0.6385704624999999 0.6309437625000001 0.6430727890625 0.6400520234375 0.6513606359375 0.64696325 0.6593855375000001 0.6504307734375 0.6717470390625 0.6512482328125 0.6807011953125001 0.6491482609375 0.6889133609375 0.6430834328125 0.6935380953125 0.636536634375 0.69513189375 0.6324815046875 0.6961151734375 0.6261833718750001 0.6954452140625 0.6212443328125 0.6914525359375 0.6087434593750001 0.6815600625 0.599034015625 0.671971965625 0.5957078546875 0.6595564375 0.5956210343749999 0.6497216375 0.599131190625 0.6451869453125 0.6044602593749999 0.6406270625 0.6171297671875
0 0.4021171265625 0.465043821875 0.40163425156250004 0.4681928875 0.40326333593749997 0.47026046875 0.4113450671875 0.474475659375 0.41413273281249996 0.4780896671875 0.40853624843749997 0.492152328125 0.40626510156249995 0.495425728125 0.40195100781250004 0.5093299953125 0.39773240312499997 0.5149196421875 0.3908712171875 0.5288971515625 0.380813825 0.555385775 0.377354040625 0.5610265125 0.373628946875 0.5703204390625001 0.3728277 0.5778533312499999 0.3767031953125 0.58398795 0.3853969296875 0.5867759265625 0.3896969203125 0.58706544375 0.3946619765625 0.5851971078125 0.3968977484375 0.5824108 0.43738384531249996 0.4904235734375 0.44162545625 0.4880170546875 0.44907217499999996 0.490476334375 0.453372165625 0.49076585 0.45526656093750006 0.4891802421875 0.4560023765625 0.48604820625 0.45469698125 0.48302347343749996 0.45469166406249995 0.47959680000000005 0.456292425 0.4750545796875 0.4569645453125 0.465799834375 0.4558767140625 0.46327922343749994 0.4527476734375 0.460865915625 0.41943199687500005 0.4471201546875 0.41502588124999995 0.4482919140625 0.41129547187500004 0.45415916718749993 0.40875901406250004 0.46108575468749996 0.4021171265625 0.465043821875
0 0.296823953125 0.28882255625000003 0.2727832296875 0.28767473125 0.2686423828125 0.2893506125 0.2642392484375 0.29467968125 0.2614693890625 0.30525945781249997 0.2605181796875 0.32550782968749997 0.26156390625000003 0.33194220625000004 0.26288940781250003 0.334479846875 0.262877178125 0.3381500671875 0.2671859125 0.34113561875 0.277566028125 0.343555715625 0.2950527390625 0.3449913890625 0.29869346406249997 0.343281446875 0.298885809375 0.3406024421875 0.30063097031249997 0.3372949828125 0.3047718171875 0.33561910156249997 0.32492175625 0.33845983749999997 0.34674275312499997 0.3401906984375 0.3572721734375 0.34286570156249996 0.36143050625 0.34094627499999997 0.36600152812500003 0.3402786375 0.36729205781249996 0.343303371875 0.36515169062499997 0.3451154953125 0.368315040625 0.3465546203125 0.3684426984375 0.348276471875 0.3733739546875 0.34959126406249996 0.380480546875 0.3486068390625 0.3781914921875 0.33499041875 0.368710128125 0.3130525875 0.3639362453125 0.3095458828125 0.3130988796875 0.30363622343749996 0.3070624703125 0.3037145859375 0.30203852656249996 0.30019085156249997 0.300952571875 0.29081689375 0.296823953125 0.28882255625000003
1 0.4291413484375 0.5950069515624999 0.43014225 0.6024155109375 0.4332614765625 0.6055594578125 0.454095171875 0.6201585203125 0.45816325312500006 0.6209180984375 0.46266718906250004 0.619259246875 0.4848353 0.6087390203124999 0.48811055937500003 0.6062643796875 0.491032371875 0.5770899609375 0.48611227343749996 0.5704001296875 0.4713860875 0.5603671078125 0.4618185640625 0.55728449375 0.45004303281249997 0.5596842234375 0.43988362031249995 0.5646386234375 0.4330586703125 0.5698144203125 0.4291413484375 0.5950069515624999