0 0.80126953125 0.5888671875 0.814697265625 0.60107421875 0.83056640625 0.60986328125 0.839111328125 0.612548828125 0.844970703125 0.613525390625 0.853271484375 0.612548828125 0.856689453125 0.609375 0.85791015625 0.60693359375 0.85791015625 0.60107421875 0.854248046875 0.591064453125 0.854248046875 0.583740234375 0.857666015625 0.58056640625 0.859375 0.57666015625 0.87451171875 0.556884765625 0.89306640625 0.52880859375 0.89501953125 0.5205078125 0.89306640625 0.512939453125 0.888916015625 0.509521484375 0.88037109375 0.505615234375 0.87548828125 0.505126953125 0.86669921875 0.50732421875 0.85595703125 0.517333984375 0.846435546875 0.531494140625 0.84130859375 0.53662109375 0.837890625 0.542724609375 0.833251953125 0.54833984375 0.83056640625 0.553955078125 0.82470703125 0.559814453125 0.821044921875 0.566650390625 0.81787109375 0.568359375 0.8056640625 0.5703125 0.80029296875 0.574462890625 0.799072265625 0.577392578125 0.798828125 0.581298828125 0.80126953125 0.5888671875
1 0.622314453125 0.355224609375 0.650146484375 0.373779296875 0.65380859375 0.374755859375 0.657958984375 0.37451171875 0.689453125 0.360595703125 0.697021484375 0.352783203125 0.69873046875 0.338623046875 0.698486328125 0.3134765625 0.697265625 0.31103515625 0.68896484375 0.302490234375 0.67236328125 0.293212890625 0.66064453125 0.291259765625 0.654052734375 0.291259765625 0.6474609375 0.29248046875 0.641357421875 0.29541015625 0.638427734375 0.294189453125 0.632568359375 0.299560546875 0.6259765625 0.302490234375 0.621826171875 0.30224609375 0.622314453125 0.311767578125 0.619384765625 0.34228515625 0.619140625 0.350830078125 0.622314453125 0.355224609375
0 0.5419921875 0.25439453125 0.541015625 0.263916015625 0.54541015625 0.2685546875 0.550537109375 0.26904296875 0.557861328125 0.267822265625 0.560791015625 0.268798828125 0.569091796875 0.289794921875 0.57275390625 0.2958984375 0.57861328125 0.31103515625 0.583251953125 0.3193359375 0.586181640625 0.327880859375 0.595458984375 0.34765625 0.598876953125 0.35205078125 0.6025390625 0.353515625 0.607421875 0.353271484375 0.61474609375 0.34912109375 0.618408203125 0.34228515625 0.6181640625 0.331298828125 0.6142578125 0.32861328125 0.6083984375 0.31396484375 0.60546875 0.311279296875 0.596923828125 0.29345703125 0.596435546875 0.29052734375 0.593505859375 0.287109375 0.586181640625 0.26708984375 0.58544921875 0.257568359375 0.59228515625 0.24462890625 0.592529296875 0.240478515625 0.580078125 0.228515625 0.57861328125 0.22900390625 0.576904296875 0.23193359375 0.5740966796875 0.2308349609375 0.57177734375 0.228759765625 0.571533203125 0.22607421875 0.568359375 0.2216796875 0.560546875 0.224609375 0.548828125 0.23095703125 0.54443359375 0.234619140625 0.540283203125 0.240478515625 0.539794921875 0.244140625 0.5419921875 0.25439453125
0 0.185546875 0.468017578125 0.18798828125 0.4814453125 0.191162109375 0.486572265625 0.200927734375 0.489501953125 0.2109375 0.48974609375 0.21630859375 0.48876953125 0.22021484375 0.48681640625 0.222412109375 0.482421875 0.22509765625 0.480224609375 0.228759765625 0.48095703125 0.238037109375 0.47900390625 0.244873046875 0.47900390625 0.247802734375 0.478515625 0.25146484375 0.476318359375 0.263671875 0.474853515625 0.267578125 0.475830078125 0.271240234375 0.4736328125 0.2744140625 0.47021484375 0.2802734375 0.46728515625 0.286376953125 0.4677734375 0.29833984375 0.4716796875 0.300537109375 0.47119140625 0.301513671875 0.46923828125 0.2998046875 0.463623046875 0.300048828125 0.458984375 0.3017578125 0.45458984375 0.2978515625 0.45166015625 0.294677734375 0.45068359375 0.274169921875 0.450927734375 0.248291015625 0.453125 0.2216796875 0.4541015625 0.218994140625 0.453125 0.216552734375 0.44873046875 0.215087890625 0.447998046875 0.2109375 0.447021484375 0.2021484375 0.447021484375 0.1923828125 0.448486328125 0.188232421875 0.451171875 0.186767578125 0.4541015625 0.185546875 0.4599609375 0.185546875 0.468017578125
0 0.542724609375 0.49267578125 0.543701171875 0.498291015625 0.548583984375 0.50439453125 0.55419921875 0.507080078125 0.56884765625 0.51171875 0.580078125 0.511962890625 0.583251953125 0.51025390625 0.590576171875 0.495849609375 0.595458984375 0.49267578125 0.596435546875 0.489501953125 0.595458984375 0.484130859375 0.586181640625 0.47509765625 0.585205078125 0.471923828125 0.587890625 0.466552734375 0.58984375 0.4560546875 0.591796875 0.451904296875 0.597900390625 0.427490234375 0.607177734375 0.397216796875 0.606689453125 0.39013671875 0.603759765625 0.385986328125 0.599609375 0.3837890625 0.59326171875 0.383056640625 0.58935546875 0.3837890625 0.5869140625 0.385986328125 0.58251953125 0.396240234375 0.58154296875 0.40234375 0.5791015625 0.4072265625 0.577392578125 0.4150390625 0.57080078125 0.433837890625 0.56982421875 0.439697265625 0.5615234375 0.467041015625 0.548583984375 0.47021484375 0.544921875 0.471923828125 0.543701171875 0.474609375 0.5439453125 0.484619140625 0.542724609375 0.49267578125
0 0.458740234375 0.701171875 0.462646484375 0.70556640625 0.48291015625 0.70849609375 0.494873046875 0.712158203125 0.50390625 0.71240234375 0.509765625 0.7138671875 0.54345703125 0.717529296875 0.546630859375 0.71875 0.559814453125 0.73291015625 0.564208984375 0.733642578125 0.56591796875 0.72998046875 0.56884765625 0.712890625 0.572021484375 0.681884765625 0.571044921875 0.67431640625 0.568603515625 0.671142578125 0.565185546875 0.675537109375 0.560302734375 0.677001953125 0.552978515625 0.681640625 0.547119140625 0.68310546875 0.537353515625 0.68115234375 0.528076171875 0.681396484375 0.521484375 0.679443359375 0.5 0.67822265625 0.471435546875 0.673828125 0.462890625 0.673828125 0.459716796875 0.677001953125 0.457763671875 0.688232421875 0.457275390625 0.69775390625 0.458740234375 0.701171875
0 0.43408203125 0.78271484375 0.435546875 0.78466796875 0.450927734375 0.78759765625 0.4697265625 0.788818359375 0.474853515625 0.788330078125 0.477294921875 0.78564453125 0.47802734375 0.78271484375 0.479736328125 0.76220703125 0.47802734375 0.759521484375 0.470947265625 0.756103515625 0.472900390625 0.732421875 0.473876953125 0.7294921875 0.4755859375 0.728759765625 0.479736328125 0.73046875 0.48095703125 0.732666015625 0.487060546875 0.7333984375 0.487548828125 0.732666015625 0.484130859375 0.7314453125 0.48291015625 0.72900390625 0.48779296875 0.726806640625 0.4849853515625 0.726318359375 0.482421875 0.723876953125 0.47607421875 0.724853515625 0.4736328125 0.72119140625 0.470703125 0.718994140625 0.469482421875 0.720458984375 0.466552734375 0.721435546875 0.46142578125 0.719482421875 0.458984375 0.716064453125 0.457275390625 0.720458984375 0.451171875 0.722900390625 0.4482421875 0.72705078125 0.44482421875 0.75146484375 0.44287109375 0.754150390625 0.4384765625 0.75537109375 0.436279296875 0.757568359375 0.434326171875 0.770751953125 0.43359375 0.77978515625 0.43408203125 0.78271484375
0 0.457763671875 0.718994140625 0.4658203125 0.7236328125 0.470947265625 0.728271484375 0.47412109375 0.72998046875 0.48046875 0.7314453125 0.487548828125 0.735595703125 0.494384765625 0.740234375 0.497802734375 0.74462890625 0.501953125 0.741943359375 0.506591796875 0.733154296875 0.505859375 0.728515625 0.502197265625 0.72900390625 0.495849609375 0.727783203125 0.485107421875 0.720947265625 0.470703125 0.71435546875 0.461181640625 0.710693359375 0.45849609375 0.710693359375 0.45703125 0.711669921875 0.45654296875 0.7158203125 0.457763671875 0.718994140625
1 0.47412109375 0.631591796875 0.477294921875 0.634765625 0.482177734375 0.636962890625 0.5009765625 0.64111328125 0.505615234375 0.64111328125 0.513916015625 0.633056640625 0.519287109375 0.625244140625 0.52587890625 0.61865234375 0.5244140625 0.610107421875 0.517822265625 0.58935546875 0.510498046875 0.586181640625 0.49462890625 0.58251953125 0.486328125 0.5830078125 0.482177734375 0.5849609375 0.47509765625 0.593017578125 0.470458984375 0.60009765625 0.466796875 0.602783203125 0.466796875 0.608154296875 0.47412109375 0.631591796875
1 0.587646484375 0.23779296875 0.5908203125 0.244140625 0.587890625 0.25244140625 0.590576171875 0.25537109375 0.606201171875 0.264404296875 0.610595703125 0.265625 0.615478515625 0.26513671875 0.62744140625 0.259521484375 0.63623046875 0.2529296875 0.639892578125 0.243896484375 0.6396484375 0.237548828125 0.641357421875 0.2294921875 0.64111328125 0.22265625 0.638427734375 0.21435546875 0.634521484375 0.210205078125 0.626953125 0.20556640625 0.619140625 0.202880859375 0.6142578125 0.20263671875 0.611083984375 0.202880859375 0.60302734375 0.205810546875 0.592529296875 0.21484375 0.590087890625 0.22021484375 0.5888671875 0.228271484375 0.589599609375 0.234130859375 0.587646484375 0.23779296875
1 0.72509765625 0.26416015625 0.727783203125 0.267578125 0.732177734375 0.27001953125 0.744140625 0.27197265625 0.746337890625 0.27099609375 0.756103515625 0.26171875 0.7607421875 0.25244140625 0.76123046875 0.244384765625 0.759765625 0.240478515625 0.755615234375 0.235107421875 0.748046875 0.232666015625 0.739990234375 0.23291015625 0.735595703125 0.234375 0.728515625 0.2412109375 0.72216796875 0.252197265625 0.722412109375 0.2578125 0.72509765625 0.26416015625
1 0.57958984375 0.571044921875 0.580078125 0.57763671875 0.60107421875 0.59521484375 0.607177734375 0.59619140625 0.626953125 0.590087890625 0.635009765625 0.583984375 0.6396484375 0.56884765625 0.639892578125 0.557373046875 0.634765625 0.548583984375 0.631103515625 0.544677734375 0.62353515625 0.539306640625 0.618408203125 0.537109375 0.61083984375 0.5361328125 0.591552734375 0.542236328125 0.586669921875 0.545166015625 0.583740234375 0.55322265625 0.581787109375 0.56591796875 0.57958984375 0.571044921875
1 0.6728515625 0.593017578125 0.677490234375 0.596923828125 0.687255859375 0.598876953125 0.692626953125 0.5986328125 0.70068359375 0.59521484375 0.703369140625 0.592041015625 0.70703125 0.58349609375 0.70751953125 0.577392578125 0.705322265625 0.571044921875 0.6982421875 0.563232421875 0.693603515625 0.56201171875 0.681640625 0.5615234375 0.678955078125 0.562744140625 0.67333984375 0.56787109375 0.67138671875 0.571044921875 0.669677734375 0.57177734375 0.665771484375 0.58056640625 0.6728515625 0.593017578125
1 0.7490234375 0.46630859375 0.75927734375 0.46826171875 0.763671875 0.468017578125 0.770751953125 0.4638671875 0.77587890625 0.45751953125 0.778564453125 0.451904296875 0.7783203125 0.44580078125 0.77587890625 0.4404296875 0.77099609375 0.436279296875 0.755859375 0.43505859375 0.747802734375 0.441650390625 0.742919921875 0.451416015625 0.743408203125 0.45751953125 0.7490234375 0.46630859375
1 0.69482421875 0.44482421875 0.69677734375 0.451171875 0.698974609375 0.45458984375 0.70361328125 0.457763671875 0.712646484375 0.4599609375 0.717041015625 0.460205078125 0.724609375 0.455322265625 0.73095703125 0.448486328125 0.7333984375 0.44287109375 0.733154296875 0.436279296875 0.72900390625 0.42822265625 0.724365234375 0.42529296875 0.716796875 0.423583984375 0.708984375 0.423828125 0.70068359375 0.43115234375 0.696044921875 0.43701171875 0.694580078125 0.43994140625 0.69482421875 0.44482421875
1 0.27294921875 0.56005859375 0.274658203125 0.56396484375 0.278076171875 0.56884765625 0.283447265625 0.573486328125 0.29248046875 0.577392578125 0.3017578125 0.577880859375 0.31201171875 0.574951171875 0.320068359375 0.56787109375 0.326171875 0.557373046875 0.326171875 0.547607421875 0.321533203125 0.536376953125 0.3154296875 0.530029296875 0.309326171875 0.527587890625 0.2998046875 0.5263671875 0.294677734375 0.528076171875 0.286865234375 0.5283203125 0.2783203125 0.535888671875 0.272216796875 0.545166015625 0.271240234375 0.54833984375 0.27294921875 0.56005859375
0 0.302734375 0.469970703125 0.304931640625 0.471923828125 0.322265625 0.48291015625 0.326171875 0.483642578125 0.327880859375 0.4814453125 0.333251953125 0.4794921875 0.33984375 0.482421875 0.352783203125 0.492919921875 0.36669921875 0.50244140625 0.37548828125 0.510498046875 0.384521484375 0.51416015625 0.389404296875 0.512939453125 0.39111328125 0.511474609375 0.39599609375 0.5029296875 0.400390625 0.498046875 0.40087890625 0.4951171875 0.3984375 0.488037109375 0.38232421875 0.478271484375 0.376708984375 0.4716796875 0.357177734375 0.45556640625 0.35595703125 0.454345703125 0.355224609375 0.451171875 0.357177734375 0.44580078125 0.357177734375 0.443115234375 0.355224609375 0.442138671875 0.35009765625 0.436279296875 0.333740234375 0.42529296875 0.32958984375 0.425048828125 0.321533203125 0.430908203125 0.3115234375 0.442138671875 0.305908203125 0.451416015625 0.30126953125 0.45458984375 0.29931640625 0.46337890625 0.302734375 0.469970703125
0 0.263427734375 0.51513671875 0.266845703125 0.51904296875 0.273193359375 0.521728515625 0.29052734375 0.52734375 0.295166015625 0.5263671875 0.324951171875 0.526123046875 0.35693359375 0.535888671875 0.361572265625 0.535888671875 0.3662109375 0.533447265625 0.368896484375 0.527099609375 0.37255859375 0.512939453125 0.371826171875 0.507568359375 0.3681640625 0.503662109375 0.361328125 0.500244140625 0.355712890625 0.4990234375 0.353515625 0.497314453125 0.349853515625 0.499267578125 0.34521484375 0.498779296875 0.337646484375 0.496826171875 0.325927734375 0.49169921875 0.31494140625 0.48828125 0.312744140625 0.487060546875 0.312255859375 0.483642578125 0.313720703125 0.480712890625 0.3115234375 0.477783203125 0.3046875 0.4736328125 0.284423828125 0.467529296875 0.279296875 0.4677734375 0.273193359375 0.471435546875 0.27099609375 0.475341796875 0.269775390625 0.484130859375 0.266845703125 0.4892578125 0.263671875 0.501708984375 0.262939453125 0.507080078125 0.263427734375 0.51513671875
0 0.400146484375 0.4931640625 0.39794921875 0.498291015625 0.392333984375 0.50439453125 0.39111328125 0.507080078125 0.39453125 0.53662109375 0.39599609375 0.539306640625 0.400390625 0.54296875 0.40771484375 0.544677734375 0.422607421875 0.544921875 0.439697265625 0.541748046875 0.443603515625 0.538818359375 0.447265625 0.532958984375 0.448486328125 0.5224609375 0.4482421875 0.51318359375 0.4462890625 0.509765625 0.445068359375 0.501708984375 0.438232421875 0.4990234375 0.434814453125 0.492919921875 0.431884765625 0.4482421875 0.427734375 0.44189453125 0.419921875 0.439697265625 0.4130859375 0.439697265625 0.404052734375 0.442626953125 0.4013671875 0.44580078125 0.400146484375 0.449462890625 0.4013671875 0.486328125 0.400146484375 0.4931640625
1 0.6171875 0.302001953125 0.619140625 0.30517578125 0.622802734375 0.3056640625 0.626708984375 0.302734375 0.634765625 0.299560546875 0.645751953125 0.2919921875 0.650146484375 0.290283203125 0.6484375 0.289306640625 0.647705078125 0.287109375 0.6484375 0.283935546875 0.646240234375 0.27587890625 0.6416015625 0.275146484375 0.63671875 0.276123046875 0.630615234375 0.279052734375 0.61767578125 0.291015625 0.616455078125 0.29345703125 0.6171875 0.302001953125