0 0.6927659828125 0.40897611562499997 0.6851568859375 0.4083969890625 0.6813975765625 0.40663820156249997 0.6732880906250001 0.40584082343750005 0.668141571875 0.4102666265625 0.6647655828125 0.41582202031250004 0.6624287046874999 0.4225453328125 0.6622860796875 0.4291536515625 0.663671215625 0.4322592421875 0.6672122734375 0.4345184203125 0.6780930671875 0.43688189062499994 0.6987250656249999 0.443379359375 0.7194858749999999 0.4476697953125 0.72357843125 0.4511224484375 0.7229354171875 0.45751251562500006 0.7242949984375 0.4601304953125 0.727079084375 0.46194039218749994 0.7429126625 0.4655111515625 0.7507783421875 0.4663213078125 0.754589796875 0.46441022812500005 0.757849753125 0.4613056734375 0.7601227453125 0.45336332968750004 0.7628567578125 0.4495529109375 0.7685706625 0.4326291125 0.769791765625 0.423275040625 0.7688048015625 0.4184372515625 0.7637370203125 0.41503570781250004 0.752650753125 0.41341643437500003 0.7400122078125 0.41016718125 0.7350317953125 0.4177624640625 0.732413815625 0.4191220453125 0.7017602140625 0.412660834375 0.6927659828125 0.40897611562499997
0 0.51554905625 0.2835575671875 0.5144705765625 0.2863033203125 0.46972767187500003 0.33754333124999997 0.4687514109375 0.34223953281249997 0.4703931296875 0.345576153125 0.47887315937499997 0.35344390625 0.48263246718749997 0.35520269375 0.48671328437500005 0.35376645 0.5055809734375 0.3312637765625 0.5098683 0.32443824375 0.519866421875 0.3146241890625 0.5309302453125 0.301820575 0.5354986734375 0.3003587765625 0.5389758437500001 0.30139892343749997 0.541824853125 0.299782759375 0.547881671875 0.29873190781250003 0.55544276875 0.284400534375 0.55523833125 0.2804996375 0.5527757531249999 0.27549470625 0.54216639375 0.2643158875 0.5333137484375 0.25866794375 0.526512734375 0.2595133203125 0.5199928218750001 0.26572243125 0.5138700421875 0.2748444359375 0.51554905625 0.2835575671875
1 0.6702329078125 0.4688311859375 0.6745692703125 0.47227106093750004 0.684859196875 0.4773547296875 0.6897225406249999 0.4768553765625 0.6949840546875 0.4746238265625 0.7045967828124999 0.46678577499999996 0.7052909046875 0.4613709328125 0.704177203125 0.4494499921875 0.70076495625 0.4449837828125 0.691026528125 0.44109358906249996 0.6849058218749999 0.44092541093750004 0.678707415625 0.44393948749999995 0.6710195828125001 0.45118770937499997 0.6697218140625 0.45907894374999997 0.6702329078125 0.4688311859375
1 0.28968140937500003 0.298084021875 0.2809672421875 0.304408128125 0.2753448515625 0.313748384375 0.274290890625 0.32162684218750004 0.2747519109375 0.3257587671875 0.27809923593749997 0.3336510375 0.2869370296875 0.3483453609375 0.29108069531249997 0.3527732375 0.294827228125 0.3542882203125 0.3137025109375 0.3552548140625 0.31879688281249996 0.35449887812499997 0.32186414375 0.352382325 0.3266135265625 0.345043625 0.3294114265625 0.3424522375 0.33155560781250004 0.336716925 0.33318558593750003 0.33516464687499997 0.33360931250000003 0.3339200625 0.3311722875 0.32940274375 0.3295954921875 0.32264006093750003 0.3269913265625 0.31959835625 0.32387503125 0.3114495015625 0.3195780375 0.3040959515625 0.3172687875 0.3020166921875 0.3077486109375 0.2976261109375 0.2986639 0.29687984218749996 0.28968140937500003 0.298084021875
0 0.43288017500000003 0.198900915625 0.430724253125 0.1997473296875 0.4281829375 0.20256974687499998 0.4228447578125 0.20333846093750002 0.412757196875 0.2114458734375 0.401821146875 0.22668754687499998 0.401742409375 0.23451489531249997 0.4067314515625 0.2457437875 0.4107079765625 0.251647278125 0.4153392546875 0.2560496 0.42211367656250004 0.259361703125 0.43326383125 0.2622000078125 0.4386147875 0.2616751 0.44123276718750004 0.26031551875000003 0.4465592046875 0.25465790781250003 0.454479103125 0.24250801093750002 0.456828759375 0.236028503125 0.4573301859375 0.2316016625 0.4565103625 0.22528826093749998 0.45766654375 0.2193602515625 0.4742122046875 0.1945345140625 0.47597203125 0.1861301140625 0.475511009375 0.18199818750000002 0.4733177921875 0.17746809218749998 0.46554362656250003 0.1690743953125 0.46088575781249996 0.16882955156249999 0.4504649484375 0.1752431 0.4463319859375 0.1803492125 0.44210854531250005 0.188393775 0.43288017500000003 0.198900915625
0 0.21193104843750002 0.713122346875 0.2043730609375 0.7135184437500001 0.1998557421875 0.71595546875 0.1927587765625 0.7204834906250001 0.185378634375 0.7289379640625 0.1859418734375 0.7350203390625001 0.1964224234375 0.7484061890625 0.2025793875 0.7585959703125 0.2124956609375 0.7705445390625 0.21443229531250002 0.7748436062499999 0.2198461015625 0.780182821875 0.22175718125000002 0.7839942765625 0.22854334375000002 0.792195278125 0.23433408125000002 0.8047267703125 0.23454490625000002 0.8087495703125 0.233041665625 0.817385 0.23067923281249997 0.8236207015625 0.23081978281249999 0.8263025687500001 0.23334728437500002 0.8278814375 0.23773579374999998 0.8276514453124999 0.2451148984375 0.8238420640624999 0.2784448453125 0.797403271875 0.285850540625 0.7894364109375 0.2863519671875 0.7850095703125 0.28428652187500003 0.782917534375 0.28000126875000003 0.7804528828125 0.2669773296875 0.7791796328125 0.26190955 0.7757780890625 0.24887697968750003 0.7556806640625 0.2405896484375 0.746824909375 0.220039496875 0.7185648171875 0.21193104843750002 0.713122346875
1 0.3181466125 0.39340458906250003 0.3227012265625 0.396344075 0.3323502125 0.398527625 0.3366620578125 0.396834796875 0.344837503125 0.38956102187499997 0.3431978578125 0.3769342171875 0.3381183375 0.368643775 0.32694262812499997 0.3653178578125 0.3220920625 0.3660610171875 0.31568818125 0.3698192890625 0.3123505234375 0.3761061 0.3146449234375 0.3872317375 0.3181466125 0.39340458906250003
0 0.3992235109375 0.42436002500000003 0.396346875 0.43477876093749995 0.382672665625 0.472411221875 0.377715734375 0.48978430156249997 0.37463466093750003 0.496302140625 0.3743632265625 0.505117490625 0.3841783171875 0.5104705187499999 0.3929031890625 0.513680403125 0.39733002968750003 0.5141818296875 0.401346959375 0.5115265546875001 0.41354348124999996 0.4830171359375 0.41360840468750004 0.4795910734375 0.42420050312499996 0.45312154375 0.42837387031249996 0.439456665625 0.43660042656250003 0.43315811406250004 0.44734170625 0.428194625 0.4476632125 0.42499959218749994 0.44507182343749996 0.42220169218750003 0.4307787828125 0.41537201250000005 0.4070805609375 0.40634600625 0.3986506046875 0.40409856875 0.3945059015625 0.40431578437500004 0.3937095609375 0.407780178125 0.39731346875 0.415903478125 0.3992235109375 0.42436002500000003
1 0.46270355937499996 0.41809946875000004 0.44852240312499997 0.42739932031250005 0.444556584375 0.43102981875 0.4439657171875 0.4337500171875 0.44068020468749997 0.4363669609375 0.43844658281250004 0.44039563125000003 0.43844139843749996 0.46362109062499995 0.4397733515625 0.4750416421875 0.4415045109375 0.48008490625 0.44255639999999996 0.4814966328125 0.4746707640625 0.49717136249999994 0.48253644375000004 0.49798151874999996 0.5032630671875 0.48296016875000003 0.51227215 0.47759850937500004 0.5154937734375 0.47376253593750006 0.516341225 0.471273365625 0.514679134375 0.4442236734375 0.5109218984375 0.4331747015625 0.5052387328125 0.42736065156249997 0.49593680781250005 0.42246967968750004 0.488700328125 0.41967074374999996 0.48213137812499995 0.4156144453125 0.47012099531249996 0.4150215046875 0.46270355937499996 0.41809946875000004
1 0.4363593671875 0.535850528125 0.4390923421875 0.5366852015625 0.43809052656249997 0.540893790625 0.43601126875 0.5432030421875 0.43408637499999997 0.543792871875 0.429478578125 0.5491683453125 0.4298757125 0.552081240625 0.43245432343749995 0.554635334375 0.43797138437500005 0.5572799046875 0.446645146875 0.559514565625 0.45163729999999996 0.55680818125 0.46142994687499994 0.547738321875 0.46140542812499996 0.5426056171875 0.4586617484375 0.532236953125 0.456763446875 0.5286693046875001 0.4462424921875 0.52384221875 0.44034003750000006 0.5231736515625001 0.43675961093750004 0.524828146875 0.432793790625 0.528458646875 0.4363593671875 0.535850528125
0 0.5160798203125 0.377652884375 0.513461840625 0.379012465625 0.5037734859375 0.38074258906249997 0.5000003625 0.3833850859375 0.49752293437499995 0.3874265328125 0.49707261718750007 0.3928285984375 0.49879100000000004 0.3976280546875 0.4973772 0.407970128125 0.4979021078125 0.41332108281249996 0.51034691875 0.4222034296875 0.529606559375 0.4258391125 0.5350224390625 0.42188814218750004 0.542608053125 0.4126894734375 0.545444284375 0.410829503125 0.547472434375 0.40754502812500004 0.5471540375 0.3968047859375 0.5419329281249999 0.39047756875 0.5378925171875 0.3833550484375 0.5558443859375 0.324717971875 0.5570399359375 0.3148762890625 0.5567332796875 0.30902494375 0.55471998125 0.303263040625 0.5493700625 0.29914285625 0.542581825 0.3002320390625 0.53697325 0.305171009375 0.5309772078125 0.32137616874999997 0.5295378515625 0.33123062812500004 0.5160798203125 0.377652884375
0 0.522935365625 0.5924321906250001 0.5266307875 0.5929719484375 0.5300067765625001 0.58741655625 0.534452615625 0.5602912359375 0.537111 0.5503728890625 0.540332625 0.5465369156250001 0.539999378125 0.54484305 0.5384598781250001 0.543456878125 0.5236909640625 0.5415416515625 0.523061765625 0.54353043125 0.5242276125 0.5517815046875 0.523814590625 0.5625600796875 0.5205760421875001 0.584732615625 0.522935365625 0.5924321906250001
0 0.40356158437499995 0.53512463125 0.3977751625 0.532005225 0.3943363234375 0.5316964953125 0.3850706578125 0.5368271265625 0.375663403125 0.5439209828125 0.3738279515625 0.5462174562500001 0.3729028 0.55188888125 0.37496824375000004 0.5539809171875001 0.38048323125 0.565915671875 0.3870383671875 0.57437325625 0.3928503421875 0.5779802734375 0.39798304687499997 0.57795575625 0.4134087875 0.5690796296875 0.4152570171875 0.5670269625000001 0.41659311718750003 0.559867146875 0.41931435156249997 0.5558129218750001 0.42766868125 0.5519524312499999 0.43560032031249996 0.5446914328125 0.4377956125 0.53993134375 0.4367575375 0.53411833125 0.43351243124999994 0.5281765078125 0.4294582078125 0.5254552734375 0.4262631734375 0.5251337671874999 0.4209249953125 0.5259024796875 0.409516184375 0.53212333125 0.40648725625 0.5349713031250001 0.40356158437499995 0.53512463125
0 0.5870608640625 0.45387646875 0.582237925 0.44581705625 0.5713592046875 0.4341634015625 0.56983351875 0.42837594375 0.5711302500000001 0.4251298015625 0.5730168109375 0.42380855312500004 0.57617455 0.4187535484375 0.5757518609375001 0.41535304218749997 0.5693234625 0.4139786109375 0.5652436828125 0.4107697625 0.5640767984374999 0.40716378124999997 0.5597404359375 0.40372390625000004 0.5563133375 0.40830407500000004 0.5476523531249999 0.4063132203125 0.5449822265625001 0.41134267031249994 0.5408630796875 0.412047496875 0.53621695 0.4166915515625 0.53316143125 0.423697003125 0.52937553125 0.42609569531249997 0.5268597703125 0.42940572499999996 0.52814165 0.435205959375 0.5315283421875 0.43918455781250004 0.5364535 0.44919441875 0.5384933890625 0.4507988421875 0.5428818984375 0.45056884999999997 0.5505303625 0.447234303125 0.5555598125000001 0.4499044296875 0.57027346875 0.4694248 0.5975469328125 0.5000217703125001 0.6038582625 0.5084921328124999 0.6121200390625 0.516860275 0.6163925156250001 0.5190811203125001 0.6205627734375 0.51935151875 0.627210459375 0.51558046875 0.630791921875 0.5092808796875 0.6308824000000001 0.5063424296875 0.6284070453124999 0.50109369375 0.6222362671874999 0.4953051984375 0.618490771875 0.48914512343750005 0.6128587140625 0.4843062984375 0.6034300531250001 0.472332175 0.600633190625 0.47027847031250003 0.5942835296875 0.461076690625 0.5870608640625 0.45387646875
1 0.675297578125 0.4861680046875 0.669931771875 0.495739290625 0.6698008890625 0.50723650625 0.6710572140625 0.5125491296875 0.67688093125 0.5210450468750001 0.6857335765625 0.526692990625 0.6953570078125 0.5283889296875001 0.7029022171875 0.527749025 0.711012740625 0.5239013124999999 0.7186622421875 0.5159216718749999 0.721641096875 0.507453384375 0.720501840625 0.49504483125 0.719245515625 0.4897322078125 0.7168979328125 0.48692153125 0.71283093125 0.48395649062499996 0.7002828640625001 0.47776878749999996 0.693366853125 0.4764199109375 0.68491030625 0.478329953125 0.675297578125 0.4861680046875
1 0.25709703125 0.37606810468749996 0.2578913 0.3818938953125 0.2627270140625 0.39019711562500003 0.2693981828125 0.3962038609375 0.274813025 0.396897984375 0.2853222390625 0.39683617031249996 0.2893136140625 0.393693284375 0.295474725 0.385302696875 0.295847340625 0.38308288749999997 0.293577459375 0.3770899546875 0.2873566078125 0.36568114375 0.28232715937499997 0.36301101875 0.27320411718750004 0.36153333125 0.2678659390625 0.3623020453125 0.2643110671875 0.364444153125 0.2592412125 0.37033279375 0.25709703125 0.37606810468749996
1 0.32734595624999996 0.512960025 0.3231480703125 0.5214922 0.32128499062500004 0.5325912453125 0.3239903375 0.542228490625 0.328967640625 0.5485684843749999 0.340963171875 0.558207803125 0.34446589843750003 0.5597355640624999 0.352999109375 0.55928835625 0.36866761875 0.5550445453124999 0.37172210156249996 0.5526841859375 0.3750224640625 0.5410208640625 0.3811069109375 0.531167440625 0.380543671875 0.5250850671875 0.37808109375 0.5200801359375 0.3742962296875 0.5178337359375 0.36316092499999997 0.5059490531249999 0.3574128359375 0.503561065625 0.3488540703125 0.5035206609375 0.3346100640625 0.5069563890625 0.32734595624999996 0.512960025
0 0.43256447343750004 0.636039959375 0.42411207187500005 0.619369634375 0.41918587812499997 0.6140048640625 0.4134143078125 0.60183908125 0.4095016703125 0.5971546203125 0.40474158281249994 0.5949593281250001 0.40034029687499995 0.5949455140625 0.397440178125 0.5955864546875 0.38841831875 0.6007043078125001 0.3820645109375 0.6100828968750001 0.38296099843750003 0.6178591359375 0.384384465625 0.6216961453125001 0.38772004843749996 0.62469951875 0.390503096875 0.6311545078125 0.39962302968749996 0.646567471875 0.40786995625 0.6639819921875 0.4020420921875 0.6740664453125 0.408634521875 0.6879005390625 0.4166259015625 0.7004389390625 0.4198976 0.70222328125 0.4271734484375 0.70110854375 0.4385950375 0.6951314984375 0.4518137453125 0.6861265624999999 0.45992426875000003 0.6822788484375 0.46423715000000004 0.675940928125 0.46393049375000006 0.670089584375 0.45602959218750005 0.654612734375 0.4491667640625 0.644948896875 0.4473962359375 0.6438193078125 0.44275114374999996 0.6438182718750001 0.43827319375 0.642341621875 0.4369136125 0.6397236421875 0.43256447343750004 0.636039959375
1 0.33259471875 0.33788484531249996 0.331361875 0.34235001875000004 0.33565783125 0.354348659375 0.33779994062499996 0.35790353124999996 0.342623915625 0.361317853125 0.35403065312500004 0.36438718593749997 0.3623210953125 0.359307665625 0.36579930312500003 0.3557027203125 0.3666339765625 0.35296974531249997 0.3659940734375 0.345424534375 0.36416069375000004 0.33843082343750003 0.36045353125 0.3330021671875 0.3558861390625 0.329818875 0.348944575 0.3279823859375 0.3411683359375 0.3288788734375 0.33595793125 0.33208564687500003 0.33259471875 0.33788484531249996
1 0.42226487968750004 0.616777209375 0.42266201406250004 0.6196901046875001 0.42953658125 0.6342428390625 0.4356041046875 0.642725978125 0.4391707171875 0.6454727671875 0.45895733749999995 0.645169221875 0.4693898890625 0.643644571875 0.4782083484375 0.6299807296875 0.48081355 0.62837734375 0.48402343437499995 0.619652471875 0.48435771875 0.6167012453125 0.48201013593750003 0.61389056875 0.47622578750000005 0.601480978125 0.46759243125000005 0.590687553125 0.45383707500000003 0.589452634375 0.4440848328125 0.5899637281250001 0.436461921875 0.5937858874999999 0.4283365484375 0.6066799796875 0.42508937031249994 0.610028340625 0.42226487968750004 0.616777209375