1 0.6802825875 0.28050249374999997 0.6721731328125 0.28477094687500004 0.665900996875 0.2917620265625 0.663182828125 0.3006456671875 0.663776640625 0.30330986718749997 0.6853951140625 0.312474178125 0.689539709375 0.3119978546875 0.69800163125 0.30328821875 0.6993594437499999 0.29683316249999997 0.69876371875 0.291149109375 0.6960372718750001 0.286946725 0.6892246546874999 0.2819771578125 0.6802825875 0.28050249374999997
1 0.6735790109375001 0.54151680625 0.6697849734375 0.53453209375 0.6671188609375001 0.5321060546874999 0.657347365625 0.5299213625 0.6520773906249999 0.5298654828125 0.648644096875 0.5315256140625 0.6427269765625 0.538101978125 0.6398894078125 0.5454461625 0.642320540625 0.550832990625 0.6428578375 0.5577605484375 0.6441026171875001 0.559832209375 0.647952534375 0.561546946875 0.6641193859375 0.564319721875 0.66808551875 0.5625408281250001 0.6733510375 0.5555503859375001 0.6752429625 0.550989803125 0.6735790109375001 0.54151680625
1 0.5307192640625 0.48073640468749995 0.5339734578125 0.4767670875 0.5351534421874999 0.47001608125 0.5334297921875 0.4597733546875 0.5332455984375 0.44941122968749997 0.5306302734375 0.4336622765625 0.527490384375 0.4311181109375 0.5225157234375 0.42987778906249996 0.50983931875 0.42218814218749995 0.49639509375 0.417578046875 0.4947362375 0.4161579890625 0.4907688296875 0.41592364843749996 0.48668393437499996 0.4171697015625 0.48402100781249996 0.4197767484375 0.46673705312499997 0.4295577953125 0.46508074375 0.4321642078125 0.45709005156250004 0.4369655 0.45514097343750004 0.4447828234375 0.45598759375000003 0.472671521875 0.4582440859375 0.4827954859375 0.4646413515625 0.48640342031249995 0.4763682921875 0.4908369625 0.4906438546875 0.49917693906249994 0.49940873437500005 0.50136226875 0.5110696078125 0.494959909375 0.5143835015625 0.4917603203125 0.5307192640625 0.48073640468749995
1 0.4412581484375 0.5892708640625 0.442438771875 0.583526475 0.4411914453125 0.5774283437500001 0.440946915625 0.5652898734375 0.4392848734375 0.558836728125 0.43537589375 0.5573588796875 0.431050925 0.5535127828124999 0.4149412265625 0.5474832671875001 0.40807209375 0.5467770578125 0.397891615625 0.5532969078125001 0.390199421875 0.56194684375 0.3890759515625 0.5644344921875 0.3872456359375 0.57278465625 0.3882598953125 0.584863428125 0.3934181125 0.595459259375 0.4007629328125 0.5993034453125 0.41189797031250003 0.6040926390625 0.4200690359375 0.6036137687500001 0.42237758437500006 0.6024280515625 0.42367887968750007 0.6002363546875 0.43895023593750004 0.5914631984375001 0.4412581484375 0.5892708640625
1 0.728549903125 0.5753517609375 0.7278322328125 0.56410178125 0.722081475 0.5528549843749999 0.7157413625 0.545990309375 0.702830615625 0.54226806875 0.6905143171875 0.542216646875 0.6844758875 0.5442337015625001 0.6780246515624999 0.5489155953125 0.6731147843749999 0.556497940625 0.6662507468750001 0.5638446703125 0.66500915 0.5668060968749999 0.6664927296875 0.5719566734375 0.6718274984375 0.5808352203125 0.6733707765625 0.586755525 0.67817143125 0.5937395999999999 0.6811328578125 0.5949811953124999 0.7028065734375 0.5978689125 0.71174609375 0.5953171078125 0.7208608921875 0.589034784375 0.728549903125 0.5753517609375
1 0.7012083796875 0.41152720781249996 0.69830410625 0.407028871875 0.6914921265625 0.403065921875 0.6871100046875 0.40247656562499995 0.6784658 0.40384392968749994 0.6708320328124999 0.411250359375 0.6676394484375 0.41900925625 0.66722728125 0.42268071249999994 0.6744577953124999 0.43303837968750003 0.67688638125 0.43439873906250004 0.6802618859375 0.43498873125 0.6912152765624999 0.43344226875 0.6968377203125 0.42905696562499995 0.7012141093750001 0.42058676406249995 0.70215848125 0.41578992968749995 0.7012083796875 0.41152720781249996
0 0.2896838265625 0.6058279062499999 0.31696915937500003 0.587217825 0.3431907234375 0.57186511875 0.346267728125 0.56860646875 0.3559153671875 0.56220538125 0.3705948203125 0.5537878765625 0.3737302515625 0.5492857203125 0.3734298421875 0.5424172234375 0.368273534375 0.5348412453125 0.365252409375 0.532829921875 0.3607521625 0.5327143421875 0.3525836453125 0.5372196828125 0.3441795109375 0.5436791953125 0.33168984687499997 0.5503781437499999 0.3259492765625 0.5552372265625001 0.30783653125 0.5653148609375 0.27966270625 0.583451803125 0.2757556359375 0.5849938078125 0.27167010468749997 0.5852332437500001 0.26533062812499997 0.5793751859375 0.26071161875 0.578726765625 0.2534938390625 0.5885014453124999 0.24917205468749998 0.5896884359375 0.2435502484375 0.5950803578125 0.2426636671875 0.5976270687499999 0.24331654375 0.60005438125 0.25203000000000003 0.6145560078125001 0.265005540625 0.6271009171874999 0.2693876609375 0.6276902734375 0.2806941578125 0.6227092437499999 0.2903449796875 0.6213412453125 0.2916450015625 0.6171363125 0.288028153125 0.6094409359374999 0.2896838265625 0.6058279062499999
1 0.6708818546875001 0.5836188203125 0.6616990781250001 0.5760453890624999 0.6600999203125 0.575395059375 0.6561331499999999 0.5761673359375 0.6419262015625 0.58268973125 0.6402101921875001 0.5845264140624999 0.63713828125 0.5958380046875 0.6383856078125001 0.601936134375 0.6504123203125001 0.61223155625 0.65515009375 0.613412815625 0.6575183421874999 0.612996828125 0.6666350515625 0.6097343562499999 0.6730272234375 0.6052893515625 0.6750950640625 0.59800486875 0.6746168296875 0.5908404203125001 0.6708818546875001 0.5836188203125
0 0.585614209375 0.6753341890625 0.587160671875 0.68628758125 0.5880498000000001 0.6877673390625 0.591425940625 0.6893639484375 0.5936157265625 0.6876453921875 0.60674808125 0.667267878125 0.6098250859375 0.6640092265625 0.6193488687500001 0.6490223609375 0.6226602140625 0.6417963046875 0.6225992406249999 0.639013340625 0.6205847328125 0.6370013796875 0.6129471453125 0.6383681046875 0.6037097625000001 0.638077884375 0.59678029375 0.6355953296875 0.5738560671874999 0.6215763953125 0.5488563609375 0.6027625343749999 0.528597609375 0.590163021875 0.523624221875 0.590935934375 0.514278265625 0.6062187515625 0.51303730625 0.61018679375 0.5137498828125 0.6133838359375 0.515883790625 0.6169352546875 0.5201496953125 0.6210182390625001 0.5315228953125 0.62787973125 0.533597103125 0.630661421875 0.5585364734375 0.6476989343749999 0.5664160453125 0.6544442109374999 0.5815807359375 0.6642639453125 0.585614209375 0.6753341890625
0 0.4212815109375 0.27379764375 0.46094730000000006 0.263055034375 0.478884765625 0.2567079171875 0.48279056249999996 0.25315267812500003 0.4845630890625 0.2470526359375 0.4840874015625 0.2439146578125 0.4794626609375 0.2342066828125 0.4717050359375 0.233027334375 0.4110819296875 0.250118971875 0.40782518906250004 0.25006181875 0.4040927609375 0.24686668906250003 0.4000059546875 0.2450928890625 0.393848125 0.2455704875 0.3831919578125 0.2489523578125 0.38064715625 0.251085628125 0.38023626250000003 0.25677031875 0.385163321875 0.2763666421875 0.39121003125 0.2874356125 0.3932836015625 0.2892106859375 0.397665721875 0.2898000421875 0.4015143671875 0.28950154375000003 0.4082037640625 0.2868919484375 0.41494840312500003 0.278005759375 0.4212815109375 0.27379764375
0 0.49549369531250004 0.6775228578125 0.47422514375 0.65989089375 0.4668796859375 0.655040090625 0.4589436 0.652558171875 0.4574638421875 0.6534473000000001 0.45711073750000003 0.6568818671875001 0.46090413906250005 0.6628599609375 0.4754185015625 0.6742788515625 0.48685394843749996 0.6859365421875 0.490055446875 0.6922702875 0.495146959375 0.6910235984375 0.5000581000000001 0.6854544875 0.5015346734375 0.679532271875 0.49549369531250004 0.6775228578125
0 0.5055345703125 0.356701496875 0.5116732171875 0.356973959375 0.520517615625 0.360185575 0.5243071968749999 0.36012396406249997 0.5288652328125 0.3579894203125 0.53294758125 0.35271689687499996 0.53773805 0.34359509374999997 0.5428778000000001 0.3249990203125 0.5420477359375 0.3232823734375 0.5389091203125 0.32275144375 0.5324515187500001 0.3173671640625 0.52883530625 0.310678403125 0.521491121875 0.307840834375 0.5173471640625 0.309323775 0.511193153125 0.315841078125 0.507166684375 0.31584362499999996 0.4852516234375 0.305850521875 0.482111734375 0.30330635781250004 0.4740568859375 0.3002916 0.43608864062499997 0.2800056234375 0.42803506562500004 0.2790041 0.4248983609375 0.28149302187499997 0.42277336718749997 0.292034246875 0.4234872171875 0.297244521875 0.425561425 0.3000262125 0.43888943437499994 0.3081299359375 0.49752859687499995 0.337343971875 0.4984780609375 0.340600075 0.497712153125 0.3466994796875 0.49866225468750003 0.3509622015625 0.501803415625 0.3555196 0.5055345703125 0.356701496875
1 0.295478209375 0.4988266921875 0.2970138453125 0.49266758906249997 0.2972469140625 0.486686946875 0.29511045937499997 0.479109059375 0.2913761203125 0.47289407499999997 0.288828771875 0.4710008765625 0.271001790625 0.464794809375 0.26567211562500004 0.4639692015625 0.2557272515625 0.468534878125 0.24732311875000001 0.47499439062500004 0.244784046875 0.48618721875000004 0.24502666718750002 0.4953058375 0.250243946875 0.5056647796875 0.2570572 0.5116409625 0.26582271562500004 0.514832909375 0.2758298265625 0.51506343125 0.28175013125000004 0.513520153125 0.285834390625 0.5112674828125 0.29299438125 0.5037429265625 0.295478209375 0.4988266921875
0 0.423394234375 0.5246809875 0.42789511874999997 0.5258031843750001 0.435178328125 0.5258577890625 0.4500400640625 0.5247825578125 0.45590130625 0.52347616875 0.4587407859375 0.5191518375 0.45968579375 0.51536161875 0.45961208437499995 0.4924463078125 0.4580110171875 0.48877612656249997 0.4574711734375 0.4778220984375 0.45308586875 0.4721996546875 0.4488809359375 0.4708996328125 0.4212297625 0.472811934375 0.4158480296875 0.48329600624999997 0.41401325624999996 0.48459984843750004 0.39281713906250004 0.4878699609375 0.3641002859375 0.49001978749999997 0.35865375781250003 0.49168119218750006 0.3560505296875 0.49505796875 0.3545758671875 0.5040000359375 0.35617884375000003 0.5106900703125 0.360268834375 0.51749695625 0.366428575 0.5200392109374999 0.3764941125 0.519026225 0.38857415781250004 0.5200252015625 0.40574380468750004 0.5167576359375 0.41681595937499993 0.5157440140625 0.41835605468750003 0.5166312328125 0.423394234375 0.5246809875
0 0.2686322671875 0.4631975625 0.28030014531249997 0.46786799375 0.2848600921875 0.4687533015625 0.2917901984375 0.47224247343750003 0.29469319843749997 0.474727575 0.29871903125 0.4737184109375 0.31275579531250003 0.47897947187499995 0.3217575625 0.4812238640625 0.327263153125 0.479325571875 0.330516709375 0.47434963750000003 0.334354528125 0.4569386421875 0.3321615578125 0.4536241125 0.2803959859375 0.4321626078125 0.2767226203125 0.42873058750000004 0.2761249859375 0.4200266828125 0.2710899890625 0.41701001406250005 0.2494727890625 0.40985893906250004 0.2468079515625 0.409446134375 0.2424861671875 0.41063312500000004 0.24029638125 0.41235168125 0.23716158593749997 0.41786045625 0.23018451562500003 0.433733903125 0.22799727500000003 0.4394789296875 0.2266401015625 0.44694060156250004 0.226583584375 0.451203959375 0.2277699390625 0.45451912656250004 0.233457175 0.458956490625 0.249034034375 0.46510476875 0.251996096875 0.4673529828125 0.25661446875 0.466994784375 0.26490175 0.4630222828125 0.2686322671875 0.4631975625
1 0.41244020625 0.5252208328125 0.4082340015625 0.521907575 0.403021815625 0.5196015734375 0.3961526828125 0.5188953640625 0.38969953749999997 0.5205574046875 0.3829529875 0.5264237406250001 0.3812376140625 0.529267040625 0.3822537828125 0.544365665625 0.3885926234375 0.54921710625 0.3955817921875 0.5524693890625 0.39854258124999997 0.5527043671875 0.4074224015625 0.5493828328125 0.414110525 0.5447600031250001 0.4154670625 0.5362917125 0.41421846249999994 0.5281803484375 0.41244020625 0.5252208328125
0 0.607292228125 0.5914159234375 0.6110843546875 0.5953807828125 0.618605728125 0.5975076859375 0.637967709375 0.5965480328125 0.6397427828125 0.5944744625 0.6408027328125 0.5851773796875 0.6423402796875 0.582038128125 0.639908509375 0.5756446828125 0.6425650703125 0.5629714609375001 0.6457608375 0.5602456499999999 0.6493725921875 0.5598880890625 0.6628695125 0.5541951218750001 0.6647061953125 0.55591113125 0.668910490625 0.5562045359375001 0.6715715078125 0.5505776359375 0.672218015625 0.5429387734375 0.6698459453125001 0.5373150578125 0.6652269359375 0.5366666390625 0.6629742656250001 0.5325823796875 0.6546831656250001 0.530515175 0.65278741875 0.5290360546875 0.65219360625 0.526371853125 0.6504166234375 0.5254255734375 0.6499402984375 0.5212809765624999 0.655317575 0.503750584375 0.654131221875 0.5004354171875 0.6522354765625 0.49895629531249996 0.643233709375 0.496711903125 0.6173569718749999 0.495544015625 0.6084149046875 0.4940693515625 0.6052769265625 0.4945450390625 0.602732125 0.49667831093750003 0.6003689703124999 0.5051472375 0.6000851171875 0.52445079375 0.60050046875 0.525812425 0.60352159375 0.52782375 0.6067783343750001 0.5278809015625 0.609681334375 0.5303660046875 0.6104529734375 0.53332615625 0.6089186093750001 0.5414984953124999 0.606394184375 0.575843521875 0.607292228125 0.5914159234375
1 0.6939307453125 0.32667985312500003 0.68936379375 0.31472175468749997 0.68622326875 0.3111709734375 0.6787596859375 0.30679394531250004 0.663836340625 0.30407959687499997 0.6591589046874999 0.3046746828125 0.6519970046875 0.3091793875 0.6426478640625 0.3194291171875 0.635548846875 0.32973663750000004 0.633775684375 0.3348300609375 0.634310434375 0.33773115 0.6440940281249999 0.3590415734375 0.650845671875 0.3612281765625 0.6684929187499999 0.364118440625 0.6722228 0.363287103125 0.6747676015625 0.36115383125 0.6895003859375 0.34343988125 0.6928707953125001 0.3359769359375 0.6939307453125 0.32667985312500003
0 0.4225918609375 0.7539534984375 0.43449217031250004 0.7516366718749999 0.43940713125 0.7521072656250001 0.4485835390625 0.749614521875 0.45012236093749997 0.74848850625 0.45118613124999996 0.745231128125 0.450107078125 0.7243296890625001 0.44744033125 0.7208970328125 0.441459053125 0.7196573468749999 0.43920701875 0.7165797046875 0.4384918953125 0.7093561953124999 0.43925780468750003 0.703256790625 0.43788916718750004 0.69259935 0.4347486421875 0.68904856875 0.42699101875 0.6878692187500001 0.4183468125 0.6892365828125 0.41639455156249994 0.69202081875 0.41414952187500004 0.70001596875 0.4141533421875 0.7060556734375 0.41599511875 0.715824621875 0.415109175 0.7193779515625 0.4109671265625 0.7238807453125 0.4074157078125 0.726014653125 0.4067069515625 0.728857315625 0.40831948125000006 0.750646609375 0.41098559218749997 0.7530726484375 0.4225918609375 0.7539534984375
0 0.7876381640625 0.6592781484375 0.7904763703125 0.6529405828125 0.8050942125 0.640733496875 0.8166928390624999 0.6295349390625 0.8208952249999999 0.6268084921875 0.8412523625 0.6077290890625 0.844504009375 0.5997333031250001 0.843552634375 0.593457346875 0.840293346875 0.589373725 0.831584984375 0.5829250359375 0.8273209890625 0.581861903125 0.819505575 0.5829326781249999 0.8090285078124999 0.588623734375 0.8008028375 0.5963858156249999 0.7957716609375 0.5994088515625 0.7903867421874999 0.6048598375 0.784586475 0.608949190625 0.7803853625 0.613688871875 0.7741113171875 0.6176600999999999 0.7637561953125 0.628917084375 0.7612107578125 0.6300437375 0.747295303125 0.6293419859375 0.7421447265625 0.6308255640625 0.7390080218749999 0.6333144875000001 0.7375911484375 0.64000643125 0.7383049984375 0.64521670625 0.7448248468750001 0.6553971859375001 0.7508690078125 0.6624396875 0.7685829578125001 0.677172471875 0.7761049671875 0.6803059921875 0.7823815609375 0.6803612343750001 0.785755153125 0.677931375 0.78764453125 0.6693443234374999 0.7876381640625 0.6592781484375