1 0.5959884296875 0.6801942140625 0.59551115625 0.6828482640625 0.6015399593749999 0.7007759124999999 0.6026404765625 0.69940175625 0.604893215625 0.6988636265625 0.6064254703125 0.7009582671875 0.6130226125 0.7039861734375 0.62103944375 0.70199175 0.6274601859375 0.698632321875 0.6324671921875 0.6890223765625 0.6331602234375 0.6782997875000001 0.62638668125 0.6688845437500001 0.6223797546875 0.66706354375 0.6135390234375 0.6672703734375001 0.6023908703124999 0.6714415734375 0.5993750906249999 0.6750988984374999 0.5977973015625 0.6791271046875 0.5959884296875 0.6801942140625
0 0.5168539234375 0.44461754375 0.522134790625 0.457088146875 0.5472013515625 0.50952119375 0.5463197921875 0.5167962625 0.5420090156249999 0.529653071875 0.542927178125 0.533164425 0.5458244390625 0.5336629765625001 0.5543064156249999 0.531954321875 0.56649125 0.5271386 0.5778734640625001 0.5202920718749999 0.5854677078125 0.51752545625 0.5882402765625 0.513846853125 0.5915084187499999 0.5129074124999999 0.5934875171875 0.5098946109375 0.5908243171875001 0.5067207328125 0.5863948 0.504127540625 0.5494898109374999 0.441345984375 0.547811584375 0.4353174015625 0.5401686109375 0.4302374109375 0.5301331 0.4300946375 0.5255637875 0.43190053281249996 0.5236272453125 0.43442691250000004 0.5190153765625001 0.43671923125 0.516707953125 0.4406836015625 0.5168539234375 0.44461754375
0 0.5715657296875001 0.5699802218750001 0.56688385 0.564669146875 0.5615240453125 0.5615044203124999 0.5578971484374999 0.560942034375 0.549624978125 0.565854996875 0.5389177140625 0.5761916 0.5338802796875 0.5833481515625001 0.5332753375 0.5874614703125001 0.5409578921875 0.5976914609375 0.548643421875 0.6022850296875 0.553477225 0.6002571999999999 0.556617696875 0.600777028125 0.5586455265625 0.60561083125 0.5619958046875 0.60933496875 0.5623849875 0.6132901890625 0.5649113671875 0.6152267296875 0.5669847296875 0.6139376875 0.5686872109375 0.614086634375 0.5737399703125 0.61795971875 0.6080392 0.6488988578125 0.6123318953125 0.6502547125 0.620138921875 0.64505598125 0.624160953125 0.638300740625 0.624322028125 0.6336584421875 0.6222516437500001 0.6293110625 0.61202143125 0.617387740625 0.5995172015625 0.6062457609374999 0.5770259734375001 0.5832017390625001 0.5750711296875 0.58033490625 0.574037425 0.5753430046875 0.5715657296875001 0.5699802218750001
1 0.5565674234375 0.45568929375 0.5566191296875 0.45789947656249996 0.559258075 0.466952990625 0.5616567859375 0.47034880156250003 0.5660650234375 0.47318520468749997 0.5743767734375 0.47342224218749995 0.5783745515625001 0.4725466359375 0.583177925 0.4680654125 0.5878991625000001 0.45892061249999994 0.5880389593750001 0.4545215265625 0.5856310984374999 0.44842910781249995 0.581508628125 0.4451275609375 0.578653925 0.4441425875 0.5681532687499999 0.4437140453125 0.5643348687499999 0.4453405640625 0.5580813765625 0.4523907234375 0.5565674234375 0.45568929375
0 0.5543314406250001 0.32437950781249997 0.547427253125 0.32205995781249996 0.5084525390625 0.3137486484375 0.5031748703125001 0.315247496875 0.5000009921874999 0.317910696875 0.49719501718750003 0.32477232968749997 0.4960064125 0.3327557546875 0.4980008359375 0.3407725875 0.5007278703125 0.34321683125 0.5402619921875 0.3535376671875 0.5439740015625001 0.3531272078125 0.5476951609375 0.3554133515625 0.5489812281249999 0.3631231375 0.55166570625 0.36605380468750004 0.5778353171874999 0.3722645203125 0.5805957578125 0.37152573437499997 0.5855572312499999 0.36803863593749997 0.59037273125 0.36061759531250004 0.595118225 0.345593159375 0.5957048656249999 0.33608662968749997 0.59438836875 0.32592345 0.5905303890625 0.32239996875 0.5874537515625 0.3211505046875 0.56405373125 0.316897609375 0.5597276296875 0.3187247828125 0.5555687781249999 0.3242426875 0.5543314406250001 0.32437950781249997
0 0.7838524078125 0.5385579671875 0.7824691015624999 0.5347608453125 0.7778814859375001 0.5311735296875 0.767730434375 0.5295502078125 0.76406098125 0.5294742453125 0.7542991125 0.53180614375 0.7518852984375 0.5369865734375 0.7528464578125 0.5792232546875 0.7522081109375 0.586519603125 0.7496453484375001 0.5934025125 0.7431090640625 0.59528139375 0.7409505890625 0.597543284375 0.7411180578125001 0.620839890625 0.7422155984375001 0.62510215625 0.7435471984375 0.6266890953125 0.746888325 0.6277166265624999 0.778633503125 0.6290235296875 0.7924874125 0.627539784375 0.7944452328125 0.62477019375 0.793107459375 0.614850225 0.7927880640625 0.5988925234375 0.7915324265625 0.5936361328124999 0.7862485828125 0.5868019531249999 0.78515104375 0.5825396859375 0.7823723015625 0.5778852609375 0.7833389734375 0.56963734375 0.7827397656249999 0.542871940625 0.7838524078125 0.5385579671875
0 0.49851107499999997 0.8363552421874999 0.4956138140625 0.8358566921874999 0.492844221875 0.833898871875 0.48719842812499997 0.8115934140625001 0.4830880859375 0.8053520484375 0.484358828125 0.8020322 0.4824161109375 0.7962255500000001 0.4803761546875 0.7943315640625 0.478208528125 0.7938968484375 0.46966271718749997 0.7963351390625 0.45792174843750005 0.8016798406250001 0.4557632734375 0.8039417296875 0.45504278906250006 0.8065745015625 0.45532558125 0.8117457796875 0.4675595875 0.8539884140625 0.46985190625 0.858600284375 0.469426340625 0.863464515625 0.46373523437499997 0.8668877796875 0.4631090140625 0.8712443109375 0.469928309375 0.8941425828125 0.47438825468749996 0.8991891687500001 0.47770810468749997 0.9004599109375 0.48652755625 0.9004962921875 0.49332832968749996 0.8983954781250001 0.5025095125 0.8942972640625 0.5126969484375 0.8871011328125 0.5156701703125 0.8839302312499999 0.516953040625 0.8776705640625 0.5159831703125 0.871949028125 0.5102280078125 0.8564960515625 0.50871703125 0.8541582 0.49999482031250003 0.850209153125 0.4981889234375 0.8456398406250001 0.49925901093749997 0.8418122890624999 0.49851107499999997 0.8363552421874999
0 0.473164146875 0.45378406406250005 0.45844378125 0.45396663750000005 0.44706454375 0.4551767421875 0.4176450921875 0.45529867968750004 0.4119022765625 0.4565117609375 0.4074910625 0.45931178125 0.40634799062500004 0.46117236093749997 0.40507427187499995 0.47012863281249995 0.40658227187499996 0.4781029078125 0.40988999374999996 0.48231346718749996 0.412945353125 0.48380614375000003 0.42313896093750003 0.48494304218749995 0.4320222484375 0.48424978906250005 0.44665750156249995 0.48504006093749996 0.4758762984375 0.4844104234375 0.4794302078125 0.48300583750000003 0.48234874687499996 0.4832611765625 0.48961168906249997 0.48708255312500004 0.495983921875 0.49548239374999997 0.49903928124999997 0.49697507031250004 0.501799721875 0.496236284375 0.505323203125 0.4923783046875 0.509083721875 0.4802085734375 0.5094271499999999 0.47068076562499994 0.508125759375 0.45194134375 0.5056753406250001 0.44633535 0.5007928078125 0.4405165734375 0.49425652343750004 0.44239545468749997 0.49052025937500005 0.44868555 0.48410866874999997 0.45474158593749997 0.473164146875 0.45378406406250005
1 0.7825853046875 0.5950590203125 0.7839381828125 0.5964027468750001 0.7904836171875 0.5972204718749999 0.79564276875 0.5998774984375 0.8080282593750001 0.595569478125 0.8128316328125 0.5910882546875 0.8141083281249999 0.5764955578125 0.8106637859375001 0.5710476625 0.8016253765625001 0.5651103671875 0.7840503078125 0.5643079671875 0.7824208109375 0.566125990625 0.7793077921875 0.5736959796875001 0.779946359375 0.58600550625 0.7825853046875 0.5950590203125
0 0.504246059375 0.4094493234375 0.48716061093749996 0.4226589328125 0.48518151249999997 0.4256717359375 0.48504171406249996 0.43007082343749997 0.4918365359375 0.4392428546875 0.49480678125 0.44170837656249995 0.49821174375000005 0.44200627187499997 0.504158190625 0.43566446875000003 0.5169266890624999 0.4269786390625 0.519179428125 0.426440509375 0.5251411984375001 0.43112834062500005 0.5281661296875 0.430167621875 0.5406609875 0.4190071203125 0.5419104515625001 0.4159304828125 0.5415729765624999 0.4141854453125 0.5377271234375 0.407722146875 0.5233440125000001 0.3900438828125 0.5203524890625 0.3878215734375 0.5176133265625 0.388317146875 0.5028657296875 0.4000157796875 0.5047658890625 0.4063088515625 0.504246059375 0.4094493234375
0 0.406217896875 0.787598484375 0.4040809203125 0.8092230390624999 0.40179477500000005 0.8129441984374999 0.39137625625 0.8171792328124999 0.38880434375 0.8213655375 0.391309665625 0.843151165625 0.3945748296875 0.8478481484374999 0.4004423375 0.8508122218749999 0.42069273437500004 0.8518486812500001 0.4280863234375 0.848574365625 0.4309227265625 0.8441661281249999 0.43578673749999997 0.8249858171875 0.428636140625 0.8086755359375 0.43059396093749996 0.8059059453125 0.431411684375 0.7993605109375 0.4325362359375 0.7725008437499999 0.4376887703125 0.7276130890625 0.43517451874999996 0.7227367296875 0.4309031015625 0.7211376640625 0.42626080312500003 0.7209765875 0.4230139390625 0.7216728171875 0.417344109375 0.72485286875 0.41448642812500003 0.72950431875 0.406217896875 0.787598484375
1 0.5544500718750001 0.6003423125 0.5501239703125 0.6021694875 0.5476705749999999 0.602199915625 0.5399729171875001 0.600546165625 0.5380150968749999 0.60331575625 0.5308859984375001 0.6063681390625 0.5276270078125 0.6100041859374999 0.5204189703125001 0.6223624437499999 0.517622146875 0.63192068125 0.5191635531250001 0.636711928125 0.523833303125 0.6449628203125 0.5309138921875001 0.6536697078125 0.534856984375 0.6562203421875 0.547017565625 0.65728425625 0.558439359375 0.655587728125 0.5616770718749999 0.6521948921875 0.56910704375 0.6401011249999999 0.5714053156250001 0.6334401484375001 0.573892115625 0.6302266890625 0.57366103125 0.62726559375 0.5705660921875 0.62062291875 0.566771946875 0.616369803125 0.5618985640624999 0.6132476312499999 0.5611506281249999 0.6077905859375 0.5582654953125 0.6043522171875 0.5570828421875 0.601062796875 0.5544500718750001 0.6003423125
1 0.5584406828125 0.77322298125 0.552254221875 0.7935129578125 0.5494757 0.8084644078125001 0.5508377296875 0.8125047406249999 0.557939596875 0.8209684156250001 0.5758127828124999 0.8379717281250001 0.57913263125 0.8392424703125 0.5898977765625 0.8394490796875 0.6051166921875 0.8363692437499999 0.6146991859375001 0.8332864328125 0.620125803125 0.8300851015624999 0.6248166109375 0.8184869078125001 0.6285467015624999 0.8038637828124999 0.631112440625 0.79134445 0.629993621875 0.78732539375 0.6265916375 0.7813910749999999 0.6055171203125 0.7589611453125 0.5973330390625 0.7572648375 0.5689260125 0.7626218875 0.5635206734375 0.76558000625 0.5602616828125 0.769216053125 0.5584406828125 0.77322298125
1 0.65835368125 0.3903372578125 0.6573991359375 0.39564535625 0.655483871875 0.39792852500000003 0.661062634375 0.406994165625 0.665385759375 0.4108034140625 0.6723537828125 0.41239332968750003 0.6796926875 0.4125452546875 0.6822311937500001 0.4115419796875 0.6899226781250001 0.4048627015625 0.692737803125 0.400697675 0.6937653328125 0.397356546875 0.6936619187499999 0.39293618124999996 0.6916249390625 0.3854057734375 0.6882746609375 0.3816816375 0.679731825 0.378483503125 0.673916025 0.3777296140625 0.669367990625 0.3792922984375 0.6613907390625 0.386436721875 0.65835368125 0.3903372578125
1 0.48535868437499996 0.7709953796875 0.4943515609375 0.7830555203125 0.4966985640625 0.7842411499999999 0.505475459375 0.7847639562500001 0.5126045578125 0.7817115734375 0.51848716875 0.7760994046875 0.5211654734375 0.7706970421875 0.5214663453124999 0.76165565625 0.5202107078125 0.756399265625 0.5175900640625 0.7527389640625 0.5064357375 0.748577134375 0.5035171984375 0.7483217953125 0.490931053125 0.752122115625 0.48441924375 0.7677272375 0.48535868437499996 0.7709953796875
0 0.47221610781249995 0.767149746875 0.4806312734375 0.77180715 0.48436456093749997 0.771153478125 0.48646217812500003 0.7639847984375 0.4895205140625 0.7598410515625 0.49321719843749995 0.7484009546875 0.5016321421875001 0.7334524828125 0.5021002640625001 0.728101828125 0.49935195156249995 0.7259007953125 0.49626318593749996 0.7275911500000001 0.49196751406250006 0.7318717171875 0.4773082265625 0.75656695625 0.4706959796875 0.7621152890625 0.471106440625 0.7658272984375001 0.47221610781249995 0.767149746875
1 0.3472397453125 0.570940390625 0.3447408171875 0.5770936671875 0.343792446875 0.59073479375 0.34624286406250004 0.5963407890625 0.3570141828125 0.6048804265625 0.3661711109375 0.606661846875 0.3748537421875 0.6054608921875 0.382554378125 0.6014782203125 0.3873577515625 0.596996996875 0.3911061421875 0.5877670828125 0.39118508125 0.5784612078125 0.38759456875 0.5690793703125 0.3794134640625 0.561746640625 0.3695694578125 0.5594149625 0.36086554843749996 0.5608591265625 0.354508640625 0.563488921875 0.3497478234375 0.567483721875 0.3472397453125 0.570940390625
1 0.6362944109375 0.3903679078125 0.6319166015625 0.3899848984375 0.6286484609375 0.3909243390625 0.6148949874999999 0.4024648734375 0.6094349640625001 0.40884923281249996 0.6092526109375 0.4137347421875 0.61390428125 0.43619830000000004 0.6157010265625 0.43807100625000006 0.6213678781249999 0.440527378125 0.6381373515625001 0.4449353953125 0.6448104546875 0.44429385000000005 0.660679846875 0.43097785 0.6637807390625 0.42634767812499996 0.6641028890625 0.41706308124999997 0.6627529875 0.41008292968750004 0.6627255359374999 0.4019931125 0.6614577703125 0.3996765390625 0.6580436578125 0.39668203750000003 0.6543529265625 0.3968492875 0.6463390718750001 0.3932072875 0.6362944109375 0.3903679078125