1 0.47636883125 0.45550828125000004 0.4694251359375 0.46243707343749996 0.4645836140625 0.46843141718750003 0.4634407328125 0.4714135953125 0.4662546296875 0.484309096875 0.46944515937500003 0.49188512187500005 0.4695955515625 0.4960970953125 0.47214537968750003 0.4995626671875 0.47433044375 0.5013566 0.47965040625000005 0.50225185 0.48283147968750006 0.5050875312499999 0.49998042187499997 0.5085254671875 0.5044299203125 0.5066058109375 0.5209832265625 0.48970029375 0.5237746875 0.4848792046875 0.5222635203125 0.47795384218750003 0.5188337703125 0.4669330203125 0.51464723125 0.4583152453125 0.5094895312500001 0.4546408546875 0.4971548515625 0.45095490156249995 0.48745882656250006 0.44996734375 0.48260784531249995 0.4512213421875 0.47636883125 0.45550828125000004
1 0.32785627812499996 0.3419898125 0.3286868375 0.34456591406250003 0.3365093 0.35170587656249996 0.33826056718749997 0.356090903125 0.348592775 0.3604724984375 0.357046296875 0.3622422265625 0.3603709796875 0.36081517343749997 0.366513128125 0.35332224375 0.366715075 0.34953712187499997 0.36322213593749997 0.3455074125 0.363228159375 0.34201185624999997 0.35777598125 0.3408778 0.3544633421875 0.33531373750000004 0.35088025312500004 0.33205120625 0.34665047968749996 0.3329141203125 0.3378952609375 0.330956346875 0.3307482734375 0.333911971875 0.32785627812499996 0.3419898125
1 0.24322724999999998 0.2995790515625 0.24288323437499998 0.3038925453125 0.24342618749999997 0.3075253875 0.2468877359375 0.313805865625 0.259908146875 0.32462021874999997 0.26495427031249996 0.32633340624999996 0.2732845859375 0.32412996562499996 0.2811402625 0.31977727499999997 0.2830412640625 0.3166428171875 0.2845419453125 0.30934714531249996 0.2833134 0.3026098296875 0.279761953125 0.29709652656249996 0.270773634375 0.29044916875000004 0.2657646734375 0.28773 0.2613358265625 0.2876376921875 0.2524565484375 0.289703846875 0.24594690625 0.29428035 0.24322724999999998 0.2995790515625
1 0.33415814374999997 0.22494058749999998 0.32438001562499996 0.22946054999999999 0.31769499843750004 0.23758337031250001 0.3157675296875 0.24871492499999998 0.3179815828125 0.264729890625 0.325544353125 0.27589378125 0.329514109375 0.2788159875 0.34529481875 0.28653165 0.3484981125 0.28711656093750004 0.35261478125 0.286014840625 0.3711226234375 0.2756943609375 0.3734552109375 0.273464365625 0.37500594062500003 0.2676522875 0.3754739453125 0.2498341765625 0.3731745640625 0.24282228906249997 0.3713442953125 0.23795965156249999 0.36905437343749997 0.2356881078125 0.36315956250000003 0.2321659953125 0.3592786578125 0.2284766125 0.35121356875 0.2244053546875 0.3434766171875 0.2230117203125 0.33415814374999997 0.22494058749999998
0 0.32921361718750003 0.567651671875 0.32927628124999997 0.5925981828125 0.32783638437499996 0.5953923156250001 0.3189389078125 0.599231628125 0.31782699999999997 0.6047033828124999 0.31809454531250003 0.6223692125 0.316961315625 0.6300917375 0.31783163124999997 0.6329066437499999 0.3226391375 0.6361541828124999 0.33558746093749997 0.6379654593749999 0.339837253125 0.6398309249999999 0.348728796875 0.63948716875 0.36986057968749997 0.635360640625 0.3769226796875 0.630154246875 0.37768527343749997 0.6242556421875001 0.37630934374999997 0.6202974671875 0.3766149015625 0.605258496875 0.37363331875 0.59863769375 0.3665369203125 0.5931186109375 0.36507217812500004 0.5899276125 0.365914128125 0.5785214859375001 0.3648354125 0.57475135625 0.3654938046875 0.5683751390625 0.3637248078125 0.5485242921875 0.36467448125 0.545831678125 0.3629551703125 0.53795109375 0.36079180312500003 0.5339063921875 0.3577154734375 0.531548321875 0.3442769234375 0.5298385671875 0.3344724203125 0.5318689546875001 0.3285991734375 0.5378275312499999 0.3277572234375 0.5492336578125 0.32921361718750003 0.567651671875
0 0.3500272484375 0.3145734203125 0.349249125 0.3192272390625 0.350916634375 0.3268690171875 0.34833358593749997 0.3326453296875 0.35037773437499997 0.3349676328125 0.3505648453125 0.3381736234375 0.3531146984375 0.34163919531250003 0.35652556875 0.3431793296875 0.3630038671875 0.3423371875 0.3648916859375 0.343943075 0.3640981703125 0.3473521046875 0.36618849375 0.3534087703125 0.36572896250000003 0.35599986562499997 0.36798155 0.359277390625 0.36866843125000004 0.3671222078125 0.369940390625 0.370602771875 0.3698089109375 0.3758714875 0.3756973078125 0.402856515625 0.38190077499999997 0.4195429203125 0.38424571093750004 0.43028917031249997 0.386863065625 0.435238334375 0.38993995 0.43759640468749994 0.406031475 0.43501344062499997 0.407643353125 0.43418051249999995 0.4086453078125 0.4317267046875 0.407614984375 0.419959478125 0.3918778546875 0.3478401984375 0.3911080796875 0.337267 0.396627075 0.334377128125 0.40111926875000004 0.3279559328125 0.40157879999999996 0.3253648390625 0.39708901874999997 0.320054575 0.3939411109375 0.3079770109375 0.392439384375 0.30579199375 0.389273671875 0.3042011015625 0.376010353125 0.3009569921875 0.364821965625 0.3025247609375 0.3562047578125 0.3053073328125 0.3540753046875 0.3119881078125 0.3500272484375 0.3145734203125
0 0.217043453125 0.6008013703125 0.2068200875 0.5909630124999999 0.1962608421875 0.5854381484375 0.18823636562499999 0.58462364375 0.1835459515625 0.586355253125 0.1759790265625 0.59118555625 0.1710557125 0.5977082703125001 0.1709105859375 0.6017321984375 0.17244009531249999 0.607651578125 0.17777294999999999 0.614770765625 0.20546006874999997 0.6386710156250001 0.20960277343749997 0.6437932328125 0.219501984375 0.65095396875 0.227926659375 0.6606700328125 0.2293988125 0.6698461640625 0.22844852499999999 0.6795298921875 0.23025656093750002 0.6843925296875 0.2343688484375 0.687025171875 0.24087316093750002 0.6866606421875 0.2478315453125 0.68370501875 0.2674557140625 0.667862025 0.2760185546875 0.6570823578125 0.2802514140625 0.649705940625 0.2809840125 0.6460581046875 0.27885182343750003 0.6385178453125 0.27498178125 0.63583444375 0.2622154 0.63651274375 0.2528100203125 0.63399083125 0.24866731562500002 0.6288686140624999 0.23227551875 0.61508129375 0.2261129515625 0.6076367734375 0.217043453125 0.6008013703125
1 0.6194105640625 0.492423271875 0.6280925374999999 0.5123364421875001 0.63203116875 0.51750941875 0.63375883125 0.5183988875 0.6541906453124999 0.5206485765625 0.6618410578125 0.5205586203125 0.6693934031250001 0.51649549375 0.6830788859375 0.5006767062499999 0.6852036296875 0.49399593125 0.68353980625 0.486354153125 0.6766102875 0.473315584375 0.6710846218750001 0.4667247671875 0.6603121328125 0.46421785 0.6419565828125 0.46328448125 0.6351168031250001 0.46944609687499994 0.6206761984375 0.487667934375 0.6194105640625 0.492423271875
1 0.7237190390625 0.5104655734375 0.7216977328125 0.5141284015625 0.718646190625 0.525991365625 0.7203675203125 0.5338719484375 0.7258006671875 0.5434807125 0.7296322171875 0.546931290625 0.73607425625 0.5505906890625 0.7476175406250001 0.5529453281250001 0.7570470796875 0.5514940703125 0.7676419937500001 0.544809865625 0.7741753625000001 0.5359706281250001 0.7767882671875 0.5244479906249999 0.773281565625 0.51543913125 0.767461940625 0.5064094984375 0.761562865625 0.5028873859375 0.74774340625 0.499505990625 0.7423813515625 0.499616721875 0.7355623015625 0.5012768000000001 0.7287740656249999 0.5054264515625 0.7237190390625 0.5104655734375
1 0.3759809328125 0.6320646921875 0.3871112765625 0.6390223890625 0.3915396953125 0.639114696875 0.4037858703125 0.6358602953125 0.4080093640625 0.6315018234374999 0.4125301125 0.619095496875 0.412452234375 0.612871559375 0.41063173906249995 0.610498496875 0.40173418281249995 0.6030839625 0.39617679843750003 0.60022750625 0.378330075 0.6051269921875 0.3741281640625 0.6072346937499999 0.371746746875 0.6117154593749999 0.37076753125 0.62489474375 0.3759809328125 0.6320646921875
0 0.429965934375 0.21976220781250003 0.42838432812500005 0.2230847125 0.4251879109375 0.238971603125 0.4203909671875 0.24870030937499998 0.4208755015625 0.252094346875 0.428481340625 0.2587566984375 0.4297323765625 0.2644880328125 0.42705963750000003 0.2710315203125 0.42542942968749997 0.2823511203125 0.42332062031250006 0.2867811265625 0.42315236875 0.2930558234375 0.42127340156250004 0.29619028125 0.41862551875 0.3087189015625 0.4191929734375 0.3148413203125 0.4207473078125 0.31726514375 0.42779515156250003 0.3225454203125 0.4412925890625 0.32449398125 0.446583528125 0.32289965781249996 0.44872312968749994 0.320959228125 0.4507276828125 0.3160516109375 0.45378311718750003 0.300693090625 0.45751619843749997 0.2884390421875 0.46115689687500006 0.26871626875 0.4652429890625 0.26512497343749997 0.46962050624999996 0.26521728125 0.47186436093750006 0.2637544609375 0.474990840625 0.2581154359375 0.4782145296875 0.2364822171875 0.47671825625 0.23080164375 0.47278502187500004 0.22687345468750003 0.46748462343749997 0.22372743437499998 0.45035131249999993 0.21803872812499997 0.4457652890625 0.2169911984375 0.4370623796875 0.2170453890625 0.43357694999999996 0.21751721875 0.429965934375 0.21976220781250003
0 0.41178884375 0.3493584765625 0.4152222 0.36511964375 0.4191509546875 0.3772837359375 0.4220665140625 0.3789253890625 0.42912724375 0.3784593390625 0.43234900156249995 0.3850293828125 0.4446589875 0.4321456140625 0.4478653796875 0.43747086875 0.45422262656249995 0.439646675 0.46177283124999996 0.43907910625 0.4730674078125 0.435738178125 0.47625491875000003 0.4315827453125 0.463858665625 0.3735022328125 0.4644427390625 0.3691379796875 0.46938006718749997 0.363621246875 0.4697501375 0.3617973296875 0.464355365625 0.3382063375 0.462314715625 0.335884034375 0.4577746703125 0.33383052343749997 0.44697549375 0.333574375 0.43855038124999995 0.3348225921875 0.42032984687499997 0.34159675625 0.413367234375 0.3460359734375 0.41178884375 0.3493584765625
0 0.7779144437500001 0.6700881296875 0.7717250765625 0.6813661828125 0.7692859046875 0.68886489375 0.7657936921874999 0.6938382625 0.763530425 0.6998026203125 0.7527688078125 0.7192750265625001 0.7480112875 0.7242633875 0.7468796546875 0.7272455671875 0.747013328125 0.730212753125 0.7419341765625 0.7341035125 0.722087121875 0.7416649390625001 0.7202847375 0.7415426453125 0.721868984375 0.74770083125 0.7268000203125 0.752909575 0.736755921875 0.759064328125 0.7391258671875 0.7618134828125 0.7435257 0.763389384375 0.7472125468749999 0.7663623515625 0.7613830109374999 0.7708870140624999 0.7689478515625 0.7765433828125 0.7857005234375001 0.781276865625 0.7865014609375 0.7791126234375 0.784886734375 0.7704648625 0.7806229640625 0.760124690625 0.7818120703125 0.753885759375 0.7867572468749999 0.74037193125 0.7894848796875 0.7365568234375 0.7924095343750001 0.7289565921875 0.8006287875 0.7165052859375 0.8139386453125 0.6865162234375 0.8166416734374999 0.676715984375 0.814969475 0.671324975 0.80818445625 0.6657551328125 0.7977946671875 0.659940703125 0.7918867875 0.6584305546875 0.788385209375 0.6586635796875 0.78394314375 0.66158921875 0.781421896875 0.6663595484375 0.7779144437500001 0.6700881296875
0 0.298898025 0.496103390625 0.2964371984375 0.5105932156249999 0.294039978125 0.5183307312500001 0.2903570390625 0.524838453125 0.2857545171875 0.540023921875 0.2808988703125 0.5505198046875 0.27349998750000004 0.57277713125 0.269926559375 0.5762669078125 0.2607381109375 0.5761838109374999 0.25635110625 0.5770974859375 0.2545049359375 0.577981175 0.25350884218749997 0.5804349828124999 0.25544682343749997 0.58702001875 0.2526904703125 0.6013217984375 0.2556610453125 0.6044470453125 0.2694531203125 0.6093120328125 0.28563061562500003 0.61343061875 0.2950262828125 0.6144689359375 0.29820057499999997 0.610313503125 0.30067080156250003 0.6005640234375 0.3037567859375 0.5971757656250001 0.3070134875 0.5957487140625 0.3084970234375 0.5931933859375 0.305843178125 0.588005415625 0.30102643281249997 0.585763859375 0.29682194375000004 0.5816476234375 0.2967548375 0.5801640296875 0.30385229062499997 0.5612142140625 0.30687116875 0.5563423640625 0.3184310328125 0.5227354515625 0.320630434375 0.5187830578125 0.323204271875 0.5095111875 0.32569919999999997 0.505746840625 0.330140409375 0.4933405125 0.3289854015625 0.48684200312500003 0.32592651875 0.4844839328125 0.3201348828125 0.48244541406249997 0.3105838015625 0.4806906796875 0.30409160156250004 0.4812940140625 0.30026855 0.48833010625 0.2956472234375 0.4940348859375 0.298898025 0.496103390625
1 0.318779496875 0.356518834375 0.3124190515625 0.35884456875000004 0.30134319375 0.36639747031250003 0.2917208375 0.3771413703125 0.287765659375 0.384705834375 0.2885599296875 0.39776860625 0.2940460640625 0.41958643906250004 0.296156396875 0.42463712343750004 0.30288812656249997 0.42872337343750005 0.31380648906249997 0.4321855140625 0.3230433890625 0.4337522015625 0.33333545937500003 0.43784423281249996 0.341599434375 0.4396139609375 0.34543943593750004 0.438563 0.3558220296875 0.4301563953125 0.373637896875 0.41146272812499995 0.37350984375 0.404999984375 0.3656607640625 0.3734418828125 0.363048696875 0.36724793125 0.3590442125 0.36284213125 0.35317611718749997 0.3615707890625 0.34356204218749997 0.35708767343750003 0.3400534046875 0.35732069843750003 0.3278824546875 0.3551183375 0.318779496875 0.356518834375
0 0.6037534484375 0.739644465625 0.608957840625 0.7445636437500001 0.6098550265625 0.74512778125 0.610736728125 0.7444471312500001 0.6121331609375 0.7414141937500001 0.631216059375 0.7250070625 0.6341816812500001 0.7209023890624999 0.6451135921875 0.7131614421875 0.6471820296875 0.7084926312500001 0.64587141875 0.7025224921875 0.640997059375 0.700280934375 0.623631109375 0.7115924031249999 0.6166978296875001 0.71876 0.60516779375 0.72612485625 0.597978359375 0.72860286875 0.5988695749999999 0.7326625640625 0.6037534484375 0.739644465625
0 0.725608784375 0.29324843437500003 0.71365090625 0.2949684828125 0.710224353125 0.29692390625 0.7075294171875 0.3022226078125 0.707323915625 0.3095032859375 0.7200440875 0.3652822703125 0.7198813609375 0.368061409375 0.715235009375 0.3750109765625 0.7148572984375 0.3803304515625 0.7172397968750001 0.3935662765625 0.7200368296875 0.4004766453125 0.724545371875 0.40229135156250007 0.7378893078125001 0.40103392187500003 0.7486024703124999 0.398322884375 0.756826196875 0.39362986875 0.7605722515625 0.38961172187500004 0.7618074859374999 0.385862365625 0.7590746140625 0.3721996890625 0.7558903859375 0.36586845156250003 0.753453209375 0.364125278125 0.747961240625 0.3625136109375 0.7468056046875 0.36075544531250003 0.733489203125 0.3046003703125 0.7302372796875 0.2967855390625 0.725608784375 0.29324843437500003
0 0.6421734031249999 0.71107794375 0.633097259375 0.716451609375 0.6314120546875001 0.719296503125 0.6252622109375 0.7228162640625 0.6229398625 0.7297866046875 0.6262309046875 0.7296043390625 0.626429875 0.7258192171875 0.6276401875000001 0.72432063125 0.6305972671875 0.724956303125 0.635632665625 0.738639753125 0.637039534375 0.7450875031249999 0.6363348921875 0.7477293578124999 0.6379928375 0.750630790625 0.633663190625 0.754272846875 0.631784953125 0.7574073046875001 0.63778904375 0.77787883125 0.6411416484375 0.782675715625 0.6463049953125 0.7828545499999999 0.657581471875 0.7805196046875 0.6810321 0.77291829375 0.683400621875 0.769682315625 0.6815769015625001 0.7613241203125 0.6761246546875 0.745730225 0.6745342062499999 0.7443123843749999 0.668567940625 0.7428022375000001 0.6641459484375 0.7389755671875 0.6568486578125 0.717274246875 0.652969053125 0.7135848625000001 0.6421734031249999 0.71107794375
1 0.24412726562499998 0.510542265625 0.2452549515625 0.5168019703125 0.24946249062499998 0.5216853828125 0.255557171875 0.52568510625 0.26423343906249996 0.5284100546875 0.26896694375 0.527445621875 0.2803271265625 0.5211375078125 0.28182437031249996 0.509101490625 0.2808868296875 0.506047778125 0.2725559921875 0.49900933593749996 0.2663180859375 0.49553798281250006 0.2611609453125 0.494591971875 0.25042660781250003 0.499025409375 0.2464717796875 0.5023271390625 0.24495531874999998 0.5048824656249999 0.24412726562499998 0.510542265625
1 0.267923371875 0.47803021250000005 0.2677529421875 0.48430490937500004 0.26976537500000003 0.4898839640625 0.2745414734375 0.4973942375 0.2790283921875 0.49772534999999996 0.28517975 0.499713109375 0.29394238437500003 0.4994201125 0.2991433328125 0.497109371875 0.30483151249999996 0.48995676718750003 0.308178428125 0.48278338906249996 0.3071380140625 0.4792520640625 0.3025575203125 0.47145222656249997 0.29706739375 0.4665838078125 0.2912700453125 0.4650229 0.2843518578125 0.4654381890625 0.27769767500000003 0.46704750625 0.27073626875 0.47196433437499996 0.267923371875 0.47803021250000005