0 0.253510215625 0.485252 0.249892365625 0.487019378125 0.2162980953125 0.48866897343750004 0.2030772625 0.4922279328125 0.19696405625 0.497520853125 0.1949613046875 0.5021896640625 0.1948182375 0.506213590625 0.2001561359375 0.5160611609375 0.21099234375 0.5212456999999999 0.215117790625 0.521866378125 0.2531270734375 0.52102550625 0.25558088125 0.522001503125 0.2604319578125 0.527210246875 0.2648619625 0.5292637578125 0.28508312187499996 0.5304567062500001 0.2926891328125 0.529838378125 0.3001636390625 0.5262528625 0.30422911406250003 0.5218943921875 0.306933290625 0.5158285140625 0.3081596546875 0.5063328312500001 0.30549016406249996 0.49142536718749996 0.298008796875 0.478539078125 0.29313694687499997 0.47558110468750003 0.2888084609375 0.47400520312500005 0.2712083828125 0.47574945625 0.2658889078125 0.4753825765625 0.2582113625 0.47801286875000004 0.253510215625 0.485252
0 0.42727287187499996 0.480764940625 0.4238488484375 0.47874719531250004 0.40985162812500003 0.47747928437500003 0.4017322390625 0.47920511406250005 0.4000755921875 0.48080521875000004 0.3990130703125 0.484026203125 0.3990107203125 0.4957576625 0.3981362421875 0.49868908125000005 0.3997939703125 0.5170563359375 0.401785159375 0.5193786390625 0.40659125625000003 0.5208530203125 0.41818542968749994 0.5213837421874999 0.42248392968750004 0.5204700671875 0.42584798125 0.5175086624999999 0.42687473750000005 0.5152936593749999 0.43344478124999997 0.5121499890625001 0.4525434453125 0.5115847718750001 0.5045407359375 0.5072714671874999 0.5074929296875 0.505895175 0.5088450171875001 0.5028622359375 0.5098833359375 0.49365611875 0.5084620640625 0.4869695640625 0.50498728125 0.4847130125 0.4985603046875 0.4838327546875 0.4945006109375 0.48469567031249994 0.43495384843749996 0.48637055 0.43006122500000005 0.4856633453125 0.427165571875 0.4837828875 0.42727287187499996 0.480764940625
0 0.4644683515625 0.61113435625 0.46189803124999995 0.6084359625 0.45777258437499996 0.6078152828125 0.45205624375 0.6102783031250001 0.45126251249999993 0.615938103125 0.4539943234375 0.624093259375 0.45427810781250005 0.6277768625 0.4559797328125 0.6299111203125001 0.45583666562499997 0.633935046875 0.4512728046875 0.6406458078124999 0.44918352656250005 0.6460817953125 0.441733225 0.6556524421875001 0.440873740625 0.6598286484375 0.4332503859375 0.6709336484375 0.42909260312499997 0.679554853125 0.4198783546875 0.69374355 0.41524874218749996 0.6989707187499999 0.411640103125 0.705478440625 0.41047027968750005 0.7117173703125 0.41422306718749996 0.72115308125 0.413912728125 0.7232158046875 0.41815468750000007 0.72555888125 0.4285848171875 0.7288329765625 0.43523560625 0.7284176859375 0.43832508593749997 0.7265130234375 0.445933446875 0.7141632359375001 0.44801694531249997 0.71222280625 0.45518346249999997 0.69896855625 0.46027569375 0.6923950828125001 0.4622784453125 0.687726271875 0.4689200234375 0.6825706375 0.47006907187499997 0.6785824765624999 0.4739465015625 0.6745135703125 0.473814996875 0.671546384375 0.47562970312499997 0.6671671390625 0.48270969375000006 0.654680065625 0.4861245046875 0.651957465625 0.50478710625 0.646992228125 0.50672410625 0.6408398234375 0.5062315015625 0.63969655625 0.5035746546875 0.6377653375000001 0.5030670578125 0.63537728125 0.49826096093750005 0.6339029 0.478316725 0.6199217531250001 0.4743285640625 0.6187727046875 0.4708745546875 0.614265384375 0.4644683515625 0.61113435625
1 0.47162419843750003 0.6765047609375 0.4688692625 0.6823318328125 0.4720763359375 0.7021169265625 0.47530075156249996 0.7114153515625 0.4800353140625 0.7149016968749999 0.490190871875 0.7192325328125 0.500844815625 0.7212110796875 0.508877678125 0.7202524265625 0.5176177453124999 0.71440115 0.5260890218750001 0.7061110578124999 0.5293365609375 0.7014272546875 0.529043565625 0.6930033078125 0.52401835625 0.6693615562499999 0.5217376015624999 0.6668512078125 0.5164181265625001 0.6664843265625 0.5099611640624999 0.66311449375 0.4958324375 0.658879396875 0.49191002968750003 0.659213940625 0.48422670312499994 0.6653397890625 0.47162419843750003 0.6765047609375
0 0.4720848453125 0.5835575546875 0.4676190734375 0.582510025 0.444086971875 0.5727858296874999 0.428032809375 0.567712021875 0.42128050000000006 0.5676497 0.4171342796875 0.569279790625 0.4140240265625 0.5734352234375 0.413301828125 0.5770830609375001 0.4138336296875 0.5854562484375 0.42406993281250005 0.5925154640625 0.44912139375000004 0.601167925 0.46825347500000003 0.611328184375 0.4888241703125 0.6176883265625001 0.4949915671875 0.6208701140625 0.499543865625 0.6211504671875 0.5038515765625 0.6249771375 0.5034431500000001 0.6347981515625001 0.504494109375 0.63856828125 0.5064853 0.640890584375 0.515473384375 0.6397288921875 0.524658728125 0.6430179796875 0.5319901671875 0.6434563921875001 0.535984109375 0.6411098843749999 0.5414432203125 0.6292169359375 0.5461409359375 0.613741903125 0.5462332437499999 0.60947916875 0.548337515625 0.6052879703125 0.5351697921875 0.5973542765625 0.5320711015625 0.5945185953125 0.529333509375 0.5898589953125 0.524694684375 0.59034581875 0.521503684375 0.591772871875 0.5131696953125 0.5995345921874999 0.510969684375 0.5997526234375 0.48931226250000004 0.5906283328125 0.4833121375 0.58940775 0.4720848453125 0.5835575546875
0 0.5701277124999999 0.585680628125 0.5725457546875 0.58766260625 0.5789277515625 0.5848085015625 0.6018162390625 0.5609741921875 0.6061862734375 0.5580485546875 0.6102967265625 0.5574244453125 0.6119026140625 0.555585534375 0.61146076875 0.5546810718749999 0.6043289390625 0.5469619796875 0.5991167640625 0.543577153125 0.5968959796875 0.5460459546875 0.59572615625 0.552284884375 0.5944098359375001 0.5543118421875 0.5711602499999999 0.57997006875 0.5701277124999999 0.585680628125
1 0.2667590625 0.3925817171875 0.25049029843750004 0.3935438015625 0.2416544921875 0.395421909375 0.2368933734375 0.39768189062500003 0.22470615781249997 0.4154976515625 0.2196023640625 0.42906223906249996 0.21928624531250002 0.4346205203125 0.222647946875 0.4433905734375 0.2287022609375 0.45308586249999994 0.2394046140625 0.467034675 0.24264059218749998 0.469341984375 0.24916908750000002 0.470699853125 0.2796946515625 0.468704153125 0.2875752359375 0.4670290828125 0.29268245937500004 0.46170039531249996 0.299269846875 0.4480700546875 0.3000785703125 0.4436550421875 0.30532308124999996 0.43779798437500006 0.30643636406249997 0.43481580624999994 0.3057672765625 0.42697098906250003 0.3009577484375 0.41726070625 0.2934198390625 0.40763116874999994 0.2894074734375 0.40049698749999996 0.2841145546875 0.39438378125 0.28000988125 0.3915123328125 0.27220083125 0.3911754390625 0.2667590625 0.3925817171875
1 0.366499934375 0.44026932499999993 0.36576274375 0.4426723734375 0.3667121859375 0.4459648921875 0.37200510625 0.4520780984375 0.38229216875 0.4593761203125 0.3864026234375 0.4587520109375 0.3969308421875 0.454267815625 0.3988113015625 0.45137216249999995 0.40013918437499996 0.44235409218750005 0.3986821453125 0.43667351875 0.3963356375 0.43267957656249995 0.39149955468750003 0.4287156203125 0.3865769453125 0.425518840625 0.3837470453125 0.425121975 0.371618721875 0.42794952343750003 0.364941378125 0.43411114062499995 0.366499934375 0.44026932499999993
0 0.311644215625 0.358331190625 0.311219715625 0.34694005781250004 0.30989996249999996 0.3407311125 0.308147578125 0.33835804999999997 0.3019744015625 0.3386718203125 0.28549103593749997 0.3456697953125 0.275840725 0.35545847343750003 0.2722978390625 0.36344978906250003 0.26698179375 0.371318809375 0.265573165625 0.3776085 0.26998239687500003 0.38191278125 0.28123624375 0.3820166515625 0.2878155 0.383613325 0.292636590625 0.38633249375 0.3159125421875 0.4065941203125 0.3193665515625 0.411101440625 0.3280685015625 0.4179876046875 0.33433163593750004 0.42514255937499995 0.349434009375 0.4386553078125 0.35284303906250003 0.43942826406249996 0.3607086296875 0.4365084078125 0.3675232609375 0.42981842031250006 0.369693284375 0.42711081406250007 0.3710211671875 0.41809274375000005 0.37042704375 0.4164718640625 0.3608921640625 0.40801558125000004 0.350798928125 0.3969324359375 0.346846534375 0.3947774046875 0.3282543859375 0.37776331875 0.3230987515625 0.3711217421875 0.31409224375 0.36280274375 0.311644215625 0.358331190625
1 0.35783623750000004 0.6989439734375 0.35992316562500004 0.7052394453125 0.3581949859375 0.7088515140625 0.355944215625 0.7088307406250001 0.36674465624999997 0.7150212609375 0.370204446875 0.716033025 0.3799747015625 0.716202646875 0.38679854375 0.7142530046875 0.39072673281250003 0.710422903125 0.39720681875 0.699810509375 0.3987827203125 0.6954820234375 0.3978690453125 0.691183521875 0.3930595171875 0.6814732390625 0.3893309359375 0.6780226609375 0.3780113359375 0.6764351984375 0.368885965625 0.6781252609374999 0.3653846265625 0.6816150375000001 0.359128353125 0.6909318859375 0.35783623750000004 0.6989439734375
1 0.137829153125 0.49761062031250003 0.13356406875 0.509249771875 0.1346092484375 0.5165154578125 0.14105464843749999 0.5268764046875 0.1463175828125 0.5305000359375 0.1492789875 0.5338640890625 0.1542373640625 0.5360548859375001 0.163834565625 0.5377588609374999 0.18192724843750002 0.5371578765625 0.1866526 0.5359038765624999 0.19027045 0.5341365 0.1998815640625 0.5171179015625 0.196576403125 0.505091096875 0.197029809375 0.4990044453125 0.19516669375 0.4914134265625 0.1905544234375 0.48615392343749997 0.183279525 0.48245875937499993 0.17852418750000001 0.48122318281250004 0.159801615625 0.4812092703125 0.15101656875 0.48332618437499997 0.1440346671875 0.4880549671875 0.137829153125 0.49761062031250003
1 0.3564887140625 0.4002157421875 0.3594443375 0.4070753515625 0.366764215625 0.414504878125 0.3718748703125 0.41741209375 0.3774181578125 0.41648342656250004 0.38695538749999997 0.4132082515625 0.3887493203125 0.411079775 0.3927248390625 0.399252578125 0.39087671562500004 0.392906346875 0.3810730453125 0.3820112484375 0.37727292968750004 0.380572634375 0.36913854687500003 0.381053675 0.36413862343750003 0.38336441718750003 0.359971628125 0.387245278125 0.35707940625 0.3936007203125 0.3564887140625 0.4002157421875
1 0.20868903125 0.37771904218749996 0.2074684484375 0.3837191671875 0.2082598296875 0.38979082656249997 0.209534603125 0.39226540781249997 0.21733209062499997 0.399593415625 0.22654742031250003 0.405372078125 0.23060711406249998 0.40450916406250004 0.2446632265625 0.390788865625 0.24665098593749998 0.3848752671875 0.245650784375 0.38134394375 0.24045938437499997 0.3757083484375 0.22988275468750002 0.3682222796875 0.2257573078125 0.3676016015625 0.2209304375 0.368377990625 0.21492453125000002 0.3706529640625 0.2113216734375 0.37366512812499997 0.20868903125 0.37771904218749996
1 0.5162633609375 0.399201115625 0.51012938125 0.40674480468749996 0.50740443125 0.415061453125 0.50887068125 0.4254823703125 0.5126950015625 0.4329061171875 0.51826249375 0.43796258125 0.5289879703125 0.43792916562500006 0.541516590625 0.4405076171875 0.5453882390625 0.4399342671875 0.5521313359375 0.43525624531249996 0.557483146875 0.42638124218750006 0.5587752640625 0.418369153125 0.5570136671875 0.41125574531250003 0.5533773937500001 0.4035424328125 0.5438425140625001 0.39508614999999997 0.5396513140625 0.39298187812499996 0.5352363015625 0.39217315468749997 0.5261109296875001 0.3938632171875 0.5205826359375 0.396036671875 0.5162633609375 0.399201115625
0 0.416564171875 0.625310221875 0.41240873906250003 0.62219996875 0.408399803125 0.6233016890624999 0.3939676 0.6376011187499999 0.392905078125 0.640822103125 0.393803759375 0.643875815625 0.3982937359375 0.6509084781250001 0.4131215359375 0.6654779671875 0.4181456640625 0.6691523578125 0.42317557343749995 0.6693311921875 0.4264531 0.6671369640625 0.42908574218749995 0.66308305 0.43244979375000003 0.6601216453125 0.43535122656249997 0.658506546875 0.4402288578125 0.6579689640625 0.4405749640625 0.6549002578125 0.4385387953125 0.6488435921875 0.438971428125 0.6450077109375 0.450299159375 0.6313681578125 0.454582665625 0.6292096953125 0.455101825 0.6246066375 0.45357903437499997 0.6174424703125 0.45131905312500004 0.6126813515625 0.4457008015625 0.60738608125 0.44090969687500003 0.6071564875 0.437291846875 0.608923865625 0.4307517890625 0.6145571109375 0.4210149515625 0.6251129640624999 0.416564171875 0.625310221875
0 0.56501495 0.2128742609375 0.5609252703125 0.2112476 0.5524147968750001 0.21230777343749999 0.54611354375 0.21789025781250002 0.54306904375 0.223529284375 0.5416961812500001 0.2288129921875 0.5439861484375 0.2360636859375 0.5475716625 0.2435381921875 0.55706499375 0.256496015625 0.5621998546875 0.26538836093749996 0.5612330703125 0.2725825140625 0.56306041875 0.2811795140625 0.5653411734375 0.28368986406249996 0.5658130046875 0.2870839015625 0.568022225 0.2916062140625 0.573055565625 0.30002095 0.5759154515625 0.302907390625 0.5807365421874999 0.305626559375 0.58772765625 0.305638121875 0.593220184375 0.3044706484375 0.600455884375 0.30093589375 0.6084795359374999 0.295236896875 0.6131091484375 0.290009728125 0.6181206343750001 0.28070787343750003 0.6194785046875 0.27417937812500004 0.6180572328125 0.267492821875 0.604566528125 0.24864560624999998 0.5997454375 0.2459264375 0.592225953125 0.24577758906249997 0.5895333390624999 0.24485235312500003 0.5817566249999999 0.23527357499999998 0.5699017937499999 0.2170770234375 0.56501495 0.2128742609375
1 0.405226715625 0.459243534375 0.40432568281250003 0.46792128125000004 0.410532278125 0.4783329875 0.418102521875 0.478720640625 0.42479829062499996 0.4820397140625 0.43083418125 0.482254315625 0.4339236609375 0.4803496515625 0.4378426390625 0.47177920625 0.44025146875 0.469020840625 0.44069909375 0.46642974531250003 0.43914053593749997 0.4602715609375 0.4354834890625 0.45480901874999996 0.42981447656249994 0.44927494218749997 0.4235247859375 0.4478663140625 0.41740236875000003 0.4484188890625 0.41182331406249995 0.45035353906250003 0.4081846890625 0.45437168593750005 0.405226715625 0.459243534375
0 0.3992025203125 0.7303360734375001 0.3928828453125 0.7264378703125 0.3772405390625 0.71977895 0.375523921875 0.7163999046875 0.368568575 0.7153823609375001 0.3656579296875 0.7122571140625 0.36148172343749996 0.7113976296875 0.35478595468749996 0.7080785578125 0.3467530921875 0.7090372109375 0.34352632656250004 0.71147024375 0.33703124687499997 0.7208378515625 0.334327071875 0.7269037296875 0.334778128125 0.7325485359374999 0.3382113625 0.7393066265625 0.3462684296875 0.7443331046874999 0.3526088796875 0.7459805390625001 0.3553164875 0.7481505640624999 0.360752475 0.7502398421875001 0.3725231296875 0.7574721125 0.387042940625 0.7623728671875 0.389084890625 0.764933975 0.3895601515625 0.7765639140625 0.41187745 0.788792678125 0.41927464218750005 0.7907146843749999 0.42405075312499996 0.789699490625 0.4276536109375 0.786687325 0.441727065625 0.76248035625 0.4460037109375 0.743850090625 0.44476470468749996 0.7403695265625 0.4412091765625 0.7353845953125 0.43519405781250003 0.7329192250000001 0.43127743125 0.7297582125 0.4146441375 0.7243083125 0.4103098703125 0.7262279687500001 0.404044384375 0.730804471875 0.3992025203125 0.7303360734375001
0 0.6004302218750001 0.378315759375 0.6019195953125 0.37475445 0.606752246875 0.3704825046875 0.608581946875 0.3673480453125 0.6089788125 0.36451814531250004 0.6022680515625 0.3599542859375 0.5989870953125 0.3539126125 0.59370916875 0.34904419375 0.58499565625 0.34914914375 0.569533265625 0.35742767343750004 0.5649544109375 0.36289364687500003 0.5600560078125 0.36568199843750004 0.5580382625 0.369106021875 0.5628454390625001 0.3905477640625 0.5670366390625 0.3926520359375 0.5750545093749999 0.3904485953125 0.57783365 0.3906066546875 0.5793322359374999 0.3917856890625 0.59807774375 0.42948355312500003 0.6018213171875 0.43417891875 0.6174381484375 0.466551525 0.62395508125 0.47490050781250004 0.6282835671875 0.476476409375 0.6301940125 0.47607033125 0.6407579984375 0.47058015312499996 0.6434056328125 0.46777102812500004 0.6421216484375 0.4605561015625 0.6366464625 0.45123690312500003 0.630785975 0.437756490625 0.6219940671875 0.42340160156250006 0.6148438125 0.40620182031249996 0.611491321875 0.4021721109375 0.6035081390625 0.38340220937499997 0.6004302218750001 0.378315759375
1 0.504728971875 0.4553157234375 0.5030007921874999 0.4589277921875 0.502786190625 0.46496368437499996 0.508676665625 0.480933671875 0.5093307609375 0.4875337015625 0.514557928125 0.49216331406249997 0.5208118515625 0.49457792500000003 0.5325075421875 0.4955862578125 0.5373136406250001 0.4970606390625 0.5415613796875001 0.4959081578125 0.5576710046875 0.4777578546875 0.557814071875 0.47373392656249996 0.5599333359374999 0.4707875140625 0.556917740625 0.45894875625 0.5521947390624999 0.44847129687500004 0.5456927984375 0.4413671015625 0.5384836515625 0.43915552968749993 0.5295163406250001 0.4380664515625 0.520340209375 0.439517709375 0.51067490625 0.44806159843750004 0.504728971875 0.4553157234375