1 0.28222808125 0.5327818859375 0.27984064375 0.5295867984375 0.27384479375000004 0.5260205765625 0.264625065625 0.523271715625 0.2577927765625 0.52371794375 0.2480938859375 0.530591525 0.24242806093749997 0.5370567937499999 0.2418838078125 0.539075778125 0.24290341718750003 0.5507558515625 0.2446534953125 0.5574522625 0.24779713281250001 0.560570790625 0.254443209375 0.563089240625 0.261261871875 0.5648537625000001 0.2645387359375 0.56452200625 0.272592 0.5612518265625 0.2837503015625 0.5537395203125001 0.2844012890625 0.5480274484375001 0.28222808125 0.5327818859375
0 0.418931396875 0.46384850625 0.4312992359375 0.4616013109375 0.4330589015625 0.45921192499999997 0.4357242421875 0.4582028 0.4428550484375 0.44716291718749995 0.446020803125 0.4367741515625 0.44558857031250004 0.4304357484375 0.43525833125 0.4165179421875 0.42612141875000004 0.4113155296875 0.41684143437500004 0.39778125000000003 0.414084703125 0.39560841406249997 0.4080326328125 0.393281728125 0.3992755140625 0.39393211250000004 0.392355965625 0.3975858203125 0.3888628515625 0.40260739531249995 0.3874178109375 0.4079104203125 0.3879811359375 0.4154628390625 0.39266682343750003 0.423820959375 0.39152291875 0.43424837031249996 0.392690028125 0.4427209625 0.3959711328125 0.44974986093749997 0.4006440875 0.45565443125 0.4069583453125 0.4604091484375 0.41080503437500004 0.46099756718749996 0.41408689218749994 0.4633621671875 0.418931396875 0.46384850625
1 0.314776215625 0.5501536437500001 0.320583728125 0.5458736046875 0.328009153125 0.5426544640625 0.3298362875 0.5409934875 0.33241988437500003 0.541709503125 0.3418675109375 0.5409825609375 0.3504678421875 0.5346966625 0.3524394234375 0.5273746546875 0.350929490625 0.5039634687500001 0.3493517921875 0.49627032499999996 0.327979421875 0.4839865078125 0.3114213265625 0.47685333124999996 0.307480409375 0.4775044484375 0.283441775 0.49176200625 0.27873024218750003 0.49691117812499996 0.277189759375 0.501242990625 0.2769641390625 0.5248328140625 0.278111490625 0.5308518546875 0.2808640953125 0.535478240625 0.2844520921875 0.5385457312499999 0.294225084375 0.5431859765625 0.29803495625 0.5459851437500001 0.3044418296875 0.547289578125 0.3066598484375 0.54927065 0.31003937187499997 0.5503957140625 0.314776215625 0.5501536437500001
1 0.36035893125 0.5483716671875001 0.35786323750000004 0.546416115625 0.3463477734375 0.543168521875 0.33645616562499997 0.5431925750000001 0.33201861875 0.5443803390624999 0.327237459375 0.5470759609375 0.31974810468750003 0.5552022046875 0.3176208796875 0.561310196875 0.31890036718750003 0.570754003125 0.32283454843750004 0.578945878125 0.32530386875 0.580658628125 0.337321184375 0.58385518125 0.345561803125 0.584980978125 0.3539350453125 0.582656490625 0.364726378125 0.572230546875 0.3658890796875 0.5689209875000001 0.365427925 0.5623397812500001 0.36035893125 0.5483716671875001
0 0.620570303125 0.7266018187500001 0.6224372765624999 0.732301496875 0.6222405140625 0.7374769234375 0.6248117921875 0.7497322875 0.6262874859374999 0.75178991875 0.6296443234375 0.7526721796875 0.653312853125 0.7534297734375001 0.6658264609375 0.7531250046875 0.6818802515625 0.75073781875 0.68449328125 0.7470323375000001 0.6851215765625 0.7388667140625 0.684365103125 0.731825421875 0.685972721875 0.7257684671875 0.688938278125 0.72300868125 0.6890694546875 0.719558396875 0.68809013125 0.7174497265625 0.6859220500000001 0.7159542609375 0.6719498046875 0.71591804375 0.6673349859375 0.7134467375 0.6660299703125 0.705970878125 0.6626046203125 0.6437243078125 0.6570752796875 0.5875857296875 0.6557695140625001 0.5847741703125 0.651955809375 0.581975003125 0.6310694890625 0.5814222984375 0.6279079171874999 0.5846932125000001 0.6263651375 0.5936893234375 0.6302236203125 0.6249329453125 0.6301586796875001 0.6406779390625 0.63524456875 0.6926888625000001 0.635737940625 0.7112950234375 0.634862209375 0.714821865625 0.6307734859374999 0.716469715625 0.6184685609375 0.7187169109375 0.6170182015625 0.721566384375 0.618350053125 0.724620746875 0.620570303125 0.7266018187500001
0 0.8025230000000001 0.5578719953125 0.7981551687499999 0.5570918140625001 0.7611827984375 0.5297009593750001 0.7556346953124999 0.5273232328125 0.7518177078125 0.5269776187499999 0.7489055703124999 0.5280122640625 0.74786899375 0.5300822875 0.747750740625 0.5313218234375 0.7525504109375001 0.5384404078125 0.77484609375 0.558251125 0.7822038953125 0.5633893703124999 0.791738121875 0.5746873828125 0.7966702703124999 0.5736913828125 0.80109124375 0.570292871875 0.8083727187499999 0.5607098078125 0.8070090828125001 0.5574126421875001 0.8025230000000001 0.5578719953125
0 0.591833484375 0.3598042125 0.6007439234375 0.3493141015625 0.6028740828125 0.3434489125 0.6039071171875 0.33671458906249996 0.602955340625 0.325520121875 0.5954856484375 0.31205000781250003 0.601850790625 0.2895473359375 0.600454796875 0.27888951562500003 0.596550015625 0.2729083875 0.5910122109375 0.26807710937499996 0.583645365625 0.264906809375 0.5719541078125 0.26586342812499997 0.5631882671875 0.27069250624999996 0.560026571875 0.2739634203125 0.55687754375 0.2796878859375 0.5537657734375 0.29743730468749996 0.551857721875 0.303034171875 0.54383646875 0.307786690625 0.536506878125 0.3166413453125 0.533462196875 0.323337021875 0.5319841953125 0.3352722921875 0.53246641875 0.3420963015625 0.536370453125 0.3527417296875 0.541241928125 0.358377975 0.549940678125 0.3646026390625 0.5540944046875 0.365893946875 0.558431484375 0.36422057812499997 0.5665950890625 0.3677999265625 0.576078678125 0.3673157859375 0.5860199015625 0.3640842515625 0.591833484375 0.3598042125
1 0.87078030625 0.462807684375 0.8771977359375001 0.45011921875 0.8804139109375001 0.4380053109375 0.87334715625 0.425966496875 0.866697890625 0.417812534375 0.8589109578125 0.41542168124999995 0.8381624484374999 0.4138722453125 0.8276439343750001 0.4164264078125 0.8192024296874999 0.4219583765625 0.81202755625 0.43226985000000007 0.809295225 0.44187916562499996 0.8098558484374999 0.44943158437499997 0.8119060156250001 0.4568308859375 0.8198092421875 0.4673108015625 0.8274388671875 0.47290913437500004 0.8321684312500001 0.4748778140625 0.8446983484375 0.47702659531249997 0.8496374078125 0.4762734 0.8595028499999999 0.47231345625000004 0.8648996562500001 0.468812865625 0.87078030625 0.462807684375
0 0.6560706421875 0.534974728125 0.6604266921875 0.5288798609375001 0.6609102906250001 0.5217109703125 0.6574038843750001 0.514707590625 0.652723465625 0.5107709671875 0.6459435124999999 0.5082780359375 0.640714771875 0.5085711453124999 0.6224320234375 0.52027380625 0.61279665 0.516847575 0.6093021421875 0.516962046875 0.6054944140625 0.51882718125 0.586742209375 0.5308236828124999 0.5840817078125 0.5340435578125 0.5826205140625 0.539103778125 0.5839358734375 0.5490331890625 0.5874943578125 0.5565221765625 0.593634475 0.564727178125 0.6038427140625 0.5734950796875 0.6095535578125 0.5753616796875 0.61525175625 0.574774728125 0.6381509484375 0.5594052328125 0.6406291734375 0.5544857359375001 0.6408784171875 0.5451316171875 0.6560706421875 0.534974728125
1 0.5254140781250001 0.493703909375 0.5289820734374999 0.49210709843749995 0.5323168921875 0.488325059375 0.5411340250000001 0.43782419375000003 0.5401095234375 0.4352299171875 0.534479946875 0.42918462343749997 0.52229918125 0.4201352734375 0.512661165625 0.41155913593750004 0.5013753578125 0.40389004687499996 0.49555035 0.4030201796875 0.47040635468750003 0.41028748281249994 0.4515285546875 0.4178880078125 0.44713000156250005 0.4210437171875 0.44385958125 0.4277649140625 0.44392398125000004 0.430704071875 0.44270405 0.433285221875 0.44320963750000003 0.43568773437499997 0.4378605875 0.4602990765625 0.4370159578125 0.468733021875 0.43745640156250004 0.47286067656249997 0.43959645312499995 0.476566890625 0.4760084640625 0.5071652249999999 0.4789272578125 0.508826934375 0.48388321718749994 0.5085593453125 0.49321181875000003 0.50489324375 0.5089494859375 0.50056363125 0.516474846875 0.49634775781249996 0.5254140781250001 0.493703909375
1 0.7055733656250001 0.5697284359375 0.7013187750000001 0.5704050734375 0.6859565671875 0.576626071875 0.6821655468750001 0.579219615625 0.6802961265625 0.5830913390625 0.6799232921875 0.5936849953125 0.6808103531249999 0.5994867515625 0.6855542234375 0.6056341234375 0.69732278125 0.6108241421875 0.706441490625 0.6103910421875 0.7137580875 0.6074402234375 0.7220691390625 0.601933775 0.723527925 0.5966307515625 0.7230931015625 0.5809637484375 0.7084758046874999 0.5706617359374999 0.7055733656250001 0.5697284359375
0 0.5579568171875 0.6924977609375 0.5580741765624999 0.686593925 0.559187190625 0.6830415624999999 0.5622922578125 0.679527846875 0.5713609421875 0.673676515625 0.577209428125 0.6632498390625 0.5847776140625001 0.6573088234375 0.5906386421875001 0.6493356968749999 0.59343298125 0.6475726421875 0.5997080703125001 0.6388200671875001 0.6043785890625 0.63367089375 0.6067330359375 0.632444484375 0.6123741218750001 0.62473968125 0.6193990875 0.6183640984375 0.620874496875 0.6135466796875 0.624380334375 0.6114642625 0.6289991890625 0.6058294828124999 0.6291423796875 0.6001684515625 0.628069228125 0.59708856875 0.620257490625 0.589062203125 0.6100913046875001 0.582262246875 0.6044775359375001 0.5808812546875 0.5962244234375 0.5827201343749999 0.5900275734375 0.5875368187500001 0.5860685578125 0.59236663125 0.5844639859375 0.5959700328124999 0.5823553171875 0.597170921875 0.570672378125 0.6111492296875001 0.568783653125 0.612081796875 0.56228861875 0.6211026937499999 0.5519386390625 0.631260315625 0.55013995625 0.63537484375 0.5466341156250001 0.6374572609375 0.5445121578125 0.6408689 0.5421835421875 0.6423381109374999 0.537784634375 0.64770456875 0.536180065625 0.6513079703125 0.5332174453125 0.6538249546875 0.5315870421875 0.6571855531249999 0.526878146875 0.6596383718750001 0.509673709375 0.6614247468750001 0.5021970484375 0.6612191234375 0.50019170625 0.6633912265624999 0.500035971875 0.6665987062500001 0.5035536140625 0.6716341406249999 0.51509039375 0.6819740671875001 0.521298303125 0.6889395328125001 0.5381381234375 0.7024111140625 0.5478511312500001 0.7119584640625 0.5550554390625 0.716611103125 0.5565559375 0.7167007890625 0.5596868374999999 0.713429875 0.5579568171875 0.6924977609375
1 0.329346115625 0.60197426875 0.32949045312499997 0.5963132375 0.327692978125 0.5842241171875 0.325528703125 0.5827286515625001 0.317629746875 0.5651308828125 0.28748465156249997 0.5549797890625 0.2836642484375 0.5543913703125 0.2780180859375 0.5554639296875 0.2683030234375 0.5606378890625 0.2632431234375 0.56484136875 0.256865609375 0.5731083375 0.2537750609375 0.574654109375 0.2523272484375 0.57750358125 0.25123059531249997 0.5859630484375 0.2544609953125 0.60674204375 0.2577717578125 0.61425655 0.27332640937499997 0.62149180625 0.28889445625 0.6265163140625 0.29546614375 0.62706681875 0.3035637640625 0.6254962609375 0.31696978124999997 0.6150324031250001 0.32101264218750003 0.6106881984375 0.3254855296875 0.608018096875 0.329346115625 0.60197426875
1 0.4361014328125 0.6145527328125 0.428574909375 0.605989721875 0.42284335312500004 0.604608728125 0.40963650781250005 0.60447893125 0.405146059375 0.6051810875 0.40204215625 0.6069696625 0.39184349531249996 0.625190828125 0.3921863609375 0.6283472703124999 0.401785159375 0.64430958125 0.40686940937499994 0.646738346875 0.4188743296875 0.64748135 0.42707604843749997 0.6459107921875 0.42872709374999995 0.644760940625 0.4345656625 0.6377845468750001 0.43876675 0.6297472546875 0.44006212187499993 0.6229874125 0.4361014328125 0.6145527328125