1 0.818265890625 0.41108604375 0.8167213390624999 0.419019584375 0.822100525 0.433530125 0.8260641109375 0.4393354875 0.8328716343749999 0.44241886093750005 0.8466664156249999 0.44526980156249996 0.8540677515624999 0.4456889734375 0.8593987000000001 0.4428501296875 0.8639624671874999 0.43592511875 0.87024288125 0.42983017187500006 0.8770580453125 0.42083413593749996 0.8775934328125 0.416926428125 0.8745202484375 0.40762807343749996 0.8689009890625 0.39820968125 0.86185785 0.3931721375 0.8411945734374999 0.3900207875 0.8369896406249999 0.39132080937499997 0.832665309375 0.3941602890625 0.8244294515625 0.40250408593750003 0.818265890625 0.41108604375
0 0.5176144609375 0.7361518328125001 0.51453745625 0.7328931812499999 0.5093284546875 0.730166096875 0.5061923859374999 0.7266705578125 0.5023443796875 0.725365440625 0.4993264375 0.7223436796875 0.4953596671875 0.721571403125 0.48482481093749996 0.713630221875 0.472571396875 0.7078788281249999 0.4684287109375 0.7043826515625 0.46434381562500004 0.7031366 0.46274656875 0.7007670765625 0.45883949843750005 0.699225071875 0.45534777968749995 0.6963214359375 0.45203261250000004 0.6951350828125 0.4329145234375 0.683043575 0.42847461249999996 0.6813828078124999 0.426048575 0.678716696875 0.419833590625 0.6749823578124999 0.41521585625 0.6736175421875 0.411250359375 0.6708320328124999 0.3991112515625 0.6715941203125 0.3908779390625 0.675911446875 0.383411171875 0.6853215609375 0.3800915484375 0.6911815296875 0.3774209796875 0.7006538890625 0.37753592187499996 0.706160753125 0.37889500625 0.7106025734375 0.381319771875 0.7152819203125 0.3833914328125 0.7165267 0.38552088281249997 0.720021603125 0.389309828125 0.7210898296875 0.39321562499999996 0.72464506875 0.39925405468749997 0.726662125 0.4079541390625 0.7332994625 0.4128678265625 0.7348421046875 0.4147019625 0.7371525640625001 0.4197928390625 0.7394058703125 0.4212719609375 0.7413016171875 0.4263037734375 0.743318034375 0.42991361875 0.7466954484375 0.442403284375 0.753394396875 0.445598415625 0.7571268250000001 0.44761164999999997 0.7571280984375 0.451873096875 0.760091434375 0.4576746390625 0.7621675531250001 0.45921218750000004 0.7653068046875 0.4646587140625 0.766968209375 0.4742460171875 0.775145640625 0.4779765359375 0.7749703625000001 0.48288895 0.7785262390625001 0.4889870796875 0.779773565625 0.49496581093750003 0.78256035 0.498988459375 0.7886026 0.49851277187500004 0.791740578125 0.5011693328125 0.8044138000000001 0.5044787687500001 0.8146597109375 0.5050668515625001 0.821055065625 0.507491615625 0.8257344124999999 0.51145775 0.8275133046875001 0.515070778125 0.8258576312500001 0.5215283796875 0.8204733515625 0.5327307593749999 0.80283501875 0.539130571875 0.795200615625 0.5506308125 0.7747202578125 0.56290715 0.744233425 0.5634431734375001 0.7393191015625 0.5611975078125 0.73233056875 0.558298328125 0.728775965625 0.5553381749999999 0.7280043265625 0.5508963546875 0.7293634124999999 0.5436696609375 0.7336813765625 0.5252514125000001 0.738525175 0.5205149140625001 0.7376932 0.5176144609375 0.7361518328125001
1 0.5342695640625 0.4295584328125 0.5281746171874999 0.42327801875000004 0.5216630453125 0.42037247187500004 0.50591345625 0.4187637640625 0.47908980156250003 0.41916128593749996 0.46221228437499995 0.42211125000000005 0.45581438125 0.42672580312499997 0.4492367421875 0.4346561578125 0.431930503125 0.4601067203125 0.42594285625 0.4714125796875 0.4248746296875 0.47520152343750005 0.42652902968750006 0.4808277859375 0.449239771875 0.5234753765625 0.4536758609375 0.5311758484375 0.45817292343749993 0.53609335625 0.47048731093749996 0.5390617859375 0.5121136374999999 0.5395026078125 0.524549334375 0.537911728125 0.5298231312499999 0.5318161453125 0.547604421875 0.504234221875 0.5481410828125 0.49831328125 0.555490359375 0.4874227734375 0.5591675453125 0.47795104843749997 0.5581056859375 0.47167381875 0.5461446890625 0.452966846875 0.5458046703125 0.4475664234375 0.54071443125 0.4443065 0.5398862765625 0.44300329375 0.540539153125 0.44057598125 0.5391203671875 0.4369038890625 0.5342695640625 0.4295584328125
0 0.33396321875 0.6000238343750001 0.325554628125 0.6006106421874999 0.3188017109375 0.60481048125 0.31406075625 0.6110248265625 0.31180617499999996 0.6181289375000001 0.311802990625 0.623162025 0.315527778125 0.632046303125 0.3181316421875 0.6344164625000001 0.32262997968749996 0.6373207359374999 0.338318596875 0.6417124078125 0.3415143640625 0.64443821875 0.3422815453125 0.6485243875 0.3451794515625 0.6540922250000001 0.35092002031249997 0.65895130625 0.3834810609375 0.668445953125 0.3908836703125 0.666851890625 0.39793253906250003 0.6628298781249999 0.4071775625 0.6504602484374999 0.411390771875 0.6360742015625 0.412579671875 0.6287325640625 0.41158005937500003 0.6176591359375 0.409925659375 0.6120328734375 0.40590300937499996 0.605990621875 0.399865853125 0.60196033125 0.3728688296875 0.5956074828125 0.3652306046875 0.595247375 0.35782672187500003 0.5988546734375 0.35131005625 0.604002065625 0.33396321875 0.6000238343750001
0 0.33951625625 0.7141304328125 0.3403386796875 0.7244931953125 0.3476605765625 0.7568872343749999 0.3472445890625 0.759255484375 0.3492559140625 0.762276609375 0.34830645 0.7655327140625 0.350313953125 0.77459354375 0.351733375 0.7772590171875 0.351198625 0.7801601078125 0.3527368078125 0.782292740625 0.3533268015625 0.7856682453125 0.35255516249999996 0.788628396875 0.35480337500000003 0.7915904593749999 0.3539726734375 0.7943137234375001 0.35610212343750003 0.7978086265625 0.35532921093750003 0.8027820140624999 0.3572814734375 0.8055662515625001 0.356568896875 0.8087632921875001 0.3585192484375 0.81456738125 0.358103259375 0.8169356296875 0.360647425 0.8200755187500001 0.359873875 0.8260555234375 0.361352996875 0.82795126875 0.360817609375 0.831858975 0.36300485 0.8376040015624999 0.362174146875 0.8403272656249999 0.3650739625 0.8428752515625 0.3639466734375 0.8464273062500001 0.3664305015625 0.8513435406250001 0.3655401 0.854836534375 0.3673138984375 0.8589233390625 0.3665384390625 0.8679231968750001 0.36529365937499997 0.8699948578125 0.360910265625 0.8725974484375 0.3468735015625 0.877858509375 0.34361484999999997 0.8809355140624999 0.34165813125 0.8851975984375 0.3415380953125 0.8877436734374999 0.342779690625 0.8907050999999999 0.35059319375000003 0.8947957265625 0.357326371875 0.9218010265625001 0.436210278125 0.9021330609374999 0.43633158749999995 0.8975737515625 0.43113659374999996 0.8727010843749999 0.4327382984375 0.8680242843749999 0.4364116625 0.864592265625 0.435349803125 0.8583150359375 0.43274593906250003 0.8559448765625 0.42931200937499997 0.8552913640625001 0.41290890625000004 0.857116584375 0.4095346765625 0.8556933421874999 0.40764147812499996 0.8531459937499999 0.40681650625000004 0.8468097015625 0.40551521093750004 0.8446180046875 0.40557809375 0.8388151890625 0.4030968125 0.8298724843749999 0.40292217187499996 0.82513535 0.40079654062500003 0.8156007421875 0.39914023125 0.81299433125 0.39814061875 0.801920903125 0.3914106234375 0.769882515625 0.3917084859375 0.7670404890625 0.3771212078125 0.70651576875 0.37647215156249997 0.7029033765625 0.377363190625 0.698403765625 0.376536309375 0.695087325 0.3695554171875 0.6852535828125 0.364108253125 0.684598796875 0.34409021093750003 0.6910995421874999 0.339113640625 0.6953597171875 0.3382232390625 0.698852709375 0.33815653437500004 0.7106952296875 0.33951625625 0.7141304328125
1 0.0463806078125 0.577873965625 0.042825368749999995 0.5817797625 0.037549025 0.591901815625 0.0325070234375 0.6059912749999999 0.0331535328125 0.6136301359375 0.0418504328125 0.6253005609375 0.0426779515625 0.6276103843749999 0.048121932812500004 0.6332982578124999 0.0616169421875 0.642011078125 0.071385253125 0.644859471875 0.07908254218750001 0.64545646875 0.09003847968749999 0.6429764609374999 0.099515934375 0.637594090625 0.1081068078125 0.6296650078125 0.11604862499999999 0.618123534375 0.118717284375 0.6116710249999999 0.11990554687499999 0.6053360062500001 0.11961596249999999 0.59509200625 0.118316578125 0.5898804578125 0.11547646250000002 0.58656274375 0.1133476484375 0.5820612234375 0.109383425 0.577262478125 0.1009202296875 0.5705660765625 0.088250190625 0.56818955 0.080196615625 0.5691910734375 0.0723215015625 0.568890028125 0.0497567484375 0.5762773546875 0.0463806078125 0.577873965625
0 0.34362787968749997 0.298695953125 0.335699434375 0.28909846250000004 0.327708740625 0.28429716875 0.3151561921875 0.2834010375 0.30461369375 0.287539265625 0.297740740625 0.294285178125 0.29181215781250003 0.305827925 0.2932861859375 0.3157766109375 0.2985485203125 0.3278001390625 0.325288278125 0.3664238078125 0.32605609687500003 0.369503359375 0.325461646875 0.37317417656249996 0.322321121875 0.376724959375 0.32089596875000004 0.383119040625 0.3212465265625 0.3905800765625 0.3246740890625 0.40129976406249995 0.330472446875 0.40840896875 0.3352660984375 0.41249768593749997 0.34882208124999997 0.4184275421875 0.3624403109375 0.41956119999999997 0.372863409375 0.41696242968749997 0.3784941296875 0.4082617078125 0.3823434109375 0.4075535890625 0.38660613125 0.408503690625 0.38992320937499997 0.40667019218749995 0.39549295624999997 0.400752434375 0.40213220468750005 0.38903249687499997 0.40350147812500003 0.3773684390625 0.4003114421875 0.365583071875 0.39344995 0.354209871875 0.386525575 0.34863948749999996 0.3780014046875 0.34472605 0.374567475 0.3440725375 0.37083632031249997 0.3452544328125 0.367521790625 0.3430614625 0.34362787968749997 0.298695953125
1 0.8608434375 0.4991032140625 0.85065340625 0.5076826265625 0.842650615625 0.5220070640625 0.8349990187499999 0.5427859203125001 0.8339301546875 0.5475814828125001 0.8345195109375 0.551963603125 0.8366476875 0.5574717406249999 0.8503154296875 0.5739415484375 0.86167653125 0.5862057859375 0.8655829640625001 0.5887544078125 0.8721548718750001 0.589883609375 0.9086331703124999 0.5848143828125 0.9209520140624999 0.580736490625 0.92213773125 0.5784279406249999 0.92782369375 0.5760038125 0.9303126171875 0.5728671078125 0.9412819265625 0.5492481359375 0.94419193125 0.5356902421874999 0.943010671875 0.5309524703124999 0.937450475 0.5217709671875 0.9285751125000001 0.5114031109375 0.9216520109375 0.5038194921875 0.9114131046875 0.4960561375 0.9031245515625 0.49409687187499995 0.8719181390624999 0.4960903671875 0.8608434375 0.4991032140625
1 0.7244529078124999 0.4425279171875 0.7100331125 0.49166542812499997 0.711630359375 0.4940349515625 0.7186163453125001 0.49581575468750005 0.724179725 0.49996417031249996 0.7291486546875 0.5077834046875 0.734469415625 0.521050440625 0.7381389609375 0.5236581250000001 0.7419869671875 0.524963240625 0.748144796875 0.5254408390624999 0.78486253125 0.5162860796875 0.7908457203125 0.5120265421875 0.793513740625 0.5065806515625 0.79683081875 0.5047471515625 0.7995585390625 0.4985315328125 0.8054960359375001 0.47289614062499996 0.8065096578125001 0.46182398593749996 0.8005938109375 0.45323438749999995 0.7946176265625 0.44642113281249995 0.7843202953125 0.437414271875 0.773015071875 0.43042000937499997 0.7650808953125 0.429882075 0.75412559375 0.431355465625 0.7328646828125 0.4369080203125 0.7244529078124999 0.4425279171875
1 0.62406961875 0.657525346875 0.625370278125 0.6607236609375 0.6248355265625001 0.66362475 0.632884009375 0.6706761671875 0.6342443671875 0.6731047515624999 0.6388017671874999 0.6762459140625 0.6428276 0.677255078125 0.6472668734375 0.6799224625 0.6511155171875 0.6802209609375 0.65685990625 0.6790403390625 0.67042289375 0.6738974046874999 0.6773536359375 0.6694016140625 0.6791325296874999 0.6654354812500001 0.6830536078125 0.6448319031249999 0.6816367343749999 0.638139959375 0.6681442718749999 0.6254006703125 0.6608642453125 0.6204221890625 0.6539957484375 0.6201217812500001 0.6340367703124999 0.626859415625 0.6297124375 0.6296988953125 0.6260930421875 0.6414207421875 0.62406961875 0.657525346875
1 0.2707786 0.7008232828125001 0.2641425359375 0.7075101328125 0.257978975 0.716092090625 0.2560794078125 0.723610915625 0.25779032343749997 0.7335005375 0.261752 0.742325753125 0.2658349859375 0.7465916578125 0.2809913984375 0.74985795 0.29111599843749997 0.7511078234374999 0.29526123125 0.7505775296875 0.298696434375 0.7492178093749999 0.3053921984375 0.7417612296875 0.31392655625 0.7295687890625 0.313928465625 0.7265489374999999 0.31115187031249997 0.716421790625 0.308729015625 0.7087225921875 0.306717690625 0.7057014671874999 0.304291015625 0.7040419734375 0.2993182640625 0.7022624421875 0.285878496875 0.699826215625 0.2738587890625 0.699048846875 0.2707786 0.7008232828125001
0 0.5482918375 0.3535972671875 0.543787134375 0.3607591671875 0.542241309375 0.37070594218749997 0.5455964359375 0.4023277046875 0.5375936453125 0.4166521421875 0.5362230984374999 0.43032943437500004 0.537935925 0.43719920468750006 0.5406560046875 0.44306299375 0.545743696875 0.45034938750000003 0.5478115375 0.457633871875 0.5529011406250001 0.4619004140625 0.5689466828125 0.46368694687499995 0.573387865625 0.46333447968749997 0.5817977296875 0.4607344359375 0.5910986328125001 0.45363478281249997 0.5970259421875 0.44410526875 0.5992297375 0.42367824374999996 0.595448434375 0.41053060781250006 0.5921948765625 0.40555467343749996 0.5879334296875001 0.4025913375 0.58503425 0.399036734375 0.585290240625 0.36877915 0.5845243328125 0.3626797453125 0.58233645625 0.3579413375 0.57819504375 0.3524319265625 0.5719209984375 0.3484606984375 0.5643431109375 0.34632424375 0.561619209375 0.346500159375 0.5564076609375 0.3477995453125 0.5522020921874999 0.350106184375 0.5482918375 0.3535972671875
0 0.1731932296875 0.705024875 0.159978253125 0.721655315625 0.1568980640625 0.7234297515625 0.147896296875 0.72567414375 0.1475393734375 0.7282792828125 0.1491956828125 0.73088569375 0.16789969531249999 0.742325596875 0.17180740156250002 0.742860984375 0.17405816093749998 0.741796578125 0.1744735125 0.7404349453125 0.1729963015625 0.7355193484375 0.17643787187499999 0.724093453125 0.18206795625 0.7163993484375 0.1900072265625 0.70888434375 0.19889787187500002 0.6950933828125 0.2070162421875 0.6852691921875 0.21170068125000002 0.6747914875000001 0.21176292812500003 0.6699952890625 0.2103435078125 0.6673298140624999 0.20205240624999998 0.66939701875 0.19594981875 0.6751960140625 0.1939340359375 0.679221209375 0.18682419374999998 0.6860261859375 0.185637840625 0.689341353125 0.176335028125 0.6994608578125 0.1731932296875 0.705024875
1 0.675791565625 0.51781583125 0.6754333671875 0.522434203125 0.673477921875 0.524683053125 0.6734766484375 0.5266962875 0.6747176078125 0.53066433125 0.6872002687500001 0.5484360703125 0.6907516874999999 0.550569978125 0.703600825 0.55063731875 0.7192932625 0.5489892875 0.72563465 0.5401113765625001 0.73452656875 0.52430718125 0.73216405 0.5148316359375 0.7260729234375 0.50251151875 0.7187344703125 0.49628953124999997 0.708965521875 0.4944477546875 0.6909638984375001 0.4959166875 0.68699458125 0.49917088125 0.677272596875 0.5166917234375 0.675791565625 0.51781583125