0 0.44620795781249994 0.6161262234375 0.4052989046875 0.6250267843749999 0.3931451125 0.6302131375 0.3906148859375 0.636857775 0.3910544671875 0.6456497296875 0.39714874375 0.65606548125 0.40031318125000004 0.6577016703125 0.404852628125 0.6582135296875 0.4135296765625 0.6578059484375001 0.4278880671875 0.6546006671875 0.43954824375 0.654129653125 0.4456188515625 0.6503097015625 0.4505216609375 0.6495565046875 0.456591525 0.6504008531250001 0.46113022812500004 0.6555770125 0.46503397343749997 0.65713664375 0.488289946875 0.6532554578124999 0.4938676828125 0.6494865453124999 0.49555573906249994 0.6372829515625 0.4942466 0.632017840625 0.49662067343749994 0.6285806828125 0.48783041875000005 0.6069063 0.48819378125 0.6056412453125 0.4861061109375 0.6024206375000001 0.4818523265625 0.5999153140625 0.4780521859375 0.5993268953124999 0.4541864140625 0.60449865625 0.45074889375 0.6073094828125 0.4490097765625 0.61436316875 0.44620795781249994 0.6161262234375
1 0.6142868499999999 0.6867689671874999 0.607301075 0.699022865625 0.60661924375 0.7020385828125 0.6101681859375 0.7139490656249999 0.619180734375 0.7275088656250001 0.6322431484375 0.7342709078125 0.6442319828125 0.7357423203125 0.6517007109375 0.73497673125 0.6567979859374999 0.733226803125 0.664031965625 0.725611684375 0.6685670375 0.7163093375 0.6698260359375 0.709306690625 0.6690275828125001 0.7042333421875 0.6654128484374999 0.6940480015625 0.6581033765625001 0.6822775109375 0.6551555109375 0.6806158 0.630784590625 0.6786952296875 0.6267489375 0.6786179375 0.6185198796875 0.681670834375 0.6142868499999999 0.6867689671874999
1 0.3896875921875 0.43884850468750003 0.391256953125 0.446056040625 0.39830339375 0.4514881296875 0.40195452343750004 0.4518592640625 0.4108276875 0.4504804703125 0.41807710625 0.4460728328125 0.42127251875000005 0.44231631406250005 0.422226090625 0.43927507656250003 0.42182398593750003 0.4356330296875 0.419891578125 0.4321440984375 0.41531487343749995 0.4272830984375 0.40833541406249996 0.4232354734375 0.403127171875 0.422774653125 0.3994086375 0.4241286609375 0.3921860265625 0.42877910156250004 0.390695546875 0.43162857343749994 0.3896875921875 0.43884850468750003
0 0.6437015140625 0.4330229046875 0.64419514375 0.4351826140625 0.6423516359375 0.44175069375 0.64560593125 0.4620440828125 0.6517854562500001 0.4739421734375 0.6588463578125 0.48452416875 0.6619300296875 0.4869142875 0.6699804890625 0.4878228015625 0.675521659375 0.48456501406249997 0.6788201593750001 0.479568959375 0.677487059375 0.46742879843749996 0.6756321375 0.4622147265625 0.6665822359375 0.44986894375 0.665594978125 0.445549525 0.6626849906250001 0.44240547656249996 0.651485353125 0.43150338593750004 0.6473732812499999 0.43142609375 0.6437015140625 0.4330229046875
1 0.43542987968749997 0.6557264640625 0.4326271015625 0.6675465296875001 0.4332663359375 0.67337380625 0.4376535078125 0.67833268125 0.445948421875 0.683879975 0.450389625 0.6846601578125 0.4548978015625 0.6837151968749999 0.46254054375000003 0.6809816625 0.46652895625 0.677634190625 0.469945103125 0.6667342984375 0.4693058671875 0.6609070218750001 0.4670525453125 0.656715203125 0.4617046421875 0.65389870625 0.45514363593749996 0.648586025 0.45095584375 0.6477803234375 0.446220890625 0.64899360625 0.4372174765625 0.6533370781250001 0.43542987968749997 0.6557264640625
0 0.65351941875 0.6633767734375 0.653856665625 0.661868915625 0.65125189375 0.6584565437500001 0.6478432046875 0.6568458734375 0.64350191875 0.6511585890625 0.640391278125 0.6500080046875001 0.6353621859375 0.6495471859374999 0.6275855828125 0.6466707265625 0.6249585390625 0.6469429453125 0.613004175 0.6430264796875 0.6074181859375 0.6396775406249999 0.5949623093749999 0.6372859546874999 0.5750663296875 0.635174353125 0.566382271875 0.6331283828125 0.5621955515625 0.633562215625 0.5586566953125 0.6354018296875 0.5560112375 0.6432860046875 0.5561517453125 0.656282171875 0.55777140625 0.659796621875 0.5609597 0.6616756140625 0.5734414640625001 0.664310003125 0.5897083609375 0.6650792578125 0.6022026953124999 0.6701671984375001 0.6061431359375 0.669758884375 0.6086702546875 0.6724428453125 0.61539740625 0.672482225 0.6197912046875 0.6739908171875 0.6203739859375 0.6771217390625 0.6269583984375 0.6781578500000001 0.6313396265625 0.677212890625 0.635214984375 0.6785297171875 0.6506003109375 0.6803722640625 0.6589212375 0.683683290625 0.6639895296875 0.6821761640624999 0.6667644125 0.67550600625 0.6647453953125 0.6565673578125 0.662347703125 0.6550974109375 0.6605719890625 0.6547904421874999 0.6599108109375 0.6555954109375 0.658497484375 0.6586876875 0.6595987046875 0.6620103734375 0.657692825 0.6651536874999999 0.65351941875 0.6633767734375
0 0.420498665625 0.43568406875 0.414713928125 0.42818195625 0.4072422484375 0.4235548359375 0.40300010156250005 0.4235030625 0.39561798125 0.4267222046875 0.3920109328125 0.43028695937499994 0.39108936875 0.43332819687499996 0.3910752984375 0.4402032453125 0.39208642031249996 0.4450082703125 0.390762925 0.44661820625 0.3768810125 0.451983196875 0.3743768796875 0.45420633906249996 0.3734671515625 0.4643654265625 0.377151178125 0.46619338125 0.38276640156249997 0.4791137234375 0.387344596875 0.4869862359375 0.39080804062499996 0.48908251406250003 0.3983063703125 0.4892881375 0.40733620156250006 0.4851619484375 0.40993138125 0.48145646875 0.41180041875000006 0.4756167984375 0.4132016375 0.4747352703125 0.43207849062500003 0.4671347453125 0.43532209374999997 0.46483504531250003 0.4569495703125 0.4549858578125 0.4629822859375 0.4531338515625 0.4745421578125 0.447027325 0.47733201562499994 0.44281071718750004 0.4779293671875 0.439066590625 0.47715140937499995 0.43644679531249997 0.47217128124999996 0.42714298125 0.467553109375 0.4259027125 0.4568629890625 0.42848239687499995 0.429721684375 0.44037535468750005 0.4248696015625 0.44161415625 0.421756278125 0.4404635734375 0.420498665625 0.43568406875
0 0.48763354531249997 0.4791940171875 0.4943388859375 0.48586564218749995 0.49579385625 0.490134021875 0.478736796875 0.5220914249999999 0.46468462343750006 0.5377817484375 0.4599785640625 0.5451416703125 0.45588282031249994 0.5558753171874999 0.4548549875 0.5626096406250001 0.4498893796875 0.5675415296875 0.4480561953125 0.5714132546874999 0.44789971875 0.5746207359375 0.45288979218750003 0.57926025 0.45925771875 0.5827754328125 0.46284472968749996 0.5836321734375 0.4675626484375 0.583390103125 0.4696294265625 0.5817036078125 0.471930546875 0.577538040625 0.47274999375000004 0.573525590625 0.4745438734375 0.5716218109375 0.47266027031249996 0.5656793296875 0.47515642500000005 0.5610026359375 0.475677015625 0.5565301 0.48977073125 0.52487893125 0.49435962031249997 0.5187585453125 0.499819121875 0.5137756171875 0.5210972265625 0.50028438125 0.5317944921875 0.495251146875 0.536292165625 0.4906131 0.536630325 0.489105240625 0.5406986218750001 0.48745739062500004 0.541050134375 0.483738784375 0.5398554578125 0.4772341375 0.5316417437500001 0.475137128125 0.5135517015625 0.464732303125 0.502712803125 0.4614336703125 0.4983063453125 0.46458937968749997 0.4918064078125 0.47385308125 0.4875430734375 0.47601205625 0.48763354531249997 0.4791940171875
1 0.571062728125 0.4603072109375 0.5675179234375001 0.4648431796875 0.564982703125 0.476394921875 0.565625303125 0.48001145 0.5747730234375 0.4876674140625 0.5866252203125 0.49234630625 0.6118410140625 0.490011625 0.616120540625 0.48760984531249996 0.619823378125 0.479866396875 0.6240392546875 0.46519685937500005 0.6236722703125 0.46179761406250003 0.6224649578125 0.4599572671875 0.6141575640625 0.45074240625 0.606689746875 0.444632946875 0.59467951875 0.44316153593749996 0.58253746875 0.44514040781249997 0.5779823281249999 0.447324903125 0.5754748265625 0.44979084843750006 0.571062728125 0.4603072109375
1 0.3635417359375 0.5775977359375 0.366364871875 0.5829525328125 0.383070540625 0.608231784375 0.3914902140625 0.60981766875 0.4069766515625 0.6096922703125001 0.42134408125 0.6084549328125 0.42717451406249995 0.60687125 0.430818909375 0.603549296875 0.4319126765625 0.59975413125 0.43456800624999997 0.59653425625 0.44210555625000003 0.58053623125 0.4489131796875 0.5717326171875 0.448341428125 0.566390946875 0.427264428125 0.5329708578125001 0.3992327578125 0.5326726171875 0.38744194374999996 0.53462596875 0.380309834375 0.53806239375 0.3629707296875 0.567591765625 0.3623455078125 0.5710930890625 0.3635417359375 0.5775977359375
0 0.49550038125 0.61492646875 0.4940190109375 0.6223188390625001 0.49584082343749997 0.634407959375 0.49813997031249996 0.6368746375 0.5023808296875 0.6455266015625 0.5059882796874999 0.6483512874999999 0.5133758640625 0.6485824296875 0.529103425 0.64379273125 0.53702036875 0.6395513390625001 0.537959184375 0.6365101015625 0.5371402703125 0.633647503125 0.5340350296875 0.6307717765625 0.5277710046874999 0.6291990203125 0.5006849843750001 0.59021924375 0.49508151875 0.5900522671874999 0.49069284843750005 0.5963899359375 0.4911279390625 0.6027283390625 0.49550038125 0.61492646875
1 0.344132371875 0.45615675937500005 0.34750696875 0.4634284609375 0.3518866828125 0.46814453437500003 0.3585174109375 0.469934575 0.369770159375 0.4692973171875 0.3726907390625 0.467777065625 0.3739503890625 0.465195915625 0.375906359375 0.46426334843749995 0.37549208749999996 0.45816774843749997 0.3759614 0.4554203546875 0.3779578828125 0.4525198421875 0.3773555796875 0.4493889203125 0.372681590625 0.4420020125 0.3679533296875 0.4387938 0.36196541875 0.43816673437500003 0.35382051406250004 0.43898336406249994 0.346063128125 0.4456527890625 0.344039125 0.452974796875 0.344132371875 0.45615675937500005
1 0.40669865937500005 0.3545870671875 0.4038839875 0.3637107765625 0.40413341718750007 0.3730138578125 0.408450734375 0.3823942296875 0.41274243281249995 0.38686750000000003 0.41938533749999996 0.389628753125 0.4320381359375 0.3893239828125 0.43963283124999997 0.38683325156250004 0.44658094843749996 0.38072599218750003 0.45141599687499995 0.3738516765625 0.45203771406250004 0.36789680156250004 0.45077093437500004 0.3609065484375 0.44818310625 0.3557690359375 0.44232017343749996 0.3485097265625 0.43793578125000004 0.34551879531249996 0.42594388437499997 0.3425650453125 0.41841550781250003 0.343330634375 0.41343577187499997 0.3465373828125 0.40669865937500005 0.3545870671875
0 0.2685408953125 0.5579160140625 0.2638890921875 0.5586436906250001 0.24802993281250002 0.5546414359375 0.24381876249999998 0.554832465625 0.24139526875 0.5577840171874999 0.24204216875 0.563854096875 0.24496913125000003 0.5726336578125 0.25792348593750003 0.5914206562500001 0.2582339984375 0.5943342953124999 0.2622891671875 0.5973507453125 0.26600720624999996 0.601875053125 0.2688705921875 0.60305115625 0.2728096921875 0.6026428421875 0.27630889999999997 0.5981068734375 0.2797962859375 0.586453053125 0.2824659734375 0.5834759828125 0.2904742953125 0.57920906875 0.29795104375000003 0.576961140625 0.320291840625 0.5623710953125001 0.3377205875 0.55540929375 0.3542170515625 0.544370878125 0.3548521296875 0.54332310625 0.354269546875 0.540192184375 0.3518216640625 0.5335723328124999 0.34881633125 0.5287286625000001 0.3455773703125 0.5263640625 0.3431420515625 0.5221977625 0.33970865 0.5203442890625001 0.322188965625 0.528788428125 0.2685408953125 0.5579160140625
1 0.2881966421875 0.5916554656249999 0.2867155765625 0.598926434375 0.2872251984375 0.605993246875 0.2938369046875 0.618325903125 0.3028854125 0.6252534578125 0.310965484375 0.62786159375 0.3253979765625 0.6263814546875001 0.33422530781250004 0.62424873125 0.33921548125 0.6215275890624999 0.34702356875 0.6052612421875 0.350481871875 0.5999968640625 0.3511633703125 0.5969811468749999 0.350351853125 0.594118546875 0.33753345 0.5755488328125 0.329073775 0.5717522015625 0.3130698046875 0.5726570484375 0.30150527656250004 0.5750704875 0.2951790078125 0.5794015671875 0.290803821875 0.5854964328125 0.2881966421875 0.5916554656249999
1 0.3324293296875 0.4893033921875 0.33769693125 0.49761047343750003 0.3423784890625 0.500575884375 0.3483409875 0.5012029484375 0.3611869265625 0.4991730375 0.368738621875 0.48859324062500004 0.36775223437500004 0.48427382343750003 0.3603512578125 0.4705353859375 0.3581105640625 0.46879711718749995 0.35361547656250003 0.4675313296875 0.340769540625 0.46956124062500004 0.333858696875 0.47663971250000003 0.3315365578125 0.48350163593750006 0.3324293296875 0.4893033921875
1 0.28148266718750004 0.460044471875 0.280577071875 0.4657820640625 0.28559082812500003 0.47656821562499996 0.291709821875 0.4811056515625 0.2995056390625 0.4822824875 0.3084059296875 0.48187490625 0.3115326078125 0.48008633125 0.3201816484375 0.47037567031250005 0.31841374375 0.46122570781250005 0.313466025 0.4533787125 0.3088234546875 0.45065610468750006 0.30128041250000004 0.44945375 0.2936971390625 0.4502193390625 0.2882954765625 0.45223759062499996 0.283864684375 0.4561217078125 0.28148266718750004 0.460044471875
0 0.585064265625 0.2742485359375 0.584695165625 0.275513590625 0.5824550015625001 0.27819681875 0.5781859140625001 0.2808414015625 0.57968711875 0.2853525828125 0.5740198000000001 0.298450096875 0.574860978125 0.3108840984375 0.5783647953125 0.3151911234375 0.58840341875 0.319077440625 0.5936738140625 0.3163307796875 0.6041476921875 0.3172269 0.608073990625 0.3160901765625 0.6208669625 0.315031478125 0.6240295031249999 0.3115177609375 0.6247677046875 0.30898765156249997 0.624162565625 0.3034031765625 0.6260080734375 0.29707790156249997 0.6248361265625 0.293269609375 0.6220043578125 0.288157615625 0.6198303484375 0.2891157015625 0.598701440625 0.2669666390625 0.5912314828125 0.26576428281250003 0.5867782218750001 0.26670924218750003 0.5827722375 0.2717818578125 0.585064265625 0.2742485359375
0 0.21189093906249998 0.54960086875 0.216887265625 0.588858428125 0.215980740625 0.5921424671875 0.21068844375 0.5968570734374999 0.2089937671875 0.6021856171875 0.2114188796875 0.6269770640625 0.2124295375 0.6293285359375 0.2175892203125 0.6327285140625001 0.2260318640625 0.6338287921875 0.2366149515625 0.6337281796875 0.2522535875 0.6313920328125 0.2625879484375 0.6266526390625 0.2673685484375 0.6195355203124999 0.26702992812500004 0.6023861796875 0.2606498171875 0.594692303125 0.25967886875 0.590372884375 0.255162740625 0.5859251343749999 0.2560692671875 0.5826410953125001 0.2452524453125 0.566563578125 0.2442560296875 0.55733705625 0.24507040156249998 0.55553535625 0.24770980625 0.5542834265625001 0.24686996562500002 0.551178025 0.24742212343749997 0.5469482921875 0.24622791406250003 0.542897196875 0.24277564375 0.5366222265625 0.2389682515625 0.5340658625 0.23144486718750001 0.532135096875 0.220520146875 0.5337435687500001 0.21507052031249999 0.5370013546875 0.212220590625 0.5409751578125 0.21189093906249998 0.54960086875