1 0.7892876906249999 0.41119582499999996 0.78712004375 0.40635873437500003 0.7810406328124999 0.4011958375 0.773730296875 0.3977298953125 0.7665805875 0.3979552171875 0.7587859328125 0.40027357031250005 0.7477088078125 0.40711714062500004 0.7458768546875 0.4111475609375 0.7447325484375 0.42175442187499995 0.7454352390625 0.42560132812499996 0.7496393875 0.43033969218749996 0.7600992234375 0.43698816249999994 0.7640109875000001 0.43731396875 0.77094110625 0.4358864890625 0.7797615312499999 0.43215400624999994 0.7862819484375 0.4270776578125 0.7897701828125 0.41805509374999994 0.7892876906249999 0.41119582499999996
1 0.451629515625 0.6013679468750001 0.44983455 0.5972097562500001 0.44634674687500003 0.59507374375 0.434072640625 0.5914515734375 0.4311879921875 0.59119661875 0.42706680468749997 0.592638621875 0.41864734375 0.5987754203125 0.41567385 0.6022541234375 0.41445181093750005 0.6054360640625001 0.41396528593750004 0.6112203578125001 0.414862159375 0.6175139734374999 0.4169218359375 0.6231147531250001 0.4241917734375 0.627584815625 0.433492990625 0.63047116875 0.43749632656250004 0.6297928546875 0.44397274062500003 0.6257206281250001 0.44840336875000003 0.6217471265625 0.4521861125 0.6198666546875 0.453952684375 0.61684035625 0.451629515625 0.6013679468750001
1 0.3085868515625 0.6129450359375 0.3074394921875 0.600994309375 0.3005020796875 0.596481853125 0.29346253125 0.5942180703125 0.28330995 0.5944712640625001 0.27471328125 0.5976804890625 0.26959278593749997 0.601781175 0.260936975 0.6116940265624999 0.258492896875 0.6150879406249999 0.257517528125 0.6209570234374999 0.25990125937499997 0.6326957765625 0.26394364375 0.6409273671875 0.27022643281250003 0.6460478703125 0.2821529328125 0.6499528671875 0.289629096875 0.6504064453125 0.299840215625 0.647664146875 0.3077535984375 0.642093 0.3135729203125 0.633410178125 0.3139808703125 0.62863000625 0.3085868515625 0.6129450359375
0 0.5262288765625 0.6451358859375 0.5270464265625 0.6425195968749999 0.526482078125 0.6408789703125 0.5252490515625 0.639846390625 0.5223815375 0.6398318671875 0.507047659375 0.6456283359375 0.5078792328125 0.648711553125 0.5112516078125 0.650748546875 0.5155446312499999 0.6563496203125 0.5274856375 0.68706911875 0.5326996171875 0.6941270109375 0.53714181875 0.69561258125 0.5393266265625 0.690535646875 0.5395206515625001 0.684553315625 0.52787676875 0.654031853125 0.5262288765625 0.6451358859375
1 0.70237846875 0.401128353125 0.698271690625 0.4013258046875 0.6891712640625001 0.4053411140625 0.6843401828125 0.408635715625 0.6803801984375 0.415253965625 0.680143003125 0.42099586406249995 0.681412025 0.43069791718749995 0.6929631578125 0.4371768078125 0.6977050578124999 0.43761586250000006 0.708726028125 0.43278053281249995 0.714591384375 0.4280718 0.716793403125 0.4217503140625 0.7167800734374999 0.4118362875 0.7138410359375 0.40712638125 0.71075398125 0.4044247171875 0.70237846875 0.401128353125
1 0.677362871875 0.3676490984375 0.6726712015625 0.365965490625 0.664037384375 0.36668561093749996 0.6573888265625001 0.3697961125 0.6496072078124999 0.3765694171875 0.6468705890625001 0.3827352625 0.6472812796875 0.3905986515625 0.6478248515625 0.3949688140625 0.649486378125 0.39840570937500003 0.6631198875 0.40526673906250005 0.66829715625 0.40538057343749995 0.6799176375 0.39845221249999996 0.6854047578125 0.391820028125 0.687509015625 0.3850176765625 0.686716009375 0.3764753875 0.683201490625 0.3713694078125 0.677362871875 0.3676490984375
0 0.39203989375 0.5719004796875 0.406738725 0.5626531796875 0.41309826406249994 0.5546068625 0.4204774546875 0.5424168796875 0.42211479374999994 0.534695196875 0.42062305625 0.5277650765625 0.41748043125 0.5228571328125 0.3939148421875 0.5078626500000001 0.39212073593749996 0.50767855 0.38843173750000004 0.5095590203125 0.379346278125 0.5094022046875 0.36865415 0.50307895625 0.3545034828125 0.4928942796875 0.34398405 0.4833182359375 0.3409557609375 0.481861125 0.33141116875 0.4805445453125 0.3229710890625 0.48399420156249995 0.31661155 0.49204051875 0.315505846875 0.49570332187500005 0.31668166875 0.503679959375 0.31903510156250003 0.5069896703125 0.332453746875 0.51730153125 0.3553574328125 0.5440626375 0.356059978125 0.5493945265625 0.355055065625 0.5508086578125 0.3614416984375 0.55416135 0.3775149515625 0.56946594375 0.3838585609375 0.5725782046875 0.39203989375 0.5719004796875
0 0.22757529999999998 0.5552175421875 0.21963706562500002 0.5459388484375001 0.2206981328125 0.5420356125 0.2380988671875 0.5241333625 0.241109040625 0.5198909703125 0.2444199328125 0.5173315984375 0.24678511250000001 0.5136972531249999 0.251099396875 0.5097237515625 0.2527336609375 0.5062165890625 0.26374153125 0.496120225 0.2663073875 0.492203053125 0.27654138125 0.4819934390625 0.2797092734375 0.4772277890625 0.28773580781249997 0.4701292640625 0.28969963125 0.46706057031250003 0.2902016234375 0.46424624531249997 0.28939950468750003 0.4611630296875 0.285645484375 0.45561857968749997 0.2800424 0.452379134375 0.2759293890625 0.4518552890625 0.2683618890625 0.4558990578125 0.2545445234375 0.4699549890625 0.24916917187499998 0.47783172812499997 0.24472600781249998 0.48108393437499997 0.2217062828125 0.5069053171875 0.2181517515625 0.5095070828125 0.21498385937500003 0.5142727328125 0.210655453125 0.5167612515625 0.20606869218749999 0.5220217 0.19607893125 0.5279743984375 0.18935769687499998 0.5269127734375 0.18432780937499998 0.5240694015625 0.18290894062500002 0.5245642 0.1822774734375 0.5308717515625 0.1725160375 0.5437261125 0.1714838078125 0.5463847953125 0.17261548437500002 0.5499064812500001 0.177501775 0.5547580937500001 0.18695951718749998 0.5612933140624999 0.19173164375 0.5626940968749999 0.19915435937499998 0.5690876109375 0.2044708453125 0.5721290203125 0.21192358906250003 0.568848940625 0.21910444999999998 0.5626412875 0.22660015156250002 0.5596016406250001 0.22757529999999998 0.5552175421875
0 0.526634734375 0.303434496875 0.5438947749999999 0.3007073078125 0.550145178125 0.2973987703125 0.55648291875 0.290356575 0.558335290625 0.28656658749999997 0.5586976921875 0.2815459828125 0.5577435937499999 0.2762564875 0.55135123125 0.2605006640625 0.5462599109374999 0.2519577890625 0.5408929265625 0.24891637968749997 0.5355401953125 0.24735995625 0.5329654234375 0.2443330703125 0.5181554578124999 0.2114351640625 0.5091865203125 0.2052960171875 0.505034440625 0.2047721734375 0.5011425703125 0.20569091718750002 0.490362828125 0.21622575156249998 0.489089096875 0.2204118140625 0.48932019374999997 0.22309895625 0.4923850703125 0.2386846140625 0.499963225 0.25820255312499996 0.497328428125 0.270308334375 0.49790646875 0.2749189296875 0.5017531703125 0.2864033140625 0.5029092515625 0.295624503125 0.5051798468750001 0.3011828890625 0.509172109375 0.30644451093749997 0.5161740265625 0.3087082953125 0.526634734375 0.303434496875
0 0.43724839375 0.5658537515625001 0.44077720468750003 0.5798696359375 0.44430721249999994 0.5854564796874999 0.44592041718750003 0.5916229125 0.44566061718750005 0.59439484375 0.45187142500000005 0.5980303625000001 0.45486942812500003 0.5950325234375 0.46869064375 0.590409753125 0.4749168484375 0.587101215625 0.4786788515625 0.5827316390624999 0.478406046875 0.5755895453125001 0.474962440625 0.570483565625 0.46751482343750006 0.5487169515625 0.44774917812500004 0.5005725437499999 0.4490037765625 0.49490149843750003 0.45250657812500006 0.4890893328125 0.45528917656249995 0.4806748140625 0.45524657656249995 0.4762198625 0.4543819734375 0.47562575156250003 0.43821195625 0.47842379375000005 0.4307897484375 0.48069975156250005 0.42476534375 0.4837254625 0.419533340625 0.48834940624999995 0.41201052968749996 0.4886595171875 0.4007257203125 0.49333920468750003 0.396906315625 0.495983365625 0.394888315625 0.4988116265625 0.3961849171875 0.501810053125 0.41229573906250006 0.5099301578125 0.415833146875 0.5141522328125 0.415955346875 0.5162382953125 0.41785734999999996 0.51838824375 0.418735553125 0.524681859375 0.424887765625 0.5350210046874999 0.42990137656250005 0.5460529859375 0.43724839375 0.5658537515625001
0 0.782351153125 0.5315068187499999 0.786265371875 0.52809896875 0.7881438937499999 0.5245494125 0.8055927421875 0.5111021140625 0.8160014125 0.5060687484375 0.821290803125 0.5103547093749999 0.8288608 0.5063109406249999 0.8465392406250001 0.4913362640625 0.8489051984374999 0.48770191875 0.8486191015625 0.48328936093749997 0.8425997453124999 0.47070154375 0.830358503125 0.45845229375 0.8146763531250001 0.44804112187499995 0.8062180265625001 0.44852081093749996 0.8001533171874999 0.45255064375 0.7819585906250001 0.46885466249999996 0.7816283281249999 0.4726307140625 0.7844234328125 0.4756152046875 0.7824442421875 0.481413434375 0.7417538046875001 0.5152654359375 0.735674371875 0.5220248046875 0.7339965953124999 0.5252915359375 0.7330499734375 0.52843108125 0.7460076515625 0.5432826828125 0.756113715625 0.5492098578125 0.7609162656249999 0.5493660874999999 0.764945278125 0.5451945484375 0.7710099890625 0.541164715625 0.77261594375 0.53890210625 0.77780585625 0.5370076984375001 0.7804296578125001 0.53481594375 0.782351153125 0.5315068187499999
1 0.4046938421875 0.6158576499999999 0.40450731875 0.613410940625 0.38881546718750004 0.5764680921875 0.3799182390625 0.5718139296875 0.3761664421875 0.571968984375 0.3731336046875 0.570511871875 0.350781615625 0.5667044265625 0.3429905578125 0.5668165000000001 0.33534293437499996 0.569134853125 0.3221018328125 0.583827290625 0.3123109 0.5966816515625 0.30821319062499997 0.6033422953125 0.3078678765625 0.6056333625 0.30785251874999997 0.6125774203125001 0.3113439859375 0.6236233375 0.31926192656249996 0.641090640625 0.325470440625 0.6504256640625 0.3378609265625 0.6534821828124999 0.3623691953125 0.6566676453125 0.3717846953125 0.6557779453125 0.3781962828125 0.6521865828125 0.3985543625 0.626591109375 0.4046938421875 0.6158576499999999
1 0.6200696 0.6634070765625 0.6153809484375 0.6458695062500001 0.6109806453125 0.636959015625 0.60849064375 0.6344129921875 0.5930856734375001 0.6306206578125 0.5802141062499999 0.6296147750000001 0.5766521124999999 0.6309719890625 0.568847353125 0.6355390140625 0.559101353125 0.6476296859375 0.5549311265625 0.6498353781249999 0.5532366328125 0.6531021078125 0.5593290265624999 0.6756039515625 0.5610657203125 0.68100669375 0.5631068296875 0.6838779374999999 0.5697230546875 0.68819235625 0.58311545 0.6920834171875 0.59171571875 0.69332914375 0.59938966875 0.6922553437500001 0.6091784703124999 0.6846196250000001 0.6205321578125 0.6687813593749999 0.6200696 0.6634070765625
1 0.3484950671875 0.5285187875 0.34037405 0.527909565625 0.331972809375 0.5285872921875 0.328317196875 0.5311890578125 0.322612259375 0.5381040687499999 0.31950135 0.5450759984375 0.32109188906249997 0.5537315359375 0.3256008640625 0.5613974734375 0.334458446875 0.5646090484374999 0.3430805953125 0.5651334796875 0.3513934734375 0.5639748906250001 0.35667111875 0.556140546875 0.35813094843750004 0.5514312265625 0.35561259375 0.5377266265625 0.3518256609375 0.53117805625 0.3484950671875 0.5285187875
1 0.6541630984375 0.569886234375 0.650356246875 0.55864228125 0.6465922015625 0.5518532796875 0.64130766875 0.5450782140625 0.635559315625 0.5413579046875 0.620542940625 0.539729453125 0.610811696875 0.540661546875 0.6037301562499999 0.54361640625 0.5971546421875 0.5521859796874999 0.592070478125 0.5619861703125 0.5879573640625 0.5659172765625 0.5872473640625 0.5690144296875 0.588535340625 0.5747423921875 0.6016952250000001 0.5970189140625 0.6059088234375001 0.599268175 0.61462620625 0.5997502109374999 0.6342189171875 0.59860731875 0.6378248 0.5974905374999999 0.6414164125 0.594888771875 0.6485568328125 0.5852302875000001 0.6515841421874999 0.5795029109375001 0.6541630984375 0.569886234375
0 0.534644578125 0.4103260640625 0.5377208375 0.406083671875 0.541339578125 0.3977824015625 0.542497315625 0.3928750453125 0.5444603484375 0.38956592031250004 0.54512071875 0.38052883125000003 0.5441837125 0.3782093046875 0.549505715625 0.339869196875 0.5581330624999999 0.33369000312499997 0.5607715046874999 0.31861425468750004 0.560245275 0.3115145546875 0.5578293875 0.306719859375 0.5509756375 0.302928696875 0.54652334375 0.302447246875 0.5417492953124999 0.2987977921875 0.5355829562500001 0.301583071875 0.5220059499999999 0.303151084375 0.5169227578125 0.31046216875 0.5158371796875 0.32279444687500003 0.5165684921875 0.32961131875 0.5211807515625 0.337998553125 0.5218976343749999 0.3433304421875 0.5172329625 0.393706065625 0.515298184375 0.4041996796875 0.5157949421875 0.41254393125 0.5173472 0.4140149796875 0.526222925 0.4120079109375 0.5300894375 0.4120932875 0.534644578125 0.4103260640625
0 0.7893892109375 0.6172973234375 0.80236858125 0.6336339093750001 0.8075455984375 0.6428980796875 0.8098546140625 0.6459673609375 0.8183885484375001 0.6529125921875 0.8226773125 0.6543981624999999 0.8278413859375 0.6537483078124999 0.8392745703125 0.6487857953125 0.8442813796875 0.644444678125 0.8454865484375 0.6427477203125 0.8466923124999999 0.63683624375 0.8421897421875 0.6257194734375 0.8115417046875001 0.5836973421875 0.798562928125 0.5631462359375 0.792237875 0.5573044375 0.7911481640625 0.554023184375 0.7968164765625 0.5379154421875 0.7966303453125 0.5354687328125001 0.7943643296875 0.532639884375 0.788526403125 0.5309278171875 0.7843807703125 0.531648525 0.7774519421874999 0.535084246875 0.7557754171875 0.5502563734375 0.748717590625 0.5529708 0.7414730375 0.5574530359375001 0.7375995359374999 0.5611013171875 0.735576190625 0.566659115625 0.7358483203125 0.5695866890625 0.7393766375 0.5724439968749999 0.7555998484375 0.5745817703125 0.76070619375 0.5764210203125 0.7636177921875 0.578641821875 0.7697413890625 0.5889809671874999 0.7812434609375 0.6040869359375 0.7819173125 0.6064488578125 0.788586359375 0.6142141078125001 0.7893892109375 0.6172973234375
1 0.7056891890625 0.3002348140625 0.6956151421875 0.2922993984375 0.6876859093750001 0.289201071875 0.68126394375 0.28881834687499996 0.6763349562500001 0.2896662390625 0.6636207890625 0.29383660312500004 0.6573720437499999 0.29863012499999997 0.6500785578125 0.31029685156250003 0.6483658921875 0.324722159375 0.6455382671875001 0.330166709375 0.6453781265625 0.3349044875 0.647015759375 0.33834138281250004 0.6658881515624999 0.35418375625 0.673049465625 0.3544392984375 0.6967669390625 0.34788031406250003 0.704118165625 0.33793900312499997 0.705438528125 0.329778853125 0.709368634375 0.3191865140625 0.70902219375 0.3088340203125 0.7056891890625 0.3002348140625
1 0.676177034375 0.614594334375 0.672952515625 0.6067164218750001 0.66688165625 0.6000685406249999 0.657438821875 0.5959800296875 0.6412814046875 0.5957657078125 0.635194346875 0.6002764046875 0.629719825 0.6081531421874999 0.627617884375 0.6092559875 0.6267853734375 0.6131168296875 0.6258353828125001 0.6219558796875 0.6286073875 0.6301590125 0.6364733140625 0.6382355484375 0.6442523390625 0.6416166999999999 0.654002046875 0.6431737109375 0.6623510671874999 0.6412514328125 0.6705838203125001 0.6358783234375001 0.673445146875 0.6319187562499999 0.67566456875 0.6258377015625001 0.676177034375 0.614594334375
0 0.5708849593750001 0.4384891265625 0.5698177078125 0.42974880000000004 0.5671323546875 0.42748560468749996 0.5606072265625001 0.41795254374999996 0.5623403515625001 0.4149262453125 0.5656198390625 0.4022124171875 0.5678006234375 0.398860896875 0.5749365078124999 0.3780438359375 0.58423835 0.3566047921875 0.58767674375 0.34336770625 0.5886017156250001 0.337258190625 0.5879957499999999 0.33389214843750004 0.586205715625 0.33097851093749997 0.5808782890625 0.32669255 0.570929596875 0.3276670390625 0.5656442546875 0.33205055 0.55871115625 0.348370265625 0.5520519859374999 0.367617553125 0.546708534375 0.3744901703125 0.54562465625 0.38112294375 0.542403878125 0.3871331453125 0.5414207953125 0.395731765625 0.5380701671875 0.40102067343750003 0.536957834375 0.40468347656250003 0.53740489375 0.4085727765625 0.5321201515625 0.40874176875 0.528856690625 0.41029701875 0.52451055 0.410056 0.5170740781250001 0.4123319578125 0.5150806546875 0.4181301875 0.51546960625 0.4245085921875 0.5124930984375 0.43890544218749994 0.512896875 0.442554309375 0.515567403125 0.4475470421875 0.5207359234375 0.45235626093750003 0.530987 0.45727931406250005 0.5432741812499999 0.46085909062499997 0.5504794093750001 0.4601105109375 0.557944934375 0.45659 0.561150884375 0.453309334375 0.564848378125 0.445729359375 0.5708849593750001 0.4384891265625