1 0.711669921875 0.8037109375 0.715087890625 0.806640625 0.71826171875 0.812255859375 0.72412109375 0.818115234375 0.731689453125 0.820068359375 0.73876953125 0.8193359375 0.744140625 0.81689453125 0.75 0.810546875 0.751953125 0.802978515625 0.751220703125 0.79833984375 0.74755859375 0.790283203125 0.744140625 0.786376953125 0.7412109375 0.78515625 0.740478515625 0.783203125 0.738525390625 0.78173828125 0.7314453125 0.781005859375 0.72021484375 0.78173828125 0.715087890625 0.786376953125 0.7109375 0.794921875 0.71044921875 0.798828125 0.711669921875 0.8037109375
0 0.49853515625 0.570068359375 0.5087890625 0.576171875 0.512939453125 0.576904296875 0.521484375 0.58154296875 0.5361328125 0.586181640625 0.53955078125 0.585693359375 0.54248046875 0.583984375 0.551513671875 0.560791015625 0.551025390625 0.557861328125 0.546875 0.55419921875 0.545166015625 0.55126953125 0.544921875 0.548095703125 0.5517578125 0.530029296875 0.56298828125 0.5068359375 0.5634765625 0.49658203125 0.564697265625 0.494140625 0.56298828125 0.49169921875 0.551513671875 0.486083984375 0.544677734375 0.48583984375 0.542724609375 0.4873046875 0.539306640625 0.48681640625 0.53515625 0.490234375 0.531982421875 0.494140625 0.52978515625 0.501708984375 0.527099609375 0.506103515625 0.527099609375 0.509521484375 0.525390625 0.513427734375 0.525390625 0.517822265625 0.5205078125 0.529052734375 0.5205078125 0.533203125 0.518798828125 0.537841796875 0.515869140625 0.541015625 0.51123046875 0.54296875 0.509765625 0.545654296875 0.50390625 0.548828125 0.5029296875 0.552490234375 0.49853515625 0.559326171875 0.49755859375 0.564208984375 0.497314453125 0.568115234375 0.49853515625 0.570068359375
1 0.48193359375 0.549072265625 0.48681640625 0.55322265625 0.495361328125 0.5556640625 0.50732421875 0.546142578125 0.509765625 0.53955078125 0.50927734375 0.533447265625 0.50537109375 0.526611328125 0.501220703125 0.521484375 0.497802734375 0.52099609375 0.486083984375 0.521728515625 0.481689453125 0.527587890625 0.4775390625 0.53759765625 0.477294921875 0.541015625 0.48193359375 0.549072265625
0 0.39306640625 0.50927734375 0.396240234375 0.509033203125 0.407958984375 0.513427734375 0.409423828125 0.517333984375 0.413330078125 0.521240234375 0.41650390625 0.521240234375 0.425537109375 0.514404296875 0.43115234375 0.52001953125 0.448486328125 0.529296875 0.451416015625 0.52978515625 0.454345703125 0.533447265625 0.466064453125 0.5390625 0.471435546875 0.5400390625 0.477783203125 0.538818359375 0.480224609375 0.534423828125 0.48388671875 0.53125 0.486328125 0.521240234375 0.483642578125 0.51611328125 0.479736328125 0.5126953125 0.4638671875 0.50439453125 0.4609375 0.501953125 0.456787109375 0.50048828125 0.4453125 0.49365234375 0.43994140625 0.4921875 0.438720703125 0.490478515625 0.439453125 0.483154296875 0.438720703125 0.478515625 0.416259765625 0.46484375 0.4130859375 0.464599609375 0.4072265625 0.466796875 0.3974609375 0.482421875 0.390625 0.498046875 0.39013671875 0.50634765625 0.39306640625 0.50927734375
0 0.57421875 0.409912109375 0.57958984375 0.412109375 0.583740234375 0.412353515625 0.587158203125 0.414306640625 0.59228515625 0.429931640625 0.59521484375 0.435546875 0.595703125 0.439453125 0.609619140625 0.479248046875 0.61767578125 0.494140625 0.62353515625 0.49560546875 0.63330078125 0.491943359375 0.635009765625 0.489990234375 0.63525390625 0.488037109375 0.6337890625 0.47802734375 0.62939453125 0.468017578125 0.621337890625 0.444091796875 0.61865234375 0.43896484375 0.61572265625 0.427490234375 0.61328125 0.42333984375 0.608642578125 0.4072265625 0.610595703125 0.402099609375 0.615234375 0.399658203125 0.61767578125 0.396728515625 0.617919921875 0.392333984375 0.615478515625 0.3896484375 0.611328125 0.38720703125 0.609619140625 0.38134765625 0.606689453125 0.376708984375 0.58935546875 0.3798828125 0.583984375 0.383544921875 0.5712890625 0.387939453125 0.570068359375 0.389892578125 0.56982421875 0.392822265625 0.57421875 0.409912109375
1 0.398193359375 0.591796875 0.404296875 0.607421875 0.40771484375 0.6103515625 0.41064453125 0.611328125 0.427978515625 0.614501953125 0.43408203125 0.6142578125 0.439697265625 0.610107421875 0.451416015625 0.595947265625 0.452880859375 0.592041015625 0.45166015625 0.583984375 0.445556640625 0.567138671875 0.442626953125 0.56396484375 0.43798828125 0.563720703125 0.427734375 0.560546875 0.42236328125 0.559814453125 0.414306640625 0.560546875 0.404052734375 0.571044921875 0.397705078125 0.580078125 0.397216796875 0.584716796875 0.398193359375 0.591796875
0 0.712158203125 0.904052734375 0.716796875 0.90869140625 0.71826171875 0.91259765625 0.722412109375 0.91650390625 0.7236328125 0.919677734375 0.72802734375 0.922119140625 0.7420246578125 0.921630859375 0.748779296875 0.92236328125 0.7529296875 0.919677734375 0.75634765625 0.90380859375 0.7578125 0.9013671875 0.779296875 0.896240234375 0.78515625 0.895751953125 0.802490234375 0.890380859375 0.80908203125 0.89013671875 0.814453125 0.887451171875 0.818359375 0.887939453125 0.83642578125 0.8828125 0.84130859375 0.880615234375 0.843017578125 0.876220703125 0.843017578125 0.872802734375 0.839111328125 0.8642578125 0.832275390625 0.8583984375 0.8232421875 0.856689453125 0.8173828125 0.857421875 0.814697265625 0.859130859375 0.79248046875 0.86474609375 0.78271484375 0.865478515625 0.780029296875 0.866943359375 0.764404296875 0.870849609375 0.760986328125 0.873046875 0.75048828125 0.874267578125 0.74560546875 0.873046875 0.742431640625 0.867431640625 0.7392578125 0.86474609375 0.7353515625 0.8642578125 0.730224609375 0.86767578125 0.712158203125 0.87353515625 0.7099609375 0.874755859375 0.708984375 0.876708984375 0.70947265625 0.892578125 0.712158203125 0.904052734375
0 0.44287109375 0.39599609375 0.45458984375 0.399169921875 0.4609375 0.395263671875 0.4765625 0.4033203125 0.478759765625 0.407958984375 0.4833984375 0.408203125 0.48681640625 0.40966796875 0.49267578125 0.41455078125 0.4990234375 0.4169921875 0.511962890625 0.425537109375 0.524658203125 0.4306640625 0.528564453125 0.427001953125 0.532958984375 0.419921875 0.533447265625 0.41552734375 0.531982421875 0.412109375 0.526123046875 0.406982421875 0.510986328125 0.398193359375 0.510009765625 0.39599609375 0.50341796875 0.394287109375 0.498291015625 0.389892578125 0.490966796875 0.38720703125 0.47314453125 0.376708984375 0.470703125 0.373291015625 0.4716796875 0.368408203125 0.470458984375 0.364990234375 0.45751953125 0.35595703125 0.451171875 0.3564453125 0.4453125 0.363525390625 0.4423828125 0.36962890625 0.439453125 0.373291015625 0.435791015625 0.384765625 0.436279296875 0.390869140625 0.44287109375 0.39599609375
1 0.586181640625 0.710693359375 0.592041015625 0.7216796875 0.603759765625 0.739990234375 0.60986328125 0.744140625 0.638671875 0.744384765625 0.647216796875 0.7421875 0.6513671875 0.739501953125 0.65380859375 0.7392578125 0.65673828125 0.737060546875 0.66552734375 0.725830078125 0.670654296875 0.71630859375 0.67431640625 0.70556640625 0.673583984375 0.70068359375 0.67431640625 0.69677734375 0.666748046875 0.6796875 0.662841796875 0.674072265625 0.65966796875 0.665771484375 0.656494140625 0.662109375 0.648681640625 0.65966796875 0.644775390625 0.660888671875 0.640380859375 0.659912109375 0.638916015625 0.65869140625 0.626953125 0.659423828125 0.624267578125 0.658447265625 0.60400390625 0.656982421875 0.59765625 0.665771484375 0.5830078125 0.693603515625 0.58251953125 0.701171875 0.586181640625 0.710693359375
1 0.65576171875 0.5107421875 0.660888671875 0.516357421875 0.671630859375 0.5205078125 0.677001953125 0.5205078125 0.68603515625 0.517822265625 0.693603515625 0.510009765625 0.697265625 0.501708984375 0.696533203125 0.4912109375 0.6923828125 0.482177734375 0.685791015625 0.4765625 0.677490234375 0.472900390625 0.670654296875 0.47314453125 0.659912109375 0.47705078125 0.65478515625 0.482421875 0.64990234375 0.493408203125 0.649658203125 0.501953125 0.65576171875 0.5107421875
1 0.63818359375 0.447265625 0.64501953125 0.466552734375 0.648193359375 0.468505859375 0.653076171875 0.46826171875 0.656494140625 0.469970703125 0.659423828125 0.47021484375 0.6650390625 0.47314453125 0.68115234375 0.471435546875 0.69287109375 0.45849609375 0.696044921875 0.451416015625 0.6962890625 0.445068359375 0.695068359375 0.439453125 0.690673828125 0.429443359375 0.68603515625 0.4228515625 0.673583984375 0.421630859375 0.665771484375 0.419677734375 0.65576171875 0.422119140625 0.65087890625 0.423828125 0.6474609375 0.427001953125 0.644775390625 0.427490234375 0.643310546875 0.431884765625 0.638916015625 0.435302734375 0.637451171875 0.4384765625 0.63720703125 0.443603515625 0.63818359375 0.447265625
1 0.46240234375 0.57568359375 0.467529296875 0.583984375 0.4765625 0.584716796875 0.484619140625 0.583740234375 0.487060546875 0.582275390625 0.49267578125 0.5712890625 0.49609375 0.568115234375 0.494873046875 0.564697265625 0.49560546875 0.560302734375 0.494140625 0.5576171875 0.4951171875 0.554931640625 0.498779296875 0.552978515625 0.501220703125 0.55322265625 0.50244140625 0.548583984375 0.501220703125 0.547119140625 0.498291015625 0.548583984375 0.498046875 0.55029296875 0.490966796875 0.55224609375 0.48388671875 0.549072265625 0.480224609375 0.55224609375 0.47021484375 0.5537109375 0.466064453125 0.556640625 0.4599609375 0.56689453125 0.459716796875 0.568603515625 0.46240234375 0.57568359375
0 0.551025390625 0.912841796875 0.560546875 0.919921875 0.565673828125 0.922119140625 0.5673828125 0.921875 0.57080078125 0.924072265625 0.576416015625 0.935791015625 0.57763671875 0.940673828125 0.589111328125 0.967529296875 0.59423828125 0.9755859375 0.6044921875 0.981201171875 0.610107421875 0.981201171875 0.6162109375 0.978759765625 0.621826171875 0.97265625 0.624755859375 0.967041015625 0.62548828125 0.954833984375 0.62158203125 0.94189453125 0.618408203125 0.937255859375 0.605224609375 0.90771484375 0.60693359375 0.90380859375 0.6083984375 0.889892578125 0.60693359375 0.884765625 0.60400390625 0.880615234375 0.603759765625 0.876953125 0.60205078125 0.872802734375 0.597412109375 0.868408203125 0.589599609375 0.86474609375 0.580322265625 0.86376953125 0.571533203125 0.865234375 0.56396484375 0.869140625 0.55615234375 0.876708984375 0.55126953125 0.885009765625 0.549560546875 0.891357421875 0.54931640625 0.900634765625 0.551025390625 0.912841796875
0 0.47021484375 0.489501953125 0.471923828125 0.493408203125 0.473876953125 0.494140625 0.48095703125 0.494384765625 0.489013671875 0.49267578125 0.49267578125 0.49365234375 0.497802734375 0.49169921875 0.5068359375 0.490966796875 0.52294921875 0.497314453125 0.52490234375 0.49951171875 0.5341796875 0.490234375 0.5419921875 0.485595703125 0.547119140625 0.487060546875 0.54931640625 0.4892578125 0.556640625 0.490478515625 0.562744140625 0.493896484375 0.568603515625 0.49365234375 0.570068359375 0.49072265625 0.568603515625 0.46484375 0.563720703125 0.443115234375 0.56298828125 0.44091796875 0.560302734375 0.439453125 0.552490234375 0.447509765625 0.551513671875 0.450927734375 0.54833984375 0.453125 0.531005859375 0.458251953125 0.508056640625 0.46142578125 0.50146484375 0.463623046875 0.498046875 0.462646484375 0.487548828125 0.46533203125 0.47216796875 0.467041015625 0.46875 0.4697265625 0.468505859375 0.47705078125 0.47021484375 0.489501953125
0 0.46826171875 0.44775390625 0.48046875 0.451904296875 0.489990234375 0.45361328125 0.4921875 0.452392578125 0.495849609375 0.44775390625 0.50146484375 0.450439453125 0.517333984375 0.4521484375 0.52197265625 0.45166015625 0.5244140625 0.448486328125 0.526611328125 0.44287109375 0.527099609375 0.435546875 0.522705078125 0.427490234375 0.498291015625 0.412841796875 0.49072265625 0.41064453125 0.48095703125 0.409423828125 0.476806640625 0.413330078125 0.468505859375 0.439208984375 0.4677734375 0.442626953125 0.46826171875 0.44775390625