0 0.615234375 0.208984375 0.6201171875 0.220458984375 0.6259765625 0.24072265625 0.6298828125 0.249267578125 0.630615234375 0.256103515625 0.635498046875 0.266845703125 0.634521484375 0.270263671875 0.6298828125 0.27587890625 0.625244140625 0.28759765625 0.63525390625 0.29638671875 0.64111328125 0.307861328125 0.646240234375 0.31494140625 0.654296875 0.31298828125 0.65771484375 0.31005859375 0.6630859375 0.30859375 0.669921875 0.3046875 0.678466796875 0.296875 0.68359375 0.288330078125 0.689453125 0.2861328125 0.690673828125 0.281494140625 0.689697265625 0.276123046875 0.693115234375 0.272705078125 0.691162109375 0.271484375 0.69091796875 0.26953125 0.694580078125 0.266845703125 0.692138671875 0.265625 0.690185546875 0.262939453125 0.687744140625 0.263916015625 0.677978515625 0.254638671875 0.673828125 0.252685546875 0.669921875 0.255126953125 0.670166015625 0.255859375 0.6669921875 0.25927734375 0.66064453125 0.259765625 0.6591796875 0.2578125 0.658447265625 0.25244140625 0.6552734375 0.24609375 0.65478515625 0.242431640625 0.65576171875 0.240478515625 0.6533203125 0.23779296875 0.65283203125 0.231689453125 0.649658203125 0.226318359375 0.649658203125 0.222900390625 0.6474609375 0.21435546875 0.645263671875 0.212158203125 0.642333984375 0.203857421875 0.6396484375 0.201171875 0.635498046875 0.190673828125 0.6298828125 0.18212890625 0.626708984375 0.180908203125 0.618408203125 0.18408203125 0.614990234375 0.188720703125 0.613525390625 0.1943359375 0.613037109375 0.19970703125 0.615234375 0.208984375
1 0.411865234375 0.49755859375 0.416748046875 0.503662109375 0.419677734375 0.505615234375 0.43115234375 0.507568359375 0.4365234375 0.507568359375 0.439208984375 0.506103515625 0.447509765625 0.498291015625 0.449462890625 0.494140625 0.450439453125 0.48681640625 0.44677734375 0.48193359375 0.4443359375 0.47509765625 0.441650390625 0.47314453125 0.427734375 0.469970703125 0.423583984375 0.470458984375 0.42041015625 0.47216796875 0.409912109375 0.48388671875 0.411865234375 0.49755859375
1 0.672607421875 0.2607421875 0.6796875 0.26806640625 0.685546875 0.272705078125 0.687255859375 0.272705078125 0.689208984375 0.274169921875 0.692626953125 0.2724609375 0.6943359375 0.26953125 0.701416015625 0.267333984375 0.707275390625 0.2587890625 0.709716796875 0.25244140625 0.708984375 0.243408203125 0.705078125 0.23779296875 0.693603515625 0.233642578125 0.68603515625 0.234375 0.680908203125 0.237548828125 0.672607421875 0.24951171875 0.671875 0.25244140625 0.672607421875 0.2607421875
1 0.352783203125 0.49853515625 0.357421875 0.51318359375 0.36376953125 0.517578125 0.369873046875 0.519775390625 0.3818359375 0.521484375 0.392578125 0.52490234375 0.395751953125 0.520751953125 0.39990234375 0.51904296875 0.40234375 0.515625 0.408203125 0.511474609375 0.415283203125 0.501708984375 0.414794921875 0.49853515625 0.412841796875 0.495849609375 0.411865234375 0.48974609375 0.40283203125 0.472412109375 0.39697265625 0.468994140625 0.392333984375 0.467529296875 0.385498046875 0.4658203125 0.372802734375 0.465087890625 0.365234375 0.46923828125 0.357177734375 0.4765625 0.3515625 0.48388671875 0.351318359375 0.490234375 0.352783203125 0.49853515625
0 0.51318359375 0.77978515625 0.529052734375 0.794189453125 0.5341796875 0.79443359375 0.544921875 0.78271484375 0.544189453125 0.781005859375 0.544677734375 0.778564453125 0.548095703125 0.77685546875 0.550537109375 0.77294921875 0.554931640625 0.7705078125 0.55517578125 0.767822265625 0.552490234375 0.761962890625 0.552734375 0.75732421875 0.5546875 0.75341796875 0.560302734375 0.749267578125 0.565185546875 0.742919921875 0.571044921875 0.738037109375 0.57421875 0.733642578125 0.576171875 0.732666015625 0.577392578125 0.72998046875 0.584228515625 0.72412109375 0.587890625 0.71728515625 0.594482421875 0.709228515625 0.594970703125 0.70361328125 0.593505859375 0.700439453125 0.580322265625 0.685791015625 0.5751953125 0.68505859375 0.571044921875 0.68603515625 0.5673828125 0.688232421875 0.561767578125 0.6943359375 0.55615234375 0.69873046875 0.553955078125 0.702392578125 0.54931640625 0.70654296875 0.546630859375 0.71044921875 0.540283203125 0.7158203125 0.537353515625 0.720703125 0.5341796875 0.72265625 0.529052734375 0.729248046875 0.52490234375 0.7314453125 0.521240234375 0.730712890625 0.518310546875 0.728271484375 0.516357421875 0.728515625 0.513427734375 0.7314453125 0.505859375 0.736083984375 0.497802734375 0.744873046875 0.494140625 0.751220703125 0.494140625 0.7568359375 0.51318359375 0.77978515625
0 0.54345703125 0.480712890625 0.546875 0.486328125 0.554931640625 0.49267578125 0.565673828125 0.498779296875 0.575439453125 0.502197265625 0.584228515625 0.501953125 0.58837890625 0.499755859375 0.599609375 0.484619140625 0.601806640625 0.4794921875 0.605224609375 0.474853515625 0.605712890625 0.471923828125 0.604248046875 0.46630859375 0.6005859375 0.46044921875 0.61865234375 0.430419921875 0.62158203125 0.42626953125 0.62646484375 0.42236328125 0.6279296875 0.4130859375 0.6259765625 0.40771484375 0.61474609375 0.398193359375 0.606689453125 0.396484375 0.60009765625 0.398681640625 0.591796875 0.4091796875 0.57275390625 0.440185546875 0.5693359375 0.4423828125 0.565185546875 0.443359375 0.560302734375 0.44287109375 0.556884765625 0.445068359375 0.543701171875 0.4658203125 0.542236328125 0.4697265625 0.541748046875 0.47412109375 0.54345703125 0.480712890625
1 0.649658203125 0.227783203125 0.654052734375 0.235107421875 0.654296875 0.23779296875 0.66162109375 0.240966796875 0.666259765625 0.241455078125 0.670166015625 0.239013671875 0.678466796875 0.230712890625 0.683837890625 0.22021484375 0.68408203125 0.216552734375 0.681884765625 0.2080078125 0.677734375 0.20361328125 0.67333984375 0.201416015625 0.666015625 0.2001953125 0.661865234375 0.20068359375 0.65673828125 0.203369140625 0.64892578125 0.21142578125 0.648193359375 0.21630859375 0.649658203125 0.227783203125
0 0.45751953125 0.460693359375 0.458740234375 0.468505859375 0.4580078125 0.49853515625 0.459228515625 0.504150390625 0.462890625 0.508056640625 0.466552734375 0.50439453125 0.46875 0.498779296875 0.47119140625 0.462890625 0.474609375 0.457763671875 0.474609375 0.455810546875 0.474365234375 0.45458984375 0.4716796875 0.4541015625 0.45751953125 0.4541015625 0.455322265625 0.454833984375 0.455078125 0.457763671875 0.45751953125 0.460693359375
1 0.432373046875 0.205078125 0.434814453125 0.21728515625 0.447021484375 0.229248046875 0.451171875 0.2294921875 0.466796875 0.224853515625 0.4775390625 0.220458984375 0.483154296875 0.215576171875 0.48486328125 0.212890625 0.488037109375 0.204345703125 0.489990234375 0.2021484375 0.490966796875 0.197509765625 0.49072265625 0.19091796875 0.484619140625 0.182373046875 0.47509765625 0.17431640625 0.467041015625 0.171630859375 0.455810546875 0.17236328125 0.446044921875 0.176025390625 0.43994140625 0.181884765625 0.4365234375 0.190673828125 0.434814453125 0.19921875 0.432373046875 0.205078125
0 0.672607421875 0.603759765625 0.677734375 0.610595703125 0.684814453125 0.61572265625 0.7001953125 0.62451171875 0.724365234375 0.633056640625 0.728515625 0.633056640625 0.732177734375 0.631103515625 0.733642578125 0.626220703125 0.72900390625 0.610107421875 0.729736328125 0.601318359375 0.740234375 0.58154296875 0.743896484375 0.572021484375 0.746337890625 0.5693359375 0.752685546875 0.5556640625 0.75927734375 0.545166015625 0.761962890625 0.53857421875 0.763916015625 0.53662109375 0.764892578125 0.5244140625 0.763671875 0.521728515625 0.755859375 0.515869140625 0.7470703125 0.513671875 0.73974609375 0.513671875 0.736083984375 0.514892578125 0.732421875 0.517822265625 0.728271484375 0.522216796875 0.7255859375 0.52685546875 0.720703125 0.5400390625 0.712890625 0.551025390625 0.710693359375 0.5576171875 0.705810546875 0.567138671875 0.7021484375 0.571533203125 0.69970703125 0.57763671875 0.697021484375 0.580322265625 0.69775390625 0.58251953125 0.693359375 0.58984375 0.685302734375 0.59326171875 0.67822265625 0.594970703125 0.673095703125 0.59912109375 0.672119140625 0.60107421875 0.672607421875 0.603759765625
1 0.6708984375 0.57763671875 0.677490234375 0.58154296875 0.68896484375 0.585205078125 0.697509765625 0.5830078125 0.703125 0.574462890625 0.70458984375 0.56689453125 0.7021484375 0.557373046875 0.697509765625 0.553955078125 0.689697265625 0.55029296875 0.685546875 0.55029296875 0.673583984375 0.55712890625 0.670654296875 0.56005859375 0.669189453125 0.565673828125 0.669189453125 0.57373046875 0.6708984375 0.57763671875
1 0.670654296875 0.2685546875 0.669677734375 0.27294921875 0.67236328125 0.27490234375 0.673583984375 0.287353515625 0.676025390625 0.2880859375 0.677734375 0.290771484375 0.681396484375 0.292236328125 0.68896484375 0.287353515625 0.697021484375 0.277587890625 0.699462890625 0.26904296875 0.704833984375 0.260986328125 0.706298828125 0.255126953125 0.704345703125 0.24951171875 0.701171875 0.246337890625 0.7001953125 0.24365234375 0.693359375 0.2392578125 0.6875 0.239501953125 0.685791015625 0.239990234375 0.6845703125 0.242919921875 0.68603515625 0.247314453125 0.6767578125 0.251708984375 0.673828125 0.251220703125 0.669189453125 0.254150390625 0.66552734375 0.258056640625 0.663818359375 0.262451171875 0.66357421875 0.26416015625 0.670654296875 0.2685546875
0 0.51513671875 0.379150390625 0.519287109375 0.384033203125 0.523193359375 0.384521484375 0.531982421875 0.38134765625 0.580322265625 0.35302734375 0.592041015625 0.347412109375 0.5966796875 0.343994140625 0.611083984375 0.33642578125 0.61474609375 0.3359375 0.616455078125 0.336669921875 0.61865234375 0.34033203125 0.623291015625 0.344970703125 0.627197265625 0.34619140625 0.630615234375 0.343017578125 0.633544921875 0.338134765625 0.639404296875 0.333251953125 0.64306640625 0.33154296875 0.6455078125 0.328125 0.645263671875 0.316162109375 0.642333984375 0.30517578125 0.639892578125 0.30224609375 0.640380859375 0.300537109375 0.64306640625 0.299072265625 0.642333984375 0.2978515625 0.63818359375 0.298583984375 0.637451171875 0.295166015625 0.640380859375 0.2939453125 0.64208984375 0.29052734375 0.634521484375 0.287109375 0.6318359375 0.2890625 0.626953125 0.287353515625 0.623779296875 0.28759765625 0.60791015625 0.294189453125 0.599609375 0.295654296875 0.599609375 0.302734375 0.6025390625 0.310546875 0.597412109375 0.31494140625 0.591552734375 0.31787109375 0.581787109375 0.324951171875 0.572021484375 0.32958984375 0.548828125 0.34326171875 0.54443359375 0.3466796875 0.5166015625 0.361328125 0.51318359375 0.36376953125 0.51171875 0.366455078125 0.51220703125 0.373291015625 0.51513671875 0.379150390625
0 0.6279296875 0.42529296875 0.62890625 0.431640625 0.630615234375 0.437255859375 0.636474609375 0.44873046875 0.642578125 0.45751953125 0.64892578125 0.463623046875 0.658203125 0.465576171875 0.661865234375 0.464111328125 0.663818359375 0.4619140625 0.666259765625 0.45263671875 0.671630859375 0.442626953125 0.716552734375 0.42236328125 0.73974609375 0.4091796875 0.744140625 0.40380859375 0.745361328125 0.3896484375 0.744140625 0.385986328125 0.740234375 0.382568359375 0.735595703125 0.381103515625 0.72705078125 0.380615234375 0.71630859375 0.3837890625 0.658203125 0.411865234375 0.652099609375 0.41259765625 0.646240234375 0.408935546875 0.638916015625 0.406494140625 0.630126953125 0.40771484375 0.626953125 0.41015625 0.628173828125 0.415283203125 0.6279296875 0.42529296875
0 0.341796875 0.554931640625 0.3447265625 0.565185546875 0.347900390625 0.567626953125 0.369873046875 0.56494140625 0.37255859375 0.5634765625 0.379150390625 0.555908203125 0.385498046875 0.553466796875 0.40087890625 0.551025390625 0.4052734375 0.548095703125 0.40673828125 0.544921875 0.406982421875 0.5390625 0.404541015625 0.5302734375 0.396484375 0.525390625 0.392333984375 0.52587890625 0.383544921875 0.5224609375 0.36474609375 0.521240234375 0.345703125 0.5234375 0.34130859375 0.524658203125 0.33984375 0.527099609375 0.33984375 0.539306640625 0.341796875 0.554931640625
1 0.42333984375 0.64794921875 0.429931640625 0.65380859375 0.43603515625 0.657470703125 0.447021484375 0.6611328125 0.454833984375 0.660400390625 0.470703125 0.65283203125 0.4775390625 0.64794921875 0.479248046875 0.6455078125 0.47998046875 0.6240234375 0.478515625 0.611572265625 0.470947265625 0.6064453125 0.45947265625 0.601318359375 0.45458984375 0.59765625 0.451416015625 0.596435546875 0.447265625 0.597412109375 0.43701171875 0.603759765625 0.423828125 0.613525390625 0.421630859375 0.61572265625 0.4208984375 0.619384765625 0.42138671875 0.641845703125 0.42333984375 0.64794921875
0 0.43701171875 0.270263671875 0.439208984375 0.271484375 0.443115234375 0.271484375 0.472900390625 0.260986328125 0.49658203125 0.250732421875 0.500244140625 0.251953125 0.50390625 0.25927734375 0.505615234375 0.26025390625 0.50927734375 0.25927734375 0.529296875 0.251708984375 0.532958984375 0.248291015625 0.5341796875 0.24267578125 0.529052734375 0.224853515625 0.5224609375 0.208251953125 0.517578125 0.198974609375 0.513427734375 0.197265625 0.508544921875 0.19970703125 0.48828125 0.204833984375 0.48486328125 0.211181640625 0.437255859375 0.238037109375 0.431396484375 0.240478515625 0.427978515625 0.245361328125 0.431396484375 0.26416015625 0.43701171875 0.270263671875
0 0.23828125 0.345947265625 0.24072265625 0.3515625 0.271728515625 0.40234375 0.27197265625 0.405029296875 0.269775390625 0.410400390625 0.269775390625 0.413818359375 0.27197265625 0.419921875 0.27880859375 0.430419921875 0.28271484375 0.43408203125 0.286865234375 0.436279296875 0.294677734375 0.43603515625 0.305908203125 0.43115234375 0.313232421875 0.42578125 0.31689453125 0.420166015625 0.318359375 0.41455078125 0.318115234375 0.41015625 0.314208984375 0.40234375 0.310302734375 0.396728515625 0.30615234375 0.392822265625 0.302734375 0.390869140625 0.298583984375 0.390625 0.2939453125 0.3876953125 0.260498046875 0.3349609375 0.255859375 0.33154296875 0.251220703125 0.330810546875 0.248046875 0.331298828125 0.241943359375 0.33447265625 0.23876953125 0.33740234375 0.23779296875 0.34033203125 0.23828125 0.345947265625
1 0.62109375 0.519775390625 0.621337890625 0.5283203125 0.623779296875 0.5380859375 0.626953125 0.540771484375 0.638671875 0.544677734375 0.66552734375 0.558837890625 0.669921875 0.56005859375 0.687255859375 0.55078125 0.691650390625 0.545654296875 0.704833984375 0.535400390625 0.70751953125 0.53076171875 0.708984375 0.524658203125 0.709228515625 0.512451171875 0.70556640625 0.4912109375 0.70361328125 0.486572265625 0.697509765625 0.480712890625 0.669677734375 0.467529296875 0.661865234375 0.46533203125 0.654296875 0.4677734375 0.623291015625 0.48876953125 0.620849609375 0.492919921875 0.619384765625 0.498291015625 0.618896484375 0.504638671875 0.62109375 0.519775390625
1 0.25048828125 0.59912109375 0.259033203125 0.60693359375 0.26708984375 0.610595703125 0.275634765625 0.611572265625 0.28759765625 0.608154296875 0.296142578125 0.60107421875 0.302734375 0.591552734375 0.30322265625 0.580078125 0.302001953125 0.572021484375 0.29833984375 0.565673828125 0.294677734375 0.56201171875 0.286376953125 0.556640625 0.2744140625 0.554931640625 0.265625 0.556884765625 0.2568359375 0.562744140625 0.246826171875 0.575439453125 0.2470703125 0.58642578125 0.25048828125 0.59912109375