1 0.30322265625 0.84716796875 0.3037109375 0.849609375 0.3076171875 0.853759765625 0.325927734375 0.863525390625 0.334228515625 0.864501953125 0.346435546875 0.859375 0.35546875 0.853271484375 0.36083984375 0.848388671875 0.362060546875 0.845703125 0.363037109375 0.838134765625 0.364501953125 0.814697265625 0.36328125 0.806640625 0.3583984375 0.802001953125 0.342529296875 0.792724609375 0.33740234375 0.79052734375 0.33349609375 0.790283203125 0.31982421875 0.794921875 0.304931640625 0.806640625 0.30322265625 0.810302734375 0.30322265625 0.84716796875
0 0.27294921875 0.571533203125 0.28662109375 0.579833984375 0.290283203125 0.5810546875 0.294189453125 0.5810546875 0.298583984375 0.576171875 0.302490234375 0.5751953125 0.304931640625 0.575927734375 0.310546875 0.58154296875 0.32861328125 0.591064453125 0.333740234375 0.595458984375 0.34033203125 0.598388671875 0.3427734375 0.6005859375 0.35302734375 0.60595703125 0.354736328125 0.60791015625 0.375244140625 0.61962890625 0.37939453125 0.6201171875 0.3818359375 0.619384765625 0.388916015625 0.612060546875 0.388916015625 0.599609375 0.3857421875 0.595703125 0.374267578125 0.588134765625 0.3369140625 0.566650390625 0.334228515625 0.564208984375 0.315673828125 0.55419921875 0.314453125 0.552001953125 0.316650390625 0.544677734375 0.310791015625 0.538818359375 0.301025390625 0.533203125 0.29541015625 0.531982421875 0.287353515625 0.53857421875 0.275390625 0.55517578125 0.270751953125 0.565673828125 0.2705078125 0.568359375 0.27294921875 0.571533203125
1 0.42529296875 0.759765625 0.430419921875 0.7646484375 0.43701171875 0.767822265625 0.440185546875 0.767822265625 0.45166015625 0.763916015625 0.4560546875 0.759765625 0.459716796875 0.747802734375 0.459228515625 0.740234375 0.457275390625 0.736083984375 0.44580078125 0.72705078125 0.439453125 0.72607421875 0.427734375 0.73046875 0.42431640625 0.732421875 0.42138671875 0.73974609375 0.4208984375 0.751953125 0.42529296875 0.759765625
1 0.53857421875 0.446533203125 0.537353515625 0.450927734375 0.53759765625 0.45556640625 0.54150390625 0.460693359375 0.54736328125 0.464111328125 0.54833984375 0.46630859375 0.554443359375 0.463134765625 0.568603515625 0.4658203125 0.572021484375 0.46484375 0.577392578125 0.466064453125 0.5830078125 0.465087890625 0.592529296875 0.45751953125 0.6005859375 0.443359375 0.6005859375 0.435302734375 0.59521484375 0.416015625 0.592041015625 0.412841796875 0.58056640625 0.407470703125 0.57275390625 0.4072265625 0.566650390625 0.4052734375 0.56005859375 0.40673828125 0.556884765625 0.41015625 0.553955078125 0.4111328125 0.55126953125 0.41357421875 0.548828125 0.417236328125 0.5439453125 0.418212890625 0.53955078125 0.42138671875 0.535888671875 0.427490234375 0.535400390625 0.43212890625 0.53857421875 0.446533203125
0 0.390380859375 0.64306640625 0.404296875 0.65478515625 0.4072265625 0.656005859375 0.410400390625 0.655517578125 0.426513671875 0.638671875 0.42333984375 0.63134765625 0.424560546875 0.626708984375 0.430419921875 0.621337890625 0.430908203125 0.61962890625 0.4365234375 0.6162109375 0.44140625 0.6103515625 0.44287109375 0.60302734375 0.44091796875 0.599609375 0.432373046875 0.591552734375 0.427490234375 0.59033203125 0.4228515625 0.5927734375 0.4189453125 0.59716796875 0.410888671875 0.602783203125 0.405029296875 0.61181640625 0.39599609375 0.607666015625 0.39111328125 0.60791015625 0.380126953125 0.620849609375 0.378173828125 0.624755859375 0.37890625 0.630615234375 0.390380859375 0.64306640625
0 0.600830078125 0.810546875 0.619384765625 0.826171875 0.619873046875 0.82958984375 0.622802734375 0.833740234375 0.63232421875 0.839599609375 0.6416015625 0.849609375 0.64501953125 0.85009765625 0.64599609375 0.847412109375 0.64501953125 0.829833984375 0.646240234375 0.824951171875 0.654052734375 0.817626953125 0.66845703125 0.80126953125 0.679443359375 0.78662109375 0.698486328125 0.765380859375 0.699462890625 0.763671875 0.698486328125 0.75830078125 0.69580078125 0.754638671875 0.689208984375 0.7490234375 0.66259765625 0.754150390625 0.65869140625 0.756103515625 0.656982421875 0.75830078125 0.653564453125 0.759521484375 0.65234375 0.763427734375 0.64013671875 0.775634765625 0.638916015625 0.77978515625 0.604736328125 0.801025390625 0.600341796875 0.80029296875 0.59814453125 0.798828125 0.597412109375 0.801025390625 0.59814453125 0.806396484375 0.600830078125 0.810546875
0 0.244873046875 0.434814453125 0.249755859375 0.440185546875 0.257080078125 0.446044921875 0.258056640625 0.451171875 0.2607421875 0.45361328125 0.26416015625 0.453857421875 0.2742919921875 0.4462890625 0.281494140625 0.4482421875 0.287353515625 0.451171875 0.302001953125 0.462158203125 0.30908203125 0.46630859375 0.3125 0.470703125 0.3525390625 0.497314453125 0.3564453125 0.501708984375 0.361572265625 0.50390625 0.36376953125 0.505859375 0.37255859375 0.509033203125 0.37841796875 0.504638671875 0.383056640625 0.49755859375 0.383544921875 0.49365234375 0.382568359375 0.49072265625 0.37890625 0.485595703125 0.352294921875 0.468994140625 0.34619140625 0.462890625 0.33642578125 0.457275390625 0.334228515625 0.454833984375 0.303466796875 0.43408203125 0.30078125 0.431396484375 0.2916259765625 0.4263916015625 0.289794921875 0.42333984375 0.2958984375 0.411865234375 0.2958984375 0.407958984375 0.293212890625 0.40625 0.287109375 0.4072265625 0.275634765625 0.3994140625 0.273193359375 0.398193359375 0.26953125 0.39794921875 0.267333984375 0.399169921875 0.259033203125 0.408447265625 0.24365234375 0.430419921875 0.243408203125 0.43212890625 0.244873046875 0.434814453125
1 0.553466796875 0.654052734375 0.580322265625 0.6865234375 0.583984375 0.688232421875 0.588134765625 0.688720703125 0.609375 0.685302734375 0.614990234375 0.682861328125 0.61865234375 0.6826171875 0.6259765625 0.67822265625 0.6337890625 0.663330078125 0.639404296875 0.648193359375 0.640869140625 0.640625 0.6396484375 0.633544921875 0.618408203125 0.607421875 0.612548828125 0.602783203125 0.574951171875 0.608642578125 0.572998046875 0.609619140625 0.568603515625 0.609619140625 0.563720703125 0.615234375 0.5634765625 0.618896484375 0.56005859375 0.62255859375 0.5576171875 0.6337890625 0.5556640625 0.638427734375 0.55615234375 0.64306640625 0.553466796875 0.654052734375
1 0.635009765625 0.412109375 0.638916015625 0.4208984375 0.64453125 0.42724609375 0.650146484375 0.43115234375 0.6591796875 0.433837890625 0.668212890625 0.433837890625 0.677490234375 0.428466796875 0.68359375 0.421142578125 0.686279296875 0.413818359375 0.68701171875 0.404296875 0.68603515625 0.39892578125 0.6806640625 0.388671875 0.671875 0.38232421875 0.668212890625 0.380615234375 0.659912109375 0.38037109375 0.65673828125 0.380615234375 0.6484375 0.3837890625 0.64501953125 0.385498046875 0.64208984375 0.388671875 0.637939453125 0.396240234375 0.634521484375 0.408203125 0.635009765625 0.412109375
1 0.395263671875 0.697021484375 0.401611328125 0.707275390625 0.404296875 0.708740234375 0.413818359375 0.708984375 0.421142578125 0.706787109375 0.428955078125 0.693603515625 0.428466796875 0.6884765625 0.42236328125 0.677734375 0.419189453125 0.673583984375 0.41650390625 0.672607421875 0.406982421875 0.67236328125 0.400634765625 0.673828125 0.396484375 0.677490234375 0.393310546875 0.6845703125 0.39306640625 0.689208984375 0.395263671875 0.697021484375
0 0.585205078125 0.521484375 0.588134765625 0.54833984375 0.586669921875 0.552490234375 0.588134765625 0.568603515625 0.5859375 0.572509765625 0.575439453125 0.573486328125 0.57373046875 0.57568359375 0.57470703125 0.579833984375 0.577880859375 0.5849609375 0.579345703125 0.596923828125 0.58056640625 0.599609375 0.583251953125 0.600830078125 0.59130859375 0.601806640625 0.615478515625 0.60205078125 0.617919921875 0.600341796875 0.624755859375 0.599609375 0.628173828125 0.595703125 0.628173828125 0.5830078125 0.628662109375 0.580078125 0.631103515625 0.575927734375 0.630126953125 0.5732421875 0.628173828125 0.572265625 0.62158203125 0.570556640625 0.61767578125 0.5712890625 0.61376953125 0.568359375 0.611083984375 0.530517578125 0.6123046875 0.521240234375 0.6103515625 0.517578125 0.607421875 0.470458984375 0.60595703125 0.466796875 0.60400390625 0.46484375 0.59423828125 0.46533203125 0.586181640625 0.464599609375 0.58447265625 0.466552734375 0.581298828125 0.47802734375 0.583984375 0.492919921875 0.585205078125 0.521484375
0 0.21435546875 0.669921875 0.219482421875 0.6708984375 0.24169921875 0.67138671875 0.24609375 0.673583984375 0.24951171875 0.672119140625 0.252197265625 0.6669921875 0.253662109375 0.661376953125 0.255859375 0.6591796875 0.26416015625 0.662109375 0.26708984375 0.661376953125 0.2705078125 0.6630859375 0.280029296875 0.664306640625 0.284423828125 0.666015625 0.3203125 0.668701171875 0.32568359375 0.6669921875 0.330078125 0.6611328125 0.332275390625 0.654296875 0.33251953125 0.642333984375 0.331298828125 0.638916015625 0.328369140625 0.635009765625 0.32568359375 0.63330078125 0.308349609375 0.630615234375 0.294189453125 0.6298828125 0.286865234375 0.628173828125 0.267333984375 0.626953125 0.263671875 0.6279296875 0.26123046875 0.62744140625 0.260009765625 0.625244140625 0.25927734375 0.614990234375 0.258056640625 0.613525390625 0.2392578125 0.609619140625 0.225830078125 0.609619140625 0.22265625 0.611328125 0.21923828125 0.623779296875 0.21728515625 0.626953125 0.21142578125 0.65966796875 0.211181640625 0.666259765625 0.21435546875 0.669921875
0 0.666259765625 0.682373046875 0.6640625 0.6943359375 0.66552734375 0.69580078125 0.665771484375 0.702392578125 0.667724609375 0.70361328125 0.6728515625 0.703369140625 0.682861328125 0.700439453125 0.6845703125 0.697265625 0.681640625 0.693115234375 0.6806640625 0.689697265625 0.678955078125 0.65673828125 0.677001953125 0.651611328125 0.674072265625 0.64794921875 0.671142578125 0.64794921875 0.66796875 0.650146484375 0.666748046875 0.654052734375 0.66650390625 0.663818359375 0.664794921875 0.669677734375 0.6650390625 0.677490234375 0.666259765625 0.682373046875
1 0.738525390625 0.70361328125 0.74365234375 0.70654296875 0.75 0.713134765625 0.75927734375 0.7138671875 0.765869140625 0.710693359375 0.77099609375 0.706787109375 0.773193359375 0.701416015625 0.773681640625 0.693359375 0.77294921875 0.68994140625 0.768310546875 0.682373046875 0.76171875 0.6767578125 0.75341796875 0.67431640625 0.74462890625 0.67529296875 0.7412109375 0.677734375 0.734619140625 0.688232421875 0.73486328125 0.69384765625 0.738525390625 0.70361328125
0 0.49267578125 0.635009765625 0.50390625 0.642822265625 0.509521484375 0.645263671875 0.513427734375 0.64501953125 0.519287109375 0.638916015625 0.5224609375 0.63232421875 0.527587890625 0.62548828125 0.5419921875 0.599365234375 0.552001953125 0.58349609375 0.557861328125 0.5703125 0.562255859375 0.5673828125 0.567626953125 0.56591796875 0.572265625 0.56591796875 0.576416015625 0.56396484375 0.580322265625 0.5634765625 0.58251953125 0.560302734375 0.581298828125 0.5576171875 0.568603515625 0.548583984375 0.56103515625 0.54638671875 0.557373046875 0.54248046875 0.541259765625 0.5361328125 0.5322265625 0.5302734375 0.526123046875 0.529541015625 0.52490234375 0.533447265625 0.52880859375 0.548828125 0.52880859375 0.552490234375 0.527587890625 0.5595703125 0.525146484375 0.566162109375 0.521728515625 0.568359375 0.5146484375 0.58203125 0.50927734375 0.587890625 0.507080078125 0.59423828125 0.499755859375 0.604736328125 0.4931640625 0.616455078125 0.489501953125 0.626953125 0.489501953125 0.631591796875 0.49267578125 0.635009765625
0 0.637451171875 0.736083984375 0.644287109375 0.748779296875 0.653564453125 0.756103515625 0.658447265625 0.755859375 0.663818359375 0.75390625 0.674560546875 0.7529296875 0.688720703125 0.7490234375 0.6943359375 0.742431640625 0.70068359375 0.738037109375 0.72509765625 0.7353515625 0.732666015625 0.732177734375 0.735595703125 0.732666015625 0.73974609375 0.728271484375 0.741943359375 0.720703125 0.739501953125 0.713134765625 0.739501953125 0.708984375 0.729736328125 0.703369140625 0.718505859375 0.700439453125 0.70947265625 0.69970703125 0.6903076171875 0.702392578125 0.679931640625 0.69775390625 0.6767578125 0.698486328125 0.673828125 0.69677734375 0.671630859375 0.697998046875 0.66796875 0.697998046875 0.665771484375 0.6962890625 0.661376953125 0.699462890625 0.643798828125 0.703125 0.6416015625 0.704833984375 0.6376953125 0.710693359375 0.63525390625 0.716552734375 0.635498046875 0.728515625 0.637451171875 0.736083984375
1 0.6416015625 0.626708984375 0.671142578125 0.64111328125 0.673828125 0.641845703125 0.67724609375 0.641357421875 0.689453125 0.634765625 0.69482421875 0.630615234375 0.699951171875 0.623046875 0.701171875 0.607666015625 0.697509765625 0.595947265625 0.69189453125 0.591796875 0.674072265625 0.5830078125 0.663330078125 0.57958984375 0.658935546875 0.57958984375 0.63916015625 0.5947265625 0.637939453125 0.59912109375 0.638916015625 0.617919921875 0.6416015625 0.626708984375
1 0.700927734375 0.630859375 0.702392578125 0.63427734375 0.705322265625 0.636962890625 0.709228515625 0.638427734375 0.715087890625 0.638427734375 0.723876953125 0.635009765625 0.72705078125 0.631103515625 0.729248046875 0.625732421875 0.728271484375 0.61572265625 0.7265625 0.61181640625 0.720947265625 0.605712890625 0.715576171875 0.603515625 0.7099609375 0.6025390625 0.70068359375 0.604248046875 0.69970703125 0.61669921875 0.6982421875 0.622802734375 0.697998046875 0.62744140625 0.700927734375 0.630859375
1 0.439208984375 0.638427734375 0.442626953125 0.642822265625 0.4453125 0.64404296875 0.451904296875 0.64453125 0.463134765625 0.642333984375 0.468994140625 0.634765625 0.47216796875 0.626953125 0.47216796875 0.62255859375 0.46484375 0.611328125 0.46337890625 0.609619140625 0.45751953125 0.606689453125 0.44287109375 0.60498046875 0.438720703125 0.609375 0.430908203125 0.62060546875 0.429931640625 0.623046875 0.439208984375 0.638427734375
0 0.696533203125 0.751953125 0.6982421875 0.754638671875 0.7001953125 0.762939453125 0.702880859375 0.767578125 0.707275390625 0.768798828125 0.716064453125 0.76806640625 0.73828125 0.760986328125 0.744140625 0.759521484375 0.75146484375 0.75927734375 0.759033203125 0.7568359375 0.76611328125 0.7578125 0.7685546875 0.760498046875 0.76904296875 0.763427734375 0.771240234375 0.76416015625 0.776611328125 0.76318359375 0.781005859375 0.7607421875 0.796875 0.757080078125 0.800048828125 0.75439453125 0.801025390625 0.751953125 0.800537109375 0.74072265625 0.791748046875 0.716796875 0.785400390625 0.7099609375 0.780517578125 0.708251953125 0.775146484375 0.708251953125 0.759521484375 0.712158203125 0.752685546875 0.712890625 0.751220703125 0.72021484375 0.75 0.720458984375 0.749267578125 0.72216796875 0.741943359375 0.725830078125 0.736572265625 0.732177734375 0.726806640625 0.7353515625 0.72412109375 0.7373046875 0.718505859375 0.738525390625 0.715087890625 0.736328125 0.70947265625 0.740234375 0.707275390625 0.7392578125 0.70068359375 0.7392578125 0.699951171875 0.739990234375 0.699462890625 0.748046875 0.696533203125 0.751953125