1 0.7410906609375 0.41997874687500003 0.7401686187500001 0.4282425984375 0.741607975 0.43809705781249997 0.7434050953125 0.44112494843750005 0.7550321578125 0.44784618906249996 0.7586253609375 0.4492568796875 0.76279561875 0.44898648281250003 0.7749199609375 0.44155419531250006 0.7802954343749999 0.4369463984375 0.7814239859375001 0.43407183437499997 0.7813058796875 0.4223308125 0.77984200625 0.41760905625 0.7758889640625 0.41373475156249995 0.7651732390625 0.4082836515625 0.7605537015625 0.40779707500000006 0.7573331140625 0.40860619375 0.749019190625 0.41330446875 0.7410906609375 0.41997874687500003
1 0.6626344890625 0.3496141265625 0.6573898984375 0.3657191390625 0.6529257625 0.371597075 0.6517461015625 0.3754468625 0.64911638125 0.3789761796875 0.6488863890625 0.3833646890625 0.6539306890625001 0.389740940625 0.65452155625 0.3924611390625 0.6450535265624999 0.4005215890625 0.6478642031249999 0.40286917187500004 0.660785921875 0.4035463703125 0.6636349312500001 0.40516253437499994 0.6661113234375 0.404558890625 0.6699483328125 0.4059823578125 0.6755430953125 0.4065200421875 0.695290346875 0.4029099140625 0.7025012734375 0.40059859062500003 0.7045794953125 0.3982627484375 0.7068248578125 0.3974025203125 0.7115700953124999 0.3861608515625 0.7175844359375 0.369362753125 0.7174162578125001 0.363242046875 0.7131672625000001 0.355685096875 0.702989221875 0.344639234375 0.69827920625 0.341214209375 0.68977155 0.340279390625 0.6838818734375 0.340704153125 0.66657268125 0.344442053125 0.6626344890625 0.3496141265625
1 0.31351427187500003 0.43375281718750003 0.3145682328125 0.44163127500000005 0.3185095359375 0.45039447812500005 0.32454183593749997 0.45657803281250003 0.3291230421875 0.4577960265625 0.34055637031249997 0.45888417343750004 0.3442645703125 0.458100609375 0.356220734375 0.44454761718749997 0.3563868390625 0.4413781375 0.3531769546875 0.4326532671875 0.3480549546875 0.4230947578125 0.345488084375 0.420759953125 0.3389819859375 0.4189521296875 0.325778128125 0.418993571875 0.3177857109375 0.4268868796875 0.31351427187500003 0.43375281718750003
0 0.2903433671875 0.3907331421875 0.2848252703125 0.3887326203125 0.28227221406249997 0.3907991015625 0.284391878125 0.40166711875 0.2865488359375 0.407158625 0.287678425 0.408929153125 0.2918103515625 0.40939017499999997 0.293426515625 0.40654116562500003 0.29596679375 0.404718490625 0.3328816515625 0.3954072359375 0.33850093124999997 0.390812215625 0.3381410921875 0.3883486015625 0.3367549203125 0.38680910156250004 0.33195546249999996 0.38509071875 0.3162113265625 0.386954834375 0.30825620468750003 0.38947163281249997 0.299710215625 0.3892682328125 0.2942442640625 0.3909375796875 0.2903433671875 0.3907331421875
1 0.6561681218750001 0.468334890625 0.650715984375 0.4744055234375 0.6495501375 0.48265659687499995 0.6539310515625 0.5063558546875 0.6569472015625 0.5094476328125 0.6653143078125 0.5130643171875 0.6847559421875 0.5199506265625 0.6889134218749999 0.5199240359374999 0.6967397328125 0.5152002062500001 0.7157396796875 0.497860275 0.7177018687500001 0.49307359687499996 0.7180724109375001 0.4860032203125 0.7171728140625 0.4798441828125 0.714860453125 0.467988165625 0.7112662125 0.46193238281250004 0.700563265625 0.4562374765625 0.692157828125 0.45335220937500004 0.6815325796875 0.45083955781249996 0.6770801843750001 0.451828596875 0.6561681218750001 0.468334890625
0 0.244451903125 0.48269568124999995 0.242770815625 0.482118628125 0.24030512656249997 0.4731882828125 0.2382642 0.4701476140625 0.23705794687499998 0.4698399203125 0.2089435890625 0.4698333640625 0.20250241249999998 0.4714516015625 0.19801272187500002 0.47781715 0.195720396875 0.4982329703125 0.1963261140625 0.509999546875 0.19865021562500002 0.5169666671875001 0.1995242578125 0.5236133171875 0.2031951625 0.5282062625 0.20627520000000002 0.5300790109375 0.22039039531250001 0.5313077078124999 0.23462058749999998 0.53034215 0.23836711875 0.52882716875 0.24047089531250002 0.5260037140625 0.2401366109375 0.5230524875 0.24200935937499998 0.51997245 0.24556319375000002 0.5174694671875 0.28804933125 0.5184736921875001 0.30152255 0.517957415625 0.313365790625 0.5158888609375001 0.317471125 0.5121924015625 0.318417684375 0.49879584687499995 0.3172349125 0.4887103578125 0.3147702609375 0.4844251046875 0.3114591953125 0.48229577343749996 0.2841273640625 0.481352325 0.2689219484375 0.482266771875 0.259182484375 0.4815118734375 0.244451903125 0.48269568124999995
1 0.5922322109375 0.3168318953125 0.5855727828124999 0.31794974374999996 0.557760596875 0.34949638437499997 0.556080546875 0.353564421875 0.5561071375 0.3577219015625 0.5580075124999999 0.3634444375 0.56687915625 0.3854232390625 0.5705756140625 0.38952857343749997 0.573811053125 0.3977658328125 0.578328371875 0.40020285624999996 0.5949327375 0.40058410312500004 0.60196478125 0.40168606406249996 0.6251774640625001 0.4019246859375 0.6270246562499999 0.39933226093749996 0.6305784921875001 0.3968292765625 0.64911534375 0.3743310875 0.6526298109375 0.3679144296875 0.6528598031249999 0.363525921875 0.6506251437499999 0.354852159375 0.64367943125 0.3381082796875 0.6364781734375 0.326240521875 0.6340017796875 0.3268441671875 0.6214122703125 0.3198280109375 0.6071043781250001 0.3176113125 0.5922322109375 0.3168318953125
0 0.6001410421875 0.22190086718750002 0.5951488890625 0.2191944828125 0.591235215625 0.2192338515625 0.5867444875000001 0.22095430781249997 0.5829212921875 0.2239321265625 0.57993276875 0.22964292031250003 0.5795228578125 0.232799621875 0.5823090171875 0.24027990937500002 0.6189424359375 0.29231729687499997 0.6180342078125001 0.304982434375 0.62132075625 0.31224446875 0.62549205 0.3166191640625 0.6265194203125 0.320340140625 0.628598678125 0.322649390625 0.6362343671875 0.32622774374999997 0.648294821875 0.3200144875 0.6561850203125 0.314071628125 0.66289451875 0.30733346250000004 0.6653443203125 0.30257233906250003 0.665663753125 0.29647718749999996 0.6625826796875 0.2899593484375 0.65407295 0.27973434531249997 0.6505436328124999 0.277104625 0.6424469234375 0.277658196875 0.6384172171875 0.275246728125 0.6248110421875 0.25497560468749997 0.6001410421875 0.22190086718750002
0 0.5254038015625 0.3138185171875 0.5214145 0.3199658140625 0.487926740625 0.3338572390625 0.47499328125 0.3380689375 0.45121839531249996 0.34855778125 0.44751019531249997 0.3493413453125 0.438670328125 0.35474548281249996 0.43707971875 0.3571068796875 0.4369136125 0.3602763578125 0.44681158906249996 0.3813310453125 0.4495967109375 0.38416624062500004 0.45342094218750006 0.3858335140625 0.4575912 0.385563115625 0.4716404359375 0.378720659375 0.4775045578125 0.378783509375 0.48279059062499996 0.3758823546875 0.48536920156249996 0.3733282625 0.5338686421875 0.35288929687500004 0.552347828125 0.359480690625 0.555286278125 0.35939021250000003 0.55606880625 0.3584533203125 0.5568237046875 0.34871385625 0.5538704046875 0.33975795625 0.5494031578125 0.33170061562500003 0.5480926140625 0.3240531875 0.539888503125 0.3033317484375 0.5363070390625 0.297032159375 0.5331247828125 0.29710986093749997 0.531867421875 0.2977773921875 0.5254038015625 0.3138185171875
0 0.191884396875 0.3288547703125 0.193204609375 0.3223231171875 0.192959765625 0.317665246875 0.191444784375 0.313918715625 0.1874661859375 0.310532021875 0.1794205875 0.3101103703125 0.1728367875 0.305120290625 0.1682939140625 0.303170878125 0.1602099828125 0.30348064531249996 0.15147233437500002 0.306934334375 0.13882412187499998 0.3243626703125 0.1368236015625 0.32988076718750003 0.1389049328125 0.3414802015625 0.145886903125 0.348202478125 0.14851766093750002 0.349318253125 0.15347251875 0.35740114843750004 0.15724564218749998 0.3600436453125 0.1640849875 0.3601576046875 0.1693199109375 0.35823167499999997 0.1744260234375 0.3540987125 0.1806627625 0.356381371875 0.188209009375 0.3616663671875 0.1953826390625 0.364731553125 0.199104653125 0.36834927500000003 0.20785715312500003 0.3739419640625 0.21334969531249998 0.376430096875 0.21800860156250002 0.38083034531250004 0.2282494921875 0.38601208593749997 0.2350770984375 0.39101494375 0.2371308015625 0.39381180625 0.2428543734375 0.396556521875 0.24561394062500003 0.39987932812500004 0.251080928125 0.4028550734375 0.2548029421875 0.40647279531249997 0.2605265140625 0.4092175125 0.2641836046875 0.409409171875 0.27140627031250003 0.40220895 0.275317871875 0.392879396875 0.274495975 0.389902615625 0.2705684875 0.3855406984375 0.263266046875 0.3802684796875 0.2443109890625 0.368762634375 0.2169750109375 0.34923881562500003 0.20722173281249998 0.34408263125 0.19310446406249998 0.3335637484375 0.191884396875 0.3288547703125
0 0.4891157328125 0.3718132796875 0.483842478125 0.374470628125 0.47925056875000005 0.382786625 0.4791749421875 0.388894553125 0.4823199015625 0.3941933625 0.49747628125 0.4035443234375 0.49879856718750004 0.406302853125 0.4989411921875 0.412911171875 0.50164965 0.4172092015625 0.5118394312500001 0.4233661671875 0.5250315484375 0.428213621875 0.5287397484375 0.4274300578125 0.53382030625 0.4237847078125 0.5412601875 0.41243978437499995 0.54488965 0.40382887187499994 0.54610660625 0.3946025734375 0.5450920140625 0.390637790625 0.5432693390625001 0.3880975125 0.5240449203125 0.3770665 0.5201568 0.37661825625 0.5118684328125 0.38082892031250004 0.49687919375 0.372953571875 0.4891157328125 0.3718132796875
1 0.5790701578124999 0.446692109375 0.5756068 0.4521335421875 0.5747997546875 0.4582031390625 0.577920196875 0.4686346515625 0.5810907125 0.47344584999999995 0.5894705953125 0.47681872812500004 0.5974523078125 0.4784594109375 0.6011732859375 0.477432040625 0.6135276203125 0.4656112453125 0.61519489375 0.4617870125 0.6151299703124999 0.45836095 0.614012121875 0.45170152343750003 0.610507321875 0.44393909843749996 0.6067469765625 0.4410527953125 0.599034625 0.43893727812499994 0.594402309375 0.438694509375 0.5872169390625 0.44051822031250004 0.5790701578124999 0.446692109375
1 0.68051835 0.5634896890625 0.6775426046875 0.5689566765625 0.67735301875 0.5819039515625 0.681434871875 0.5879852890625 0.6916502078125 0.593654640625 0.7003377828125 0.5958212671875 0.710345571875 0.591456240625 0.7174532421875 0.586450271875 0.7192099562500001 0.5809193968749999 0.7190673328125 0.5743110796875001 0.71806448125 0.5654573984375 0.7152921359375 0.5623783984374999 0.7053589390624999 0.5559904046875 0.6983780046875 0.5539132203125 0.6936562484375 0.5553770921875001 0.683084184375 0.5611794015625 0.68051835 0.5634896890625
1 0.4739887171875 0.4365399859375 0.477621290625 0.44186435 0.48507809531249996 0.4488559875 0.4894538265625 0.44932978593749995 0.5010660390624999 0.4470046484375 0.5055940609375 0.43990768124999996 0.5073763312499999 0.4338891953125 0.50841336875 0.42343108906250004 0.49749113281249996 0.4125907015625 0.4904207578125 0.412220159375 0.4807462171875 0.414891321875 0.47743618750000005 0.4174070828125 0.47488416874999995 0.42411865625 0.4733840359375 0.42941850156249994 0.4739887171875 0.4365399859375
0 0.8056177765625 0.5182170296875 0.7982013765625 0.5197841578125 0.7891815906249999 0.5239564890625 0.7835101640625 0.524881640625 0.7781602453125 0.529001825 0.7742731625 0.5331986734374999 0.76987395 0.542502671875 0.7691200874999999 0.556887228125 0.7760008765624999 0.5702050453124999 0.780210503125 0.573848321875 0.7875640515625 0.5781453156249999 0.799433884375 0.5802342421875 0.8165897484375 0.5794220125 0.8300747078124999 0.5740168375 0.8333975140625001 0.5712572703125 0.83915734375 0.563980384375 0.855824559375 0.558497509375 0.861520503125 0.552439653125 0.8631877765624999 0.5486154203125 0.864160928125 0.5393763468749999 0.8604889859375 0.5301383078125 0.85653594375 0.526264003125 0.8494006453124999 0.5224673984375 0.838942540625 0.5214303609375001 0.8273558828124999 0.5232678859375001 0.8148951828125 0.5184587625 0.8056177765625 0.5182170296875
1 0.271278834375 0.3486621 0.2650707609375 0.3598271046875 0.2661513140625 0.3718630421875 0.2699392875 0.38355191718750004 0.27733220625 0.3917625859375 0.2837871953125 0.394545634375 0.284647425 0.3967909984375 0.28879212656250003 0.39700821249999996 0.29285912812500003 0.39404317187500004 0.3128757421875 0.3899582078125 0.3172504359375 0.3857869140625 0.317622015625 0.38336163125 0.32159854062500004 0.377458140625 0.322854865625 0.3721455171875 0.3227505734375 0.36480578124999996 0.320246553125 0.356606853125 0.31314855 0.3474337390625 0.3086695625 0.344265296875 0.30030245624999996 0.3406486125 0.2864055125 0.3399203046875 0.279245696875 0.341256403125 0.271278834375 0.3486621
0 0.619518815625 0.40260603125000005 0.5929695125000001 0.400725690625 0.5778024281249999 0.4009087203125 0.5728496437499999 0.40211600937499997 0.5618911484375 0.40129722343749996 0.5539999140625 0.40259499062500004 0.5500095765624999 0.4040971953125 0.5491248296875 0.4069845359375 0.548140975 0.42575760156250003 0.5487967671875 0.4319038609375 0.5522877515625 0.43526499999999996 0.5563685671874999 0.4367012453125 0.5873063796875 0.438811578125 0.5978539265625 0.4381419734375 0.6036669390625 0.43918004687499995 0.639017778125 0.43638766875 0.6516711734375 0.44218479374999997 0.6537376546875 0.44473785 0.6615788171875 0.4490603984375 0.664966546875 0.44972689375 0.6669415125 0.4446964078125 0.6679785500000001 0.434238303125 0.6683342421875 0.41812155000000006 0.6670886203124999 0.4139001828125 0.6714740203125 0.40019489999999996 0.6734883546875 0.3990780875 0.6716529015625 0.3967816140625 0.6725759796874999 0.39316285624999997 0.66396403125 0.3848883015625 0.66074344375 0.3856974203125 0.648068640625 0.398968275 0.6435523578125 0.40117634375 0.6284363828124999 0.40038414843750003 0.6244077140625001 0.402617771875 0.619518815625 0.40260603125000005