1 0.8279311046875 0.419918715625 0.8353361312500001 0.4106268828125 0.8369765046875 0.40763933750000003 0.8373270515625 0.40347443437499997 0.8436828078125 0.3927527328125 0.8432507546875 0.3876374234375 0.8410912843749999 0.3830697390625 0.8342013937500001 0.37182365 0.829033384375 0.366870228125 0.8237118625000001 0.36460923749999996 0.8031767203125 0.36262399843750004 0.7934903624999999 0.36393226093750003 0.7839084578125 0.3681684265625 0.7743210140625 0.379244884375 0.770226015625 0.3903778875 0.769765478125 0.39845518125 0.7712555046875 0.40524435312499996 0.775539628125 0.4134037515625 0.77892799375 0.4174408484375 0.784069890625 0.42166229531250005 0.7917131015625001 0.4260425296875 0.8042980078124999 0.429032396875 0.8090252609374999 0.4286265171875 0.8171725296875 0.42614941718750005 0.8279311046875 0.419918715625
1 0.45706387499999995 0.4880715125 0.45476671875 0.4874162203125 0.45074749687500004 0.48804053124999996 0.43549800625 0.49246414375 0.4312969671875 0.495048909375 0.429645384375 0.49828044687500006 0.42636304999999997 0.5123157921875 0.42633101250000005 0.5184241093749999 0.4308316125 0.5241350687499999 0.44125852187500003 0.5330659453125 0.44460894062499995 0.534907115625 0.44968142499999997 0.5354686828124999 0.46490448593749994 0.53031309375 0.4688267890625 0.5270048734375 0.4725023984375 0.5168648796875 0.4737663125 0.5028976984375 0.45706387499999995 0.4880715125
0 0.758045134375 0.5164117125 0.769876434375 0.50379461875 0.7685196296875 0.5009093171875 0.7609820921875 0.500432953125 0.7578213359375 0.4985048515625 0.7475603000000001 0.4896523859375 0.7380602828125 0.483379859375 0.7215465328125 0.47026161718750004 0.71393030625 0.46758932656249996 0.7106754078125 0.467700090625 0.7089839718750001 0.4694676765625 0.708605625 0.4729006046875 0.7113017484374999 0.478183221875 0.7229097 0.4873154890625 0.7372312609375 0.5022183578125 0.7457472546874999 0.50901295 0.74844223125 0.5119340609374999 0.7495060890625 0.5159694296875 0.7516140234375001 0.5188291703125001 0.75338415 0.5192575109375 0.758045134375 0.5164117125
0 0.3653704390625 0.3598541671875 0.3719586734375 0.355720246875 0.3774284328125 0.348204521875 0.3803282359375 0.338578071875 0.3797571328125 0.3295588921875 0.37646261875000003 0.3211214203125 0.3709343234375 0.3130046234375 0.366034871875 0.30853066406249996 0.3619525234375 0.3059830796875 0.354132703125 0.3035633015625 0.3515540453125 0.3012085859375 0.3379852359375 0.2774879265625 0.3295626734375 0.2721572859375 0.3247850390625 0.27109921406250004 0.317567959375 0.271590296875 0.313633528125 0.273190575 0.309270375 0.276759828125 0.30508124375 0.2852089203125 0.30506700625 0.291805221875 0.3064868515625 0.2966424578125 0.3233644109375 0.3222042859375 0.3227679984375 0.3334619953125 0.3247731828125 0.340722109375 0.3282472515625 0.34719912656249996 0.336559865625 0.3564421578125 0.3436931 0.360595440625 0.35523299062499997 0.36239943124999996 0.3653704390625 0.3598541671875
1 0.582914059375 0.43971384999999996 0.5742018953125 0.4368316484375 0.56604844375 0.43539635781249997 0.5620379421874999 0.4365086515625 0.5500449734374999 0.44790578593749997 0.5476841109375 0.45262683593749997 0.5465345828125 0.4558413328125 0.5514602109375 0.47301991093750007 0.5568851453125 0.47601287656249996 0.5714573265625 0.47991907031250003 0.5756765390624999 0.47757829531249996 0.5840266640625 0.4704568296875 0.59106831875 0.46215800625 0.59085639375 0.4563022 0.586560115625 0.4425224671875 0.582914059375 0.43971384999999996
1 0.26859060625 0.4365280546875 0.2682858875 0.43507262343750003 0.2694751703125 0.43307808750000004 0.2690208921875 0.42747479374999997 0.2650747359375 0.422966753125 0.250857703125 0.41343170625000003 0.24329090781249998 0.4134433265625 0.22863799375 0.419801834375 0.2247302296875 0.423354046875 0.22277075000000002 0.431970446875 0.22212372343750003 0.442008196875 0.22431514218749998 0.446819871875 0.2264273828125 0.4494356203125 0.242487128125 0.46110695156250003 0.250575384375 0.4615662734375 0.254562328125 0.46020998906250005 0.26647916875 0.454921171875 0.2703693375 0.450880975 0.271692984375 0.4386217375 0.26859060625 0.4365280546875
0 0.9344600281250001 0.5784018984375 0.93785460625 0.583902946875 0.943393825 0.5873753765624999 0.9501025656250001 0.5890972624999999 0.958641315625 0.5868471125 0.9626846718750001 0.582798396875 0.9803828484375 0.5819409359375001 0.9864795015625001 0.580263975 0.9886241437500001 0.57823535625 0.9926300250000001 0.5661263875 0.9947200140625 0.55554953125 0.9927806984374999 0.542425090625 0.988433640625 0.53084980625 0.9866176828125001 0.5282255375 0.98410688125 0.526846790625 0.9776698328125001 0.5258483609375 0.9683074203125001 0.5256841515625 0.9616158562500001 0.52445025 0.9530138656249999 0.5179081703125 0.948544234375 0.516841578125 0.941455284375 0.518308628125 0.936885721875 0.52139841875 0.9317844890625 0.530369575 0.9309124234375 0.5335755515625 0.9281548328125 0.5368468531249999 0.8736027828124999 0.535316809375 0.8098389156250001 0.535571653125 0.8032160546875 0.5362896875 0.8000705265624999 0.5378644046875001 0.7981804015625 0.5401284953125 0.7961731671875001 0.5460609843750001 0.7965080984374999 0.5555766671875 0.7979438453125 0.561389871875 0.800277421875 0.564729075 0.8030169734375001 0.56561131875 0.8158653078125001 0.5668762015625 0.867816078125 0.56678634375 0.9026034671875 0.5687568640625 0.9279425640625 0.56812325625 0.93093663125 0.569240971875 0.9344600281250001 0.5784018984375
1 0.4794249265625 0.39813686875 0.48297895156250004 0.393617209375 0.492375490625 0.3722845703125 0.4948280578125 0.364627096875 0.49515857343749997 0.359974209375 0.48132636562500003 0.3399304703125 0.464244740625 0.319021528125 0.45742088281250004 0.3151037171875 0.43984544999999997 0.3152206796875 0.42478617500000004 0.3164724 0.40534462343750005 0.3198294203125 0.401226915625 0.3224141859375 0.39739968281250004 0.326210390625 0.39019114374999997 0.33940609374999997 0.37902348125 0.3666627015625 0.378284728125 0.37377254843749996 0.3796075765625 0.376169865625 0.40950630937500004 0.416424653125 0.4128075421875 0.41875380624999997 0.4205687765625 0.4211735859375 0.43717229062499996 0.4215786875 0.4615511671875 0.41780726562500003 0.46793773749999995 0.41636577656249996 0.4718254203125 0.414277515625 0.4794249265625 0.39813686875
0 0.611918834375 0.2967446609375 0.6256919671875 0.31508045625 0.628476115625 0.3237789609375 0.6326491984375 0.3297424328125 0.63510829375 0.33625353125 0.6448465328124999 0.352529725 0.6497184 0.3572476765625 0.6539574328125 0.358078796875 0.662271403125 0.35510519375 0.6668496234375 0.35152741875000004 0.6731936484375 0.3488659703125 0.6845241718749999 0.3401697875 0.6828243171875 0.3341211125 0.6807420953125 0.3312613734375 0.68062118125 0.3278454859375 0.678855375 0.3269291609375 0.676704059375 0.3221174859375 0.673597996875 0.3183158609375 0.6671872328124999 0.3051007953125 0.6643975890625 0.303242584375 0.6635087953125 0.2991202828125 0.6575094515625 0.29053254375000004 0.652421665625 0.2797147953125 0.645832671875 0.2684601859375 0.643784996875 0.2665764140625 0.6423842843750001 0.26198316875 0.6406098421875 0.260822853125 0.6389618078125 0.256238128125 0.6358730203125 0.2529244859375 0.6352920078125 0.2505016078125 0.631904078125 0.2457325359375 0.63216553125 0.23912771249999998 0.63763175625 0.21866337656249998 0.63646973125 0.21381761875 0.6331940781250001 0.21222044062499998 0.6297315578125 0.2123397265625 0.6179723421875 0.21592060000000002 0.6110158984375 0.2222674890625 0.6085772171875 0.223328659375 0.6051060625 0.223203953125 0.6012093546874999 0.22504822343750003 0.5871669171875 0.234082121875 0.569886515625 0.24957909531250003 0.5685062203125 0.25255812031249997 0.5686184984375 0.25573001562500003 0.5707007203125001 0.2585897546875 0.5784972765624999 0.2619855015625 0.5867021125 0.2629242875 0.5939608390625 0.265117115625 0.599540128125 0.2688335375 0.6020855921875 0.2777845546875 0.6062241265625 0.282772059375 0.611918834375 0.2967446609375
0 0.5651468921875 0.3831735703125 0.5695264421874999 0.3803362921875 0.5723969453125 0.377062153125 0.5744608359375001 0.37210563125 0.5759059515625 0.3637502640625 0.5755618375 0.3610748734375 0.57212149375 0.35532983281249997 0.567790875 0.3525467765625 0.5540042484375001 0.349843503125 0.5427645328125 0.34876296875 0.5408940078125 0.3451627328125 0.5393991671875 0.3381295703125 0.5365775953125 0.335783375 0.50951025 0.3306037796875 0.5030983796874999 0.3322892609375 0.49929419218750004 0.337305425 0.49320670624999996 0.3551028921875 0.49211438437500005 0.3663776421875 0.49186024687499996 0.37322645625 0.4933203609375 0.3792836515625 0.49673465937500005 0.38429671718749997 0.5132820859375 0.3876382421875 0.52424714375 0.3879953203125 0.528962125 0.387589440625 0.5333069484374999 0.38377619531249996 0.5362555890625 0.3826979828125 0.5599694078125 0.3845724578125 0.5651468921875 0.3831735703125
1 0.3380886265625 0.6068150296875 0.3351859703125 0.603248875 0.3215195 0.594916746875 0.3134152546875 0.5939694390625 0.29706363125 0.602095534375 0.2931390484375 0.6051597625 0.2901812203125 0.6140542359375 0.290196415625 0.6284668 0.291561384375 0.6313521 0.29496780624999996 0.6349012140625 0.30938992656250003 0.64320778125 0.315443921875 0.6432472828125 0.3303194296875 0.6361482796875 0.33576410624999997 0.6332769203125 0.33912335 0.6285217875 0.3400541171875 0.6123672 0.3380886265625 0.6068150296875
1 0.410198840625 0.5456667765625001 0.41427334531250004 0.541130075 0.4138040296875 0.5279545125 0.4107795546875 0.5199965046874999 0.4089354765625 0.5032036640625 0.40444380156250004 0.49602875468749996 0.3907957453125 0.49063305 0.378976753125 0.48761762031250006 0.372650484375 0.48490272812499996 0.3641972875 0.4854364125 0.3618214796875 0.4886935109375 0.3563722125 0.4896129359375 0.3413415 0.5013648265625 0.33581717499999997 0.507172609375 0.3347031453125 0.5108750890625 0.33550825 0.5264820515624999 0.3385706515625 0.5425003125 0.3412593359375 0.548026921875 0.3587622515625 0.5567107078125 0.3787191953125 0.564333321875 0.3821948109375 0.5639700453125001 0.3828893015625 0.5624805328125 0.38710286250000003 0.5618477015625001 0.39468775 0.5579236921875 0.410198840625 0.5456667765625001
0 0.3588026953125 0.47657059999999996 0.370873084375 0.4688248234375 0.3744425375 0.4650371390625 0.379525878125 0.46217430000000004 0.3824675484375 0.46158407187500006 0.41320633906250004 0.465163390625 0.4344375453125 0.4651626125 0.441401896875 0.4666319859375 0.471799396875 0.4675359125 0.482886621875 0.466908503125 0.4909374640625 0.4641874125 0.49380163593750004 0.46140125625 0.4950485953125 0.454762353125 0.49263921093749996 0.42846235000000005 0.4853766234375 0.42553754687499995 0.472494496875 0.42427266250000006 0.4680733828125 0.4249140140625 0.4648076453125 0.4233168359375 0.46014856875000004 0.4242106984375 0.4569000515625 0.4231015046875 0.4522323640625 0.423751375 0.4484820890625 0.4224152296875 0.42480236250000003 0.42298919531249995 0.421069309375 0.4221410328125 0.40874060156249997 0.42256705156249996 0.4048298578125 0.4236793453125 0.40107097343750003 0.4220992078125 0.3976533765625 0.42319446093749996 0.3933927328125 0.421387371875 0.390468284375 0.422465584375 0.3854851390625 0.421172040625 0.3813106 0.42180487187500004 0.3770413453125 0.419753790625 0.372711815625 0.4159947671875 0.357102496875 0.40041104531249994 0.35367629218749996 0.40126230625000003 0.34970840625 0.40775094218749997 0.346078678125 0.40983068281249996 0.346738559375 0.4215337734375 0.3458469796875 0.42425176562500005 0.346088075 0.43108353906249997 0.35140703125 0.44189276718750004 0.3517741546875 0.44530013437499993 0.35067905312500003 0.44924660625 0.3507401109375 0.4719634140625 0.3516692671875 0.47730567500000004 0.3557005578125 0.47960926718749997 0.3588026953125 0.47657059999999996
1 0.325021040625 0.4636119234375 0.33157810468750004 0.4587460265625 0.33675435781249996 0.45710314687500003 0.3504272890625 0.44906225624999996 0.3527865984375 0.445317175 0.3519179609375 0.4419268484375 0.3525257703125 0.4379974171875 0.351037465625 0.4312082453125 0.35140499687500004 0.4275313265625 0.35031347031250004 0.424881496875 0.34747834375000003 0.4012824453125 0.3452028140625 0.4003831625 0.34338175937500004 0.39824687812500004 0.3398526734375 0.39714620312500004 0.33854695156250003 0.39548086250000003 0.3352755328125 0.394615659375 0.3174736109375 0.38472043437500003 0.3142021921875 0.38385523125 0.30626985156250003 0.3851038515625 0.2986647328125 0.388539878125 0.2827945234375 0.3978774125 0.279155575 0.40068912812499996 0.2775344875 0.40416465781250005 0.2752273453125 0.4093736921875 0.27492936874999996 0.415002546875 0.274678028125 0.42893564531250006 0.2759118265625 0.44257363125 0.2819828015625 0.445053053125 0.29272655468750003 0.4527469296875 0.3030996140625 0.4570334390625 0.308235559375 0.46125488593749997 0.31175595 0.46211156875 0.3133193390625 0.46401238125 0.3193381484375 0.4650278515625 0.325021040625 0.4636119234375