0 0.5291536296875 0.661327725 0.5347159687499999 0.6676231421875001 0.5368013859375 0.6748697875 0.534823359375 0.6932053125000001 0.536378396875 0.697322759375 0.5404591296875 0.6970120578125 0.5500117890625 0.691450025 0.55566668125 0.686491496875 0.5704166703125 0.6768675484375 0.5792923953125 0.6698964203125 0.5908585734375 0.65778349375 0.5903831125 0.6544164125 0.5868879875 0.6543611859375 0.5817461890625 0.651670734375 0.5797517937500001 0.6494563531249999 0.5768786828125 0.65104810625 0.571096053125 0.65221870625 0.565917540625 0.650772590625 0.5599707640625 0.64614235625 0.5547197374999999 0.6374131843749999 0.548077821875 0.6303674015625 0.5303118390625 0.6042163 0.5274208312499999 0.6015443578124999 0.5180347656250001 0.5868492875 0.514759625 0.5825852859375 0.5086848046875 0.577424365625 0.504219940625 0.5761430078124999 0.49810779375 0.5787409078125 0.491977134375 0.583589596875 0.4848946359375 0.5914758499999999 0.48399771718749995 0.5942755296875 0.48763847968749996 0.6023823796875 0.49294472968749997 0.6076164234375 0.4986348078125 0.6176997703125 0.5007939609375 0.6192005 0.504288475 0.6257702109375 0.509375046875 0.6319557890625 0.5142601453125 0.640099353125 0.517626921875 0.6428811343749999 0.5291536296875 0.661327725
0 0.452459596875 0.297845225 0.4533565171875 0.2950455453125 0.46045721874999995 0.2881657453125 0.46428278125 0.2770219453125 0.4706328125 0.274478965625 0.47994758906249996 0.26886201249999997 0.4812471515625 0.2654036015625 0.48748764843750003 0.260079146875 0.49731460156249996 0.2565849390625 0.5021453921875 0.25845190156250003 0.5051832609375 0.2561465 0.504286646875 0.2556889375 0.5039392312500001 0.2528525421875 0.5060261796875001 0.24381297656249998 0.5052764265625 0.23837806874999998 0.5026054015625 0.2314973515625 0.49709798281250006 0.22496405 0.4856610734375 0.22457869375 0.4760352890625 0.2293721578125 0.44898757343750006 0.24668057812500002 0.44455911875 0.2474121265625 0.43341531718750004 0.24358656406249998 0.42869406093749995 0.24450107656250003 0.40766716406250003 0.257436575 0.40530622968749996 0.261151071875 0.4045737625 0.2664943453125 0.40514055156250006 0.2716364484375 0.408634453125 0.28472064375 0.41207404687500004 0.2915282375 0.42261311875 0.304485 0.4297311078125 0.3083833796875 0.4346535328125 0.30876812343750004 0.4378376515625 0.307999859375 0.452459596875 0.297845225
1 0.7592034796875 0.34210300312499997 0.7516646437500001 0.3378569 0.7432288890625001 0.336410478125 0.736275046875 0.33831293281249997 0.730053365625 0.33812935624999996 0.725057509375 0.3402332859375 0.72165340625 0.345210325 0.7205186046875001 0.347955084375 0.7220554375 0.351066078125 0.7241223453125001 0.3605635125 0.729099384375 0.363967615625 0.7410484687500001 0.3664757171875 0.7448363984374999 0.366347978125 0.7535470578125001 0.3633477421875 0.757683015625 0.35954191562500004 0.7589461671875 0.3540706 0.7592034796875 0.34210300312499997
1 0.696064196875 0.4202342859375 0.708246215625 0.4116042875 0.7149865531249999 0.4088174171875 0.71709109375 0.4072987875 0.7190861015625 0.40299868437499997 0.7213186859375 0.4020107421875 0.724905753125 0.39732650625 0.7269380875 0.38526758125 0.7267196328125001 0.3731901453125 0.724781075 0.3609661546875 0.7206827515625001 0.35375591875 0.7138029515625 0.34665521718750003 0.702860625 0.34087166875 0.6811037093750001 0.33309250156250003 0.67660213125 0.3330554796875 0.6717892390625 0.3354522125 0.6558677312500001 0.34906525624999996 0.6523908109375001 0.350016484375 0.642874559375 0.3575914234375 0.6413738296875 0.3597505765625 0.6389755671875 0.3712238953125 0.6405306046875 0.3753413421875 0.64020078125 0.380025884375 0.6418471484375 0.3859183546875 0.643035340625 0.399221921875 0.6459442484375 0.40615755781249996 0.651653140625 0.4107328734375 0.682138309375 0.4230327421875 0.6873535375000001 0.423234521875 0.696064196875 0.4202342859375
1 0.7558633203125 0.44556587812500004 0.757071246875 0.4435896875 0.7608776859375 0.441211159375 0.760383715625 0.44009486718749996 0.757730284375 0.44073508749999996 0.754088909375 0.439142721875 0.7491118703125 0.43573861875000003 0.7368881875 0.434419934375 0.7298976296874999 0.43756672500000005 0.72327269375 0.4445563640625 0.7184409859375 0.45246112812500006 0.7179649125 0.4556085296875 0.722355734375 0.46589304531250003 0.7253198671875001 0.46933355624999995 0.73126695 0.4707065484375 0.7409288375 0.4711832328125 0.7466750578125 0.467999728125 0.7521287812499999 0.46174194375 0.75562451875 0.455282684375 0.7558633203125 0.44556587812500004
0 0.54077090625 0.494880078125 0.5434792578125001 0.4940019765625 0.592136415625 0.495964553125 0.599273221875 0.4943549015625 0.6030796609375 0.49197637343749995 0.6059530765625001 0.487127378125 0.6075093390624999 0.47821585625 0.60602773125 0.4716097375 0.6033017875 0.464966903125 0.5995872890625 0.46260596875 0.5894863499999999 0.46077510781250003 0.5444523609374999 0.45939844374999994 0.5374994375 0.451529171875 0.520810890625 0.4489291296875 0.5056227671875 0.44742717499999995 0.502859496875 0.4485431609375 0.5000777140625 0.45190993749999997 0.4958485921875 0.47348419374999995 0.496909659375 0.4764853484375 0.49559128125 0.485451790625 0.497767721875 0.49773069999999997 0.5006951390625 0.5024155484375 0.5038058265625 0.5041359578125 0.5194697171875 0.5057477515625 0.5330111671875 0.5046144781249999 0.536012321875 0.5035534109375 0.54077090625 0.494880078125
1 0.775858975 0.6964852015624999 0.7815511953125001 0.683767853125 0.781844609375 0.6770704046875 0.7794663890625 0.6700067234375 0.7724224421875 0.6571051859375 0.7650668765625 0.64989464375 0.749091978125 0.6474593609375 0.7243150921875 0.6462492921874999 0.7213136328124999 0.6505676015625 0.7192640109374999 0.651848346875 0.716298959375 0.6581795609375 0.7133342140625001 0.6612535328125 0.7101862 0.6672919453125 0.7086302437499999 0.672946225 0.7167534609375 0.68985536875 0.72057749375 0.6949977796875 0.722882590625 0.701292890625 0.7253527515625 0.7036171109375 0.7324525359375 0.7065090374999999 0.7501475359375 0.709090875 0.7642563890625 0.706585221875 0.7679529890625 0.7046824625 0.775858975 0.6964852015624999
1 0.48555244843749995 0.60165021875 0.4847113671875 0.5944402890625 0.478856225 0.588327834375 0.4709881765625 0.5822517890625 0.4589653546875 0.585489603125 0.45479298906250004 0.587282525 0.45047406875 0.5907955484375 0.4494309 0.5920580890625 0.4475087109375 0.6003840046875 0.4473248296875 0.609862928125 0.4482578515625 0.612333396875 0.45596114062500004 0.6191230921875001 0.462694996875 0.6214294125000001 0.4695572046875 0.621009178125 0.47938415624999997 0.6175149703125 0.48234890156250004 0.6144409984375 0.48555244843749995 0.60165021875
0 0.392486228125 0.3742017921875 0.3882780640625 0.36746732187500003 0.387875728125 0.3648688109375 0.3945750125 0.345618771875 0.40078063124999996 0.32199520000000004 0.400580075 0.31418145937499997 0.39644503593749997 0.3082155609375 0.3909740265625 0.303695165625 0.38323371562499997 0.3014070484375 0.37743288124999996 0.3015711953125 0.3704605296875 0.3057244390625 0.36771515625 0.3111041203125 0.365097521875 0.32027173124999997 0.362114265625 0.3255964921875 0.35439001875 0.347115525 0.3516813609375 0.3512508703125 0.34324530000000003 0.3530616890625 0.3392741015625 0.356153865625 0.33048848125 0.3779289859375 0.32893221875 0.3868405078125 0.3325547765625 0.3939409046875 0.3400383859375 0.40168213281250004 0.3521701296875 0.4077402796875 0.3666810125 0.4110903796875 0.3744398328125 0.4111277078125 0.3831872078125 0.406883134375 0.38908090156249997 0.3922078 0.392412796875 0.3766904640625 0.392486228125 0.3742017921875
0 0.13714074062499998 0.5653120421875 0.13827554375 0.56256728125 0.18102539374999999 0.5293401078125 0.1971844796875 0.519039225 0.2100131984375 0.5079694671875 0.2167476671875 0.503761303125 0.22249419375 0.49732055624999993 0.22362899687499999 0.49457579531249996 0.2233365 0.4915015171875 0.2171521453125 0.48355912031250003 0.20979627343749999 0.4796058203125 0.204672375 0.48117906250000003 0.1913681953125 0.48888173906250004 0.1832061203125 0.4960176265625 0.1714390796875 0.50357405625 0.16935274375 0.5060991375 0.156615659375 0.5156866765625 0.15244329375000001 0.517479596875 0.11913656875 0.5423632625 0.115220596875 0.5419603140625 0.1070597453125 0.5360672328125 0.1008380640625 0.53588365625 0.0975623109375 0.538134140625 0.0943593765625 0.544410434375 0.0857033296875 0.5504300296875 0.08187838124999999 0.555059346875 0.0810545859375 0.558627596875 0.088464459375 0.5721147390625 0.099259925 0.5828756328125 0.1082624703125 0.5894641593750001 0.11922361249999999 0.589739675 0.13077097499999998 0.5831347796874999 0.137925984375 0.58253158125 0.1411468171875 0.5805189828125 0.142647853125 0.5751025859375 0.13714074062499998 0.5653120421875
1 0.7555341078125 0.4437359359375 0.7598894390625001 0.44223581718749994 0.7718943609375 0.4347343078125 0.7825275171875 0.42015091406250005 0.78477891875 0.413654940625 0.784084390625 0.4047249078125 0.782163425 0.40002185468749996 0.773582340625 0.3872665671875 0.7664643515625 0.3833681859375 0.7539845796875 0.3809881296875 0.7436454515625 0.382359590625 0.7378992296875 0.385543096875 0.7325371406250001 0.3903186625 0.727046703125 0.3978207828125 0.7179145828125 0.40698778124999996 0.7175665546875 0.4106658703125 0.7160109046875001 0.4130629078125 0.7165962046875001 0.41595422187500003 0.725963453125 0.4361573234375 0.7289643015625 0.4383535 0.734783646875 0.43593856249999996 0.738571575 0.435810825 0.74991685 0.4376784015625 0.7521309234375 0.4389412484375 0.7555341078125 0.4437359359375
0 0.4707868515625 0.7773935187500001 0.472015125 0.753623084375 0.469197853125 0.745205228125 0.46557468281250003 0.744619315625 0.46239025937499995 0.7486448218749999 0.46048658124999997 0.7547199484375 0.45806919687500003 0.7749585406249999 0.45276049687500003 0.7957824328124999 0.45034464218750003 0.799734815625 0.451734921875 0.8045659125 0.454973653125 0.80681700625 0.46706929218750004 0.8076050046875001 0.47138821406250003 0.80409198125 0.4687909265625 0.7914653484375 0.4707868515625 0.7773935187500001
1 0.45588464999999995 0.6541841859375 0.4587398625 0.6483287375 0.4583381375 0.6392157421875 0.4549725859375 0.6234049921875 0.45563192812500003 0.61729315 0.4490628296875 0.614273178125 0.44157860781249997 0.613046434375 0.424908571875 0.608195603125 0.4209009640625 0.609274875 0.41650891874999996 0.6120193296875 0.3988120828125 0.6289809453124999 0.39778711875 0.6312499390624999 0.3977133828125 0.636995853125 0.40054824843750003 0.652934646875 0.40371324375000006 0.6609316578125 0.41110552499999997 0.6668978625 0.4213527109375 0.6702658625 0.42539672812499996 0.671199496875 0.43149036562500004 0.6708523859375 0.4417381640625 0.6677059015625 0.45588464999999995 0.6541841859375
1 0.6949272515625 0.4457797421875 0.687974021875 0.4411677125 0.6840398453125001 0.43975831093749995 0.6751098125 0.44045283749999997 0.66610635 0.44363603749999997 0.6621715609375001 0.4487411203125 0.6582907734375001 0.46338004687499995 0.66767714375 0.474817875 0.6714465609375 0.4769409265625 0.6839266390625001 0.476063740625 0.6893433421874999 0.474307534375 0.693369459375 0.47097747500000003 0.69820116875 0.4630727109375 0.699336278125 0.45707070937500005 0.6978546703124999 0.45046458906250003 0.6949272515625 0.4457797421875
1 0.647661903125 0.43236204999999994 0.6432343656249999 0.423321871875 0.6381474875 0.42039353593750006 0.6288700390625 0.41825166874999997 0.6240207375 0.41863549375 0.6196836125 0.42114206562499995 0.6100390109375 0.431443559375 0.6087758578125 0.4369148765625 0.610586678125 0.44535093750000004 0.6135322999999999 0.4510422390625 0.6192229890625 0.4546111 0.6285004390625 0.45675296875000004 0.6318126000000001 0.4565153921875 0.6388398734375 0.4521242640625 0.6456295671875 0.444420975 0.6477711296875001 0.43840076874999995 0.647661903125 0.43236204999999994
0 0.8171631734375 0.4687383140625 0.838480425 0.48167779062499994 0.8451593624999999 0.48422199531250004 0.8570714265625 0.491231675 0.8647018984375 0.4939955578125 0.8719300328124999 0.4941609296875 0.8766512890625 0.4932464171875 0.8813910578125 0.49008111562499995 0.8887299484375 0.47999899375000005 0.8890782843749999 0.4730636625 0.88766949375 0.4704833546875 0.8822534031249999 0.4657250765625 0.8663340390625001 0.45653742656249996 0.857623990625 0.45302317812500004 0.85401933125 0.4501864765625 0.839014784375 0.442462840625 0.8328301234375 0.43777768593750005 0.8290789109375 0.4366610875 0.8185759421875 0.42897447343749995 0.8135072671874999 0.42705259062499995 0.8120617625 0.42571661875 0.81030616875 0.4137854328125 0.8068665749999999 0.4069778390625 0.8047623406250001 0.405239225 0.7988334625 0.4048726859375 0.7912023796875001 0.40862328750000004 0.7849069625 0.4141856265625 0.779178334375 0.4248900703125 0.7725533984374999 0.431879709375 0.7715466390625 0.4351551546875 0.7680144921875 0.4396015078125 0.7685997921875 0.44249282343749996 0.7656893546875 0.451843396875 0.76775656875 0.4580835890625 0.7712331828125001 0.460389603125 0.7795408953125 0.4613053390625 0.7958641265625 0.4568052921875 0.8100633890625 0.46584638749999996 0.8171631734375 0.4687383140625
1 0.34544896875000003 0.4650707703125 0.342686921875 0.4531577875 0.3407841609375 0.44946118906250004 0.336978334375 0.44532523125 0.3302080671875 0.44100600468750006 0.3204548515625 0.438754296875 0.30680356249999996 0.4403633359375 0.302228553125 0.4428149875 0.29192522187500003 0.452713840625 0.28972812812500004 0.46548641562500004 0.29047757500000004 0.47417856406250003 0.2968263828125 0.484664553125 0.30438342343749997 0.4899171078125 0.3149783328125 0.4928642609375 0.31995567812500003 0.49301112187499996 0.327275446875 0.49169427343749994 0.33739550937499996 0.484759859375 0.3427761078125 0.47773350625 0.34544896875000003 0.4650707703125
0 0.5038017 0.3532963640625 0.508376709375 0.3508447125 0.509859234375 0.34767910468749996 0.511287453125 0.33823689687499997 0.513684796875 0.33653530468750004 0.5274456187500001 0.33770774062500003 0.5759204265625 0.33286302968750003 0.5999472531250001 0.331895434375 0.6047234296874999 0.3307430390625 0.6100855187499999 0.3259674734375 0.6127031546875 0.3167998640625 0.61197160625 0.31237140937499996 0.6100321296875 0.309919146875 0.6019258921875 0.3070454234375 0.5920810421875 0.3062759359375 0.58168699375 0.30788528125000003 0.53346858125 0.310534121875 0.51000885 0.3133865796875 0.5076118109375 0.31183092968750004 0.50695369375 0.304913803125 0.5049414 0.29843572812499997 0.5008609734375 0.2954891875 0.497127965625 0.2953790421875 0.49299200781249997 0.29918486875 0.47884644062500004 0.3029348578125 0.47555217812499995 0.30743613125 0.4741421640625 0.3178847921875 0.47547721718749997 0.32621101406249997 0.4744698453125 0.3360009453125 0.4746707078125 0.34055744374999997 0.47692088593750004 0.3470904390625 0.480049778125 0.3498173 0.48676542968750003 0.35111716875 0.495402659375 0.3506056046875 0.5005444578125 0.3532960578125 0.5038017 0.3532963640625
0 0.508216846875 0.2994424875 0.51744029375 0.2920505125 0.519032659375 0.2884091375 0.5215947625 0.28599389531249997 0.5753409406250001 0.2680841125 0.5849118062499999 0.2635285328125 0.590438653125 0.25803931874999997 0.59137259375 0.25073805937500004 0.5897444328125 0.24585204374999997 0.587128021875 0.24199068437500001 0.5823521515625 0.2398858375 0.5783263390625 0.23995865625 0.5232627 0.257063153125 0.51385659375 0.260905084375 0.509153846875 0.25956880625 0.5062995531250001 0.255652528125 0.5048722531250001 0.25532300937499997 0.49854073281250005 0.2556152015625 0.4916418109375 0.257279771875 0.48560278749999997 0.2606462421875 0.4810641875 0.26511079843749996 0.4794533109375 0.2710029625 0.48095373593749996 0.27210105 0.48421005937499995 0.2818730828125 0.4859116515625 0.2842704265625 0.48642352187500004 0.2896504140625 0.4916563421875 0.29737313125 0.492260153125 0.2980136578125 0.495828709375 0.2955802109375 0.4999643609375 0.295031625 0.508216846875 0.2994424875
0 0.47899176250000003 0.70386845 0.4858005796875 0.6873998875 0.48347697187499994 0.683355565625 0.4801284015625 0.6815802375 0.479726065625 0.678981725 0.4806597 0.674937709375 0.48913400625000003 0.6555963421875 0.49026911562500003 0.6495943390625001 0.48847619375000007 0.6454219734375 0.47343493125 0.6389426734375 0.467908390625 0.6411746468749999 0.460459659375 0.651732534375 0.46022146875000003 0.6549348578124999 0.45848285625 0.6570390921875 0.45786022812500005 0.6619065984375 0.45557241875 0.666389665625 0.4524065046875 0.6681643828125 0.44742915937500005 0.668017521875 0.44472080781249995 0.668895625 0.43972434062500004 0.6775140375 0.43487381562499994 0.6909268328125 0.43503826874999996 0.693470425 0.436556896875 0.695574965625 0.4399236734375 0.6983567468749999 0.45426949062500005 0.705677740625 0.4669137140625 0.7106013890625 0.4717263015625 0.7114619 0.47384904531250005 0.7109497250000001 0.476301309375 0.7090102484374999 0.47899176250000003 0.70386845