1 0.7199409296875 0.509765625 0.71943359375 0.525146484375 0.720701934375 0.53076171875 0.7326243328125 0.537109375 0.7409953796875001 0.53955078125 0.7442930640625 0.53955078125 0.750888434375 0.537109375 0.7572301359375 0.533935546875 0.760020484375 0.530517578125 0.76103515625 0.523681640625 0.7607814875 0.511962890625 0.760020484375 0.510009765625 0.7536787828125 0.504150390625 0.7432783921875 0.498291015625 0.7364293546875 0.49853515625 0.7275509718750001 0.502197265625 0.721970275 0.50634765625 0.7199409296875 0.509765625
0 0.5641575171875 0.404052734375 0.555617434375 0.41015625 0.546826171875 0.425048828125 0.5470773515625 0.431396484375 0.5513473921875 0.44140625 0.559636296875 0.45166015625 0.5623992640625 0.452392578125 0.5644086953125 0.45458984375 0.5769676421875001 0.45556640625 0.581740040625 0.45458984375 0.5847541875 0.451904296875 0.588521871875 0.450927734375 0.5942989859375001 0.445556640625 0.5983178484375 0.439208984375 0.6008296375 0.431884765625 0.6010808171875001 0.42333984375 0.59882020625 0.4130859375 0.602587890625 0.404296875 0.6023367109375 0.396728515625 0.6003272796875 0.3916015625 0.5963084171874999 0.386962890625 0.5890242296875 0.384033203125 0.5802329671875001 0.38427734375 0.5744558515625 0.38720703125 0.5719440625 0.3896484375 0.5641575171875 0.404052734375
1 0.6486328125 0.48828125 0.6496299343749999 0.51171875 0.6523720187500001 0.518798828125 0.6615953953125 0.524169921875 0.6710680515624999 0.52392578125 0.6735608546875 0.52294921875 0.6755550984375 0.5244140625 0.6832827921875 0.52685546875 0.689514803125 0.530517578125 0.6942511312499999 0.5302734375 0.6974917765625 0.52880859375 0.6994860203125 0.526611328125 0.7057180296875 0.524658203125 0.70920795625 0.521484375 0.7184313328124999 0.515869140625 0.7216719781250001 0.512451171875 0.7239155015625001 0.507568359375 0.7244140625 0.50146484375 0.7216719781250001 0.47802734375 0.719677734375 0.473876953125 0.7144428453125 0.46923828125 0.6890162421875 0.45751953125 0.6850277546875 0.457275390625 0.6693230875 0.466064453125 0.6493806531249999 0.48046875 0.6486328125 0.48828125
1 0.64386635625 0.533447265625 0.64033203125 0.5478515625 0.6405844828125 0.554443359375 0.64209919375 0.5576171875 0.653964428125 0.56689453125 0.6625477890625 0.568359375 0.670626246875 0.56640625 0.6822390296874999 0.56201171875 0.6845110953125 0.56005859375 0.6875405171875 0.551513671875 0.68779296875 0.5419921875 0.6850159984374999 0.5361328125 0.6766850890625 0.52880859375 0.6716360531250001 0.526611328125 0.667091921875 0.52587890625 0.6572463015625 0.52685546875 0.646138421875 0.53125 0.64386635625 0.533447265625
0 0.3563747828125 0.72216796875 0.3558756515625 0.729736328125 0.351549925 0.732666015625 0.337657334375 0.734130859375 0.33566080781249996 0.73583984375 0.334912109375 0.738037109375 0.335411240625 0.741455078125 0.33865559843750004 0.743896484375 0.3409016921875 0.749755859375 0.3409016921875 0.7568359375 0.3423990890625 0.764892578125 0.3453938796875 0.768310546875 0.36161566875 0.76904296875 0.3740939671875 0.76806640625 0.39755316875 0.764892578125 0.4007975265625 0.763671875 0.40204535625000004 0.761474609375 0.4032931859375 0.7490234375 0.4025444875 0.743896484375 0.40379231718749997 0.738037109375 0.4057888453125 0.73583984375 0.406787109375 0.732666015625 0.40504014687499995 0.72998046875 0.3925618484375 0.72900390625 0.38831922812499997 0.727783203125 0.38707139687500003 0.724365234375 0.3855740015625 0.705810546875 0.3850748703125 0.653564453125 0.3833279078125 0.637912353125 0.383827040625 0.6064453125 0.3813313796875 0.59765625 0.37783745625 0.5947265625 0.35712348125000004 0.597412109375 0.3536295578125 0.6005859375 0.35263129375 0.603515625 0.35313042499999997 0.659912109375 0.3563747828125 0.72216796875
0 0.20066217812499998 0.589111328125 0.199658203125 0.592529296875 0.2079409953125 0.601318359375 0.212709875 0.604248046875 0.21772974843749998 0.604736328125 0.22601254062499998 0.592529296875 0.2327893703125 0.586669921875 0.2528688671875 0.564697265625 0.256884765625 0.55712890625 0.25663377187499997 0.555908203125 0.255378803125 0.553955078125 0.2523668796875 0.55322265625 0.2486019734375 0.553955078125 0.24333110625 0.556884765625 0.2094469578125 0.587890625 0.20518006406249997 0.589111328125 0.20066217812499998 0.589111328125
0 0.4165587765625 0.281494140625 0.41306764687499997 0.278564453125 0.403841090625 0.274658203125 0.392120871875 0.27490234375 0.3851386125 0.27880859375 0.38015128593749997 0.2841796875 0.376909521875 0.29052734375 0.37666015625 0.30126953125 0.3853879796875 0.322998046875 0.3794031859375 0.337158203125 0.379652553125 0.348388671875 0.3813981171875 0.35498046875 0.384141146875 0.360595703125 0.394115803125 0.3701171875 0.4003499625 0.373779296875 0.4105739828125 0.3759765625 0.42004990624999994 0.37548828125 0.42778026406249997 0.37109375 0.43226885781249996 0.372314453125 0.4362587203125 0.37060546875 0.4442384453125 0.363525390625 0.4484776734375 0.357421875 0.451220703125 0.346435546875 0.45097133749999996 0.339599609375 0.44822830625 0.327880859375 0.4444878109375 0.321533203125 0.4362587203125 0.3134765625 0.42778026406249997 0.3095703125 0.4252866 0.30419921875 0.420299271875 0.286865234375 0.4165587765625 0.281494140625
1 0.12092643750000001 0.46533203125 0.115185546875 0.47802734375 0.11967841718750001 0.48974609375 0.1274161390625 0.501708984375 0.133905840625 0.507080078125 0.1396467296875 0.510009765625 0.149880490625 0.512939453125 0.15487256875 0.51318359375 0.1671031609375 0.509765625 0.17159603125 0.50732421875 0.17858494062500002 0.5009765625 0.1853242453125 0.48974609375 0.186572265625 0.482177734375 0.1863226609375 0.474609375 0.18257860312500002 0.46533203125 0.1743416734375 0.455810546875 0.1653559328125 0.451171875 0.154622965625 0.44970703125 0.13415544375 0.453369140625 0.1266673265625 0.45654296875 0.12092643750000001 0.46533203125
0 0.3609130859375 0.523193359375 0.35568359374999997 0.5234375 0.34920898437500003 0.526611328125 0.3449755859375 0.531005859375 0.342236328125 0.538330078125 0.3434814453125 0.54541015625 0.3484619140625 0.551025390625 0.3646484375 0.5595703125 0.3658935546875 0.56884765625 0.3688818359375 0.573486328125 0.3932861328125 0.58642578125 0.39901367187500003 0.58642578125 0.4044921875 0.583984375 0.41370605468750005 0.57421875 0.41893554687499995 0.5654296875 0.42167480468749996 0.5576171875 0.421923828125 0.547607421875 0.41993164062500005 0.542724609375 0.416943359375 0.539794921875 0.397021484375 0.52978515625 0.39303710937499997 0.5283203125 0.38955078125 0.528564453125 0.38033691406250003 0.532958984375 0.3609130859375 0.523193359375
1 0.51998021875 0.40771484375 0.4942125640625 0.403076171875 0.4885139484375 0.404541015625 0.47810777968749996 0.413330078125 0.46943597343750004 0.4228515625 0.45828650625 0.43310546875 0.4533311890625 0.439697265625 0.452587890625 0.4423828125 0.4667105484375 0.49169921875 0.4704270359375 0.4951171875 0.474143525 0.496337890625 0.4833108640625 0.498046875 0.49123937343749996 0.50146484375 0.5073441578125 0.504150390625 0.517007028125 0.5068359375 0.521962346875 0.506591796875 0.524687771875 0.504638671875 0.5576406390625 0.470458984375 0.559375 0.466552734375 0.559375 0.46240234375 0.5576406390625 0.4541015625 0.5497121296875 0.43017578125 0.5499598953125 0.427734375 0.5484733 0.42529296875 0.548225534375 0.42236328125 0.5442612796875 0.416015625 0.5395537265625 0.413330078125 0.51998021875 0.40771484375
1 0.286572265625 0.603759765625 0.2878376109375 0.619384765625 0.289862165625 0.62451171875 0.2987195875 0.629150390625 0.3063116625 0.63134765625 0.3154221546875 0.630859375 0.32655719843750003 0.62451171875 0.33060630625 0.617919921875 0.330859375 0.612060546875 0.32934095937499996 0.6015625 0.3270633375 0.597900390625 0.3230142296875 0.595703125 0.3070708703125 0.591064453125 0.30276869375 0.5908203125 0.2999849328125 0.592041015625 0.286572265625 0.603759765625
0 0.4778641078125 0.65087890625 0.4729242703125 0.64599609375 0.4704543515625 0.644775390625 0.46798443125 0.6416015625 0.464279553125 0.639892578125 0.4620566265625 0.635986328125 0.4506949984375 0.626953125 0.44328524218750004 0.61865234375 0.44130930625 0.617919921875 0.42821873593750004 0.605224609375 0.425995809375 0.604248046875 0.42401987343750003 0.600830078125 0.41957401875 0.596435546875 0.41290523749999997 0.59228515625 0.40450751250000005 0.59130859375 0.399073690625 0.59326171875 0.3896879984375 0.60107421875 0.38277222499999997 0.60986328125 0.38203125 0.613037109375 0.38277222499999997 0.61865234375 0.38795905625 0.623779296875 0.391663934375 0.62548828125 0.39363986875 0.630126953125 0.40129661875 0.6357421875 0.40771840781249996 0.642822265625 0.41018832656250004 0.643798828125 0.41537515625 0.6484375 0.42253792187499994 0.656494140625 0.425501825 0.657958984375 0.43217060625 0.665283203125 0.4403213390625 0.67041015625 0.4472371125 0.68017578125 0.45686979687499996 0.68505859375 0.46032768281249997 0.688232421875 0.46180963437500006 0.691650390625 0.46255061093750005 0.697509765625 0.46304459375 0.718505859375 0.46650248124999993 0.721435546875 0.46798443125 0.72119140625 0.4746532140625 0.7158203125 0.4832979296875 0.705322265625 0.498611428125 0.690185546875 0.50404525 0.6826171875 0.514418909375 0.671142578125 0.5173828125 0.665771484375 0.516888828125 0.66259765625 0.5146659015624999 0.66064453125 0.50725614375 0.66162109375 0.4899667109375 0.66162109375 0.48502687343749995 0.65966796875 0.4830509375 0.656494140625 0.47984004375 0.654296875 0.4778641078125 0.65087890625
1 0.720758928125 0.531494140625 0.7170207234375 0.532470703125 0.6881119375 0.545654296875 0.682130809375 0.56396484375 0.6801370999999999 0.565673828125 0.679638671875 0.577880859375 0.6803863125 0.58349609375 0.684872159375 0.589111328125 0.68960721875 0.59130859375 0.694093065625 0.59521484375 0.7085474578125 0.604248046875 0.716771509375 0.60498046875 0.723251065625 0.603759765625 0.7382038859375 0.59716796875 0.7529074921875 0.58837890625 0.7553996296875 0.58056640625 0.756396484375 0.5595703125 0.754402775 0.55126953125 0.7526582796875 0.548583984375 0.7494185015625 0.54736328125 0.7421913046874999 0.539794921875 0.7367086031250001 0.5361328125 0.72649084375 0.531982421875 0.720758928125 0.531494140625
1 0.5724609375 0.615966796875 0.5744795078125 0.62255859375 0.5795259328125 0.630126953125 0.5860862859375 0.636474609375 0.587852534375 0.637451171875 0.5961791359374999 0.63818359375 0.608038234375 0.63623046875 0.6128323375 0.63330078125 0.620654296875 0.616455078125 0.620654296875 0.61328125 0.6085428765625001 0.59619140625 0.6052627 0.5947265625 0.6007209171875 0.594482421875 0.5876002125 0.595947265625 0.5820491453125001 0.597900390625 0.5754887921875 0.607177734375 0.5724609375 0.615966796875