0 0.628493096875 0.339235971875 0.6279094453125 0.34076935 0.609952421875 0.3475393875 0.6007471843750001 0.349965953125 0.5864592359375 0.3561103921875 0.5719641640625001 0.36031240625 0.566362903125 0.363838515625 0.5576503265625 0.36621404218750003 0.5528916203125 0.37063480625 0.5524241046875 0.3755929484375 0.5557025921875 0.385318203125 0.557439484375 0.3875931171875 0.559046921875 0.388654015625 0.5630400015625 0.3887313078125 0.56672239375 0.38589496093750003 0.5723103390625 0.3845796 0.5800767984374999 0.38033820625 0.5945718703125 0.3761361921875 0.6341291015625 0.3617277171875 0.637019978125 0.3631466234375 0.6382900968749999 0.3657153796875 0.640740090625 0.36767093125 0.6478836921875 0.3669308625 0.6560259359375 0.363877965625 0.66042143125 0.3607222578125 0.6615236359375001 0.3593806421875 0.6605908359375 0.355304028125 0.6509107140625 0.327585084375 0.6486293796875 0.324875603125 0.643158315625 0.324951428125 0.6340307468749999 0.3281064046875 0.6286499265625001 0.331364190625 0.627560296875 0.33515935625000004 0.628493096875 0.339235971875
1 0.6541707328124999 0.51687969375 0.6561680734374999 0.51864348125 0.669963571875 0.519961775 0.6750047343750001 0.5189657765625 0.6768284296875 0.51681919375 0.6822865109375 0.50792589375 0.682394375 0.50423280625 0.6775023906250001 0.4949034734375 0.674888484375 0.4922195109375 0.663439153125 0.491157146875 0.6566683859375 0.49281739062499996 0.6525918484375001 0.4978900046875 0.6490377828125 0.50536513125 0.6541707328124999 0.51687969375
0 0.41841523281250004 0.44344064375 0.42038505312499996 0.4452044328125 0.43394972656249997 0.453154971875 0.43599876093749995 0.45564716875 0.43236164062500004 0.46190827968750003 0.435574765625 0.46109091874999997 0.4418682328125 0.462906478125 0.44488294218749996 0.46260024375000003 0.4490873875 0.46389155156250006 0.45161246874999994 0.46608990625 0.46020695468749995 0.4657078453125 0.4645985125 0.454705875 0.46413604687500004 0.45278896875 0.4628935 0.45070581875000004 0.458397840625 0.45140797499999996 0.4552511078125 0.4505001953125 0.42623039531250007 0.43822803906249996 0.4203993921875 0.43832938437499996 0.41799275468749997 0.43955579375 0.41841523281250004 0.44344064375
0 0.4386244953125 0.4585228953125 0.43204289375 0.459940334375 0.4264211984375 0.46567719375000005 0.4240569703125 0.4762322015625 0.4251983375 0.48225124218750004 0.42904019375 0.485536015625 0.45946619375 0.4949076609375 0.47377076249999994 0.498091821875 0.47600314218750006 0.500315696875 0.47674232656250004 0.5049034375 0.47880583281250005 0.5078812421875 0.50619434375 0.5168307125 0.5122959921875 0.5132535640625 0.520177478125 0.5006547828125 0.5224372703125 0.49379286093749997 0.5229061234375 0.48417041875000005 0.5244126515625 0.47959580468749996 0.523880853125 0.4769504890625 0.5225572765625001 0.473896125 0.5167163515625 0.47057270625000003 0.50529373125 0.4663539 0.49249494687500006 0.46325942500000006 0.485393390625 0.46914940156249996 0.4796687484375 0.46925074687499996 0.4386244953125 0.4585228953125
0 0.4083197078125 0.31326021718749997 0.4018868890625 0.3161344765625 0.4001192734375 0.318281059375 0.3987409125 0.324069690625 0.403794625 0.3316483625 0.4047036390625 0.33548217343750003 0.3980357765625 0.3454998046875 0.39132936093750004 0.3528210796875 0.378942690625 0.37005790781250003 0.370468659375 0.379525765625 0.3644643984375 0.384074128125 0.35754963281249996 0.394117278125 0.354716553125 0.3956375296875 0.354065553125 0.40356034999999996 0.3549486171875 0.4071513578125 0.3581576046875 0.411483903125 0.3633158640625 0.4153694875 0.368487471875 0.4170443234375 0.3716972078125 0.41671256718749994 0.3748557875 0.41123090625 0.38410908125 0.40438284375 0.38446053125 0.4006642359375 0.38637124843750004 0.397520921875 0.3930517140625 0.38995684218750004 0.3992776734375 0.3804758578125 0.419137415625 0.3560839984375 0.42254289843750004 0.3505768171875 0.4273511984375 0.348852409375 0.43052163437499996 0.3504885984375 0.43682395312500005 0.3510646234375 0.43969558593749997 0.3522407265625 0.4421913078125 0.3475640328125 0.44376466875 0.34126427656249997 0.44778110625 0.3344665203125 0.44817185468750004 0.3287799671875 0.44530096874999997 0.3229395640625 0.44219578281249994 0.3195782328125 0.43655631875 0.31819723906249997 0.4324768703125 0.3127272375 0.4195875203125 0.304240053125 0.4142594640625 0.3057726984375 0.4083197078125 0.31326021718749997
1 0.33510497968749997 0.46373323125 0.33562899062499996 0.46858929531250004 0.343760928125 0.48322238593750005 0.350372484375 0.488437190625 0.3583622015625 0.49007411406249995 0.378632565625 0.48873543281250004 0.38443190625 0.48642333750000005 0.3931590015625 0.47153725 0.39523335625 0.46273290312500004 0.392413415625 0.457620909375 0.37786605 0.4419261875 0.365756834375 0.4394835625 0.349999728125 0.44060569374999997 0.34497443125 0.4430840328125 0.33885917656250003 0.4518110875 0.33855674375 0.4560153015625 0.33510497968749997 0.46373323125
1 0.300939759375 0.4282919578125 0.30130803125 0.436355503125 0.30428964375 0.4451350640625 0.31145561875 0.45275238125 0.31548106875 0.45479761874999997 0.3235455265625 0.45667734531250004 0.3308448109375 0.45618007812499994 0.3382103734375 0.4539576703125 0.34440181718749996 0.44792697031250006 0.3499998015625 0.438765346875 0.34976408281250004 0.42725151875 0.3466371171875 0.4194686890625 0.34068517656249997 0.41369171875 0.3295457125 0.40917907031249995 0.31893343281250003 0.40952248593749996 0.30982513749999996 0.41437708281249996 0.30488764687500003 0.42028018593749994 0.300939759375 0.4282919578125
1 0.5913589421875 0.4895996453125 0.5849227078125 0.5047416625000001 0.5840948578125 0.5087541125 0.594662053125 0.5248571484375 0.601711846875 0.53174605625 0.6176124796875 0.531837940625 0.6289835625 0.5296928249999999 0.6316491531249999 0.5286836984375001 0.63463015 0.5259239109375 0.639962834375 0.514577059375 0.642498825 0.50302531875 0.640805678125 0.4990252625 0.6336382656249999 0.4887115890625 0.6270612046874999 0.4815288390625 0.6235422984375 0.48164331093749996 0.6177653609375 0.4795339078125 0.6108983609374999 0.47900892187500005 0.59524645 0.48355581875000003 0.5913589421875 0.4895996453125
0 0.44579569531249996 0.3765472984375 0.44460263437499997 0.3747069515625 0.44333260625 0.36747389531249997 0.440324053125 0.36263022500000003 0.43936486874999997 0.35831080625 0.4368877125 0.3561124515625 0.427560059375 0.364442853125 0.41755667812499997 0.3804532703125 0.41038127031249994 0.3949434375 0.40881074531249995 0.40124319374999995 0.4110932515625 0.40395267500000004 0.41677510156249997 0.401154975 0.419836209375 0.40181995156249994 0.42937034687500003 0.4000962765625 0.4384752109375 0.4060270984375 0.44603694374999997 0.4091718796875 0.4496553546875 0.412724975 0.45595889375 0.4157545515625 0.467346265625 0.4243948546875 0.47307917968749996 0.4267470609375 0.483001128125 0.4333297328125 0.48584168281249995 0.4342630328125 0.48975835781250004 0.438276215625 0.5013929312500001 0.44222669843749995 0.5042468078125 0.44094924999999996 0.51159021875 0.4303694546875 0.5141858015625 0.4219996734375 0.5130837765625 0.41867698750000004 0.49623585312499996 0.4079017625 0.48779264843750003 0.40116597187499997 0.48339563906249994 0.39965738125 0.476586603125 0.3942252921875 0.4662235453125 0.388179265625 0.4586877171875 0.3852772875 0.44579569531249996 0.3765472984375
0 0.5417475734375 0.378223671875 0.5350702484375 0.3793983078125 0.5297297296875 0.3882916078125 0.5286271921875 0.3920867734375 0.53097446875 0.39749260937500003 0.5515677984375 0.41084971875000004 0.5507272328124999 0.41707291562500004 0.5514091109375 0.4187215 0.5620467140625001 0.42622434531250003 0.568146196875 0.4290366375 0.57069108125 0.42926704843749997 0.5768182656249999 0.42299354375 0.5843369078125 0.410931409375 0.5890479453124999 0.40087513281250003 0.5889177125 0.3949968171875 0.5724560703125 0.3848989609375 0.5691896390625 0.3849879140625 0.5639157421875 0.387491771875 0.5613970546875 0.3875041640625 0.5543005765625 0.38479395 0.547768465625 0.3803075546875 0.5417475734375 0.378223671875
0 0.6002744546875001 0.43424271562500005 0.59612260625 0.43270860468750005 0.576776675 0.431274371875 0.5733385203125 0.42942089843750003 0.570107659375 0.4295098515625 0.563386815625 0.42725972343749996 0.5587544828125 0.42823020312500004 0.5556665062499999 0.42732242343750004 0.5499962109375 0.42790937500000004 0.54593468125 0.42955722500000004 0.5421581828125001 0.43387590937500004 0.5400541140625 0.4468589515625 0.5384705140625 0.45070515625 0.5438150515625 0.45874391406250004 0.554390128125 0.4574037671875 0.5645365421874999 0.45905381562500003 0.570505196875 0.4589269515625 0.57386561875 0.4600520140625 0.5768240328124999 0.459745778125 0.582753446875 0.461586859375 0.5859324859374999 0.4610123 0.5950409390625 0.462278821875 0.5969613921875 0.4615890578125 0.5992838500000001 0.46233059374999996 0.600451371875 0.4639281390625 0.60177361875 0.4716468015625 0.6051207125 0.47498261406250003 0.6297993421875 0.47733775156249997 0.633147178125 0.47600926406250005 0.6351068718749999 0.47335155625 0.6365616562499999 0.46362703437499997 0.6397022 0.460356121875 0.6415212375 0.4447022453125 0.640783121875 0.435450203125 0.6417048546874999 0.4324089671875 0.64052475 0.428357871875 0.6388900703125 0.4270541703125 0.6304953109375 0.4254682859375 0.6240335875 0.42564619062500003 0.61090284375 0.4240595734375 0.60873585625 0.4247748578125 0.6043878078125 0.433080471875 0.6002744546875001 0.43424271562500005
1 0.37065590312499996 0.42563212031250003 0.37647800781249996 0.43903806875000007 0.3797563671875 0.44091706249999996 0.3980828046875 0.4375973078125 0.4036547328125 0.43237157656249997 0.4072410890625 0.42538205625 0.4078015546875 0.4211523234375 0.40585629062499995 0.41742059062500003 0.4010326703125 0.4107876109375 0.3948622640625 0.40821812187499995 0.3885717015625 0.40688816718750004 0.379628640625 0.4070529453125 0.3740437875 0.4098251265625 0.3698703484375 0.42080157656250006 0.37065590312499996 0.42563212031250003
1 0.3073144359375 0.7325330921875 0.302551615625 0.74258936875 0.30320011875 0.750870196875 0.3080000046875 0.757503175 0.3140469734375 0.761555003125 0.322600965625 0.762898084375 0.33156661875000004 0.7610081640625 0.33566503124999997 0.7588747078125 0.3408387515625 0.75024973125 0.345416178125 0.73849383125 0.344740428125 0.7346345000000001 0.33715580312500004 0.7258286859374999 0.333058153125 0.7232978421875 0.322063728125 0.7229383687500001 0.31279311718749997 0.7243682015624999 0.311413609375 0.7257353359375001 0.31052445781250004 0.729262178125 0.3073144359375 0.7325330921875
0 0.3088540390625 0.8183818781250001 0.2961225171875 0.8177409546875 0.2914696078125 0.8160150796875 0.283727296875 0.8155921734374999 0.28062535781250003 0.8144415890625 0.27785972187499997 0.811783146875 0.2708667109375 0.8137372328125 0.26653682968750003 0.8127142484375 0.259957559375 0.813888884375 0.23654993750000003 0.810920540625 0.23011300625 0.8110984453125001 0.22677801406250003 0.8124269328124999 0.221322696875 0.8171670593749999 0.2188660671875 0.82208655625 0.21745595468749998 0.82984313125 0.22084182968750002 0.83366455 0.23894975000000002 0.8381655390624999 0.242336365625 0.8373226578124999 0.26682959375 0.841160134375 0.28103464843750003 0.8416479406249999 0.2851189421875 0.8426964453125001 0.305889990625 0.8442203625 0.3105170859375 0.845703434375 0.3128947953125 0.8493841296875001 0.315232671875 0.8596970687500001 0.31755875625 0.86289215625 0.320854659375 0.8635316140624999 0.3427378640625 0.86150316875 0.34577564375000003 0.85971459375 0.3472757296875 0.855139978125 0.35079215 0.8508468140625001 0.35326205625 0.84371656875 0.35521645468749996 0.827065959375 0.35419723593749997 0.8151430828124999 0.3533055953125 0.8137628234375001 0.349337828125 0.8114747828125 0.33592367031250003 0.811886734375 0.3320824578125 0.810322 0.3279081921875 0.806091534375 0.32224637500000003 0.808889234375 0.31783757343749997 0.8164664390624999 0.3088540390625 0.8183818781250001
0 0.5085401265625 0.8465012828124999 0.5048971578125 0.8380410843749999 0.513716371875 0.8366367703125 0.5166866984375 0.8341197859375 0.5175451015625 0.8188107921875 0.5170530125 0.8141975312499999 0.514330590625 0.8073603953124999 0.5090404000000001 0.79980724375 0.500300371875 0.7926113671875 0.49101496562499997 0.7896452218750001 0.48549019062500004 0.7892354421875 0.47393448749999995 0.79067766875 0.467319703125 0.794063053125 0.46228701875 0.798266534375 0.46084699375 0.80111600625 0.459731084375 0.80466836875 0.4598731609375 0.8083359359375001 0.456538753125 0.8167822765625001 0.4571988171875 0.8253059078125 0.46128282187499997 0.8332294609374999 0.4587920078125 0.8379061546875001 0.456911690625 0.836627971875 0.45018073125 0.8365885937499999 0.4393124796875 0.8374686546874999 0.4359403390625 0.8385543390624999 0.43307286562499997 0.8467068359375001 0.43125469375 0.8623607124999999 0.43381874218750005 0.8863982296874999 0.43663218437499995 0.8917530265625 0.4425195515625 0.8955620515625 0.4499120625 0.8947964624999999 0.45372523906250006 0.89317413125 0.4670310171875 0.8964603703125 0.47565561562500003 0.8955671828125 0.4816347453125 0.8932295703124999 0.48745922343750003 0.8847708375 0.4886010328125 0.881461278125 0.494360390625 0.8747276875000001 0.4966950625 0.8732584749999999 0.5008190328125 0.8745497828125 0.5030752640625 0.8770164609375 0.50557865625 0.8747933187499999 0.5091579921875 0.875650059375 0.511492665625 0.874180846875 0.5150979015625 0.8752803921875 0.5188467015625 0.870718903125 0.5206241640625 0.866361571875 0.5203306453125001 0.863609884375 0.5225444453125 0.861007509375 0.5242042437500001 0.8625540125000001 0.52521506875 0.8673590375 0.5264730531249999 0.8674742421875001 0.5279123359375 0.8692890703125 0.5329183734375 0.8695070875 0.535291525 0.8707342296875 0.5358757515625 0.8668687015625001 0.5377956609375001 0.8638467875 0.5364215 0.86030681875 0.5365391640625 0.8544029828124999 0.5333105875 0.849827634375 0.524284175 0.8492895218750001 0.5217548828125 0.8512698609375 0.51835684375 0.8521127421875001 0.5130400093749999 0.8489810875 0.5110427734375 0.848942440625 0.5085401265625 0.8465012828124999
1 0.315448178125 0.3602465625 0.31324256875 0.3678368953125 0.3140810796875 0.37560659687500003 0.31549757500000003 0.37938937031250003 0.3219908421875 0.3905080109375 0.3255201046875 0.392847090625 0.33126695 0.394713690625 0.34302342656249996 0.396210621875 0.3500565015625 0.39598167812499996 0.3543868515625 0.3940655046875 0.3662241984375 0.38229794687499996 0.3681670203125 0.3769438828125 0.37195907031250003 0.3770466953125 0.3731142828125 0.373737134375 0.37230122187500003 0.37087453593749997 0.370478196875 0.36566046406249997 0.3611773921875 0.35188338125 0.35729400624999996 0.34859860781249996 0.3489889328125 0.344048046875 0.337940703125 0.3444425015625 0.32593416406250003 0.3476353890625 0.315448178125 0.3602465625
1 0.509717496875 0.4569239546875 0.5085021765625 0.462201459375 0.5141195781250001 0.4690006828125 0.5204847499999999 0.47326979375 0.5254617500000001 0.478906040625 0.5305864828125 0.4788812546875 0.53990238125 0.47499786874999994 0.5435331031249999 0.470704703125 0.5452959265625 0.4634082140625 0.5441095546875 0.454935621875 0.54072099375 0.447421115625 0.5378784046875 0.44721622656250004 0.535129478125 0.44552899687499997 0.5269885390625 0.446102821875 0.521289653125 0.447903790625 0.5163918390625 0.447660253125 0.509717496875 0.4569239546875
0 0.480293140625 0.829296503125 0.4795925890625 0.8320694171874999 0.47438027343750006 0.834573275 0.46614754375 0.8344442093750001 0.4637618328125 0.835427815625 0.436094259375 0.8375576062500001 0.432073684375 0.8465661109375 0.43038629375 0.8587697046875 0.4318606046875 0.8819380859375 0.43363526874999997 0.8915736546874999 0.4362924640625 0.8954716328125001 0.441944928125 0.8970954296875 0.45470274218749995 0.8952828015625001 0.46313002968749994 0.894900740625 0.46897705156249997 0.8960134109375 0.475602296875 0.8950815765625 0.4811386234375 0.8932806093749999 0.48742802812499997 0.8845280343749999 0.48795991250000004 0.88250905 0.4913960765625 0.8796982234374999 0.5034015562499999 0.8801729015624999 0.5055150375 0.8789720125 0.5203989046874999 0.8784120468750001 0.5323918125 0.8764331750000001 0.5361519890625 0.8743252375000001 0.539264140625 0.8708115218750001 0.538514040625 0.8591059281250001 0.53675195 0.8519239109375001 0.5348596609375 0.8481921781249999 0.532383703125 0.8459938234375001 0.514751646875 0.84413815 0.50462588125 0.8449416515625 0.48538782812500003 0.83269648125 0.48161507812500004 0.832350865625 0.480293140625 0.829296503125
1 0.545343578125 0.47897313906249994 0.5406896109375 0.4880326828125 0.5403676953125001 0.49444764374999994 0.5420649640625 0.498204896875 0.5492026546875 0.50706175 0.55396188125 0.50830201875 0.56412263125 0.507281234375 0.5683341562499999 0.5058761875 0.5715967359375 0.5028480765625 0.5757563984375 0.49162882343750003 0.5755298453125001 0.487232846875 0.574166690625 0.48417848281250003 0.5716135375 0.481980128125 0.5705044015625 0.4789002453125 0.5660129265625 0.47542370937499995 0.5631386234375 0.47497601562499997 0.5484589328125 0.4769417609375 0.545343578125 0.47897313906249994
1 0.38681234999999997 0.5938305703125 0.3839141578125 0.6017402640625 0.3778976328125 0.613163675 0.374986096875 0.6232841171875 0.372777246875 0.6259673453125 0.373347240625 0.635973315625 0.37741210468749997 0.643654065625 0.3838800171875 0.6528047609375001 0.39821897812499996 0.670224625 0.4042984953125 0.6710689734375 0.41337923125 0.6696391390625 0.41896509374999996 0.6705345265625 0.43811387343749997 0.66757278125 0.4436219078125 0.6677397593750001 0.448844575 0.6652359015625 0.45843454531249994 0.6475513796875 0.4686100875 0.62366918125 0.468558946875 0.6185192749999999 0.46745526875000004 0.6151965890625 0.46529904999999994 0.6137011234374999 0.46427319687499996 0.611106846875 0.44614214218750003 0.5862235171875 0.4400893109375 0.580957671875 0.39302307187499996 0.586560334375 0.391152221875 0.5877357046875 0.38681234999999997 0.5938305703125