1 0.17105595468749998 0.36025854218750003 0.1639233328125 0.371262409375 0.1616513890625 0.37575353906250003 0.1610502046875 0.38085097343749996 0.1668936375 0.3917832671875 0.1670912125 0.395957609375 0.16859166875 0.398999371875 0.17551146875 0.4085385125 0.185818759375 0.4151329515625 0.1937025 0.41788686875 0.1983128421875 0.41845399062500005 0.2107285625 0.41589586875 0.2183585171875 0.4117794078125 0.2235359828125 0.40773618906250003 0.22699159687499998 0.403817303125 0.23146736406250001 0.39580922812499997 0.2331619453125 0.3890750953125 0.23299330937499999 0.3809869890625 0.2293758515625 0.3697208765625 0.2203833515625 0.358323640625 0.211157546875 0.3537627203125 0.20172737812500002 0.3521243515625 0.1815692796875 0.3534068640625 0.1762845109375 0.3554846859375 0.17105595468749998 0.36025854218750003
1 0.5268973531250001 0.503838740625 0.5276314421875 0.5178400703125 0.53082993125 0.5280979390625 0.5345052703125 0.531536521875 0.5490379937500001 0.5372027484374999 0.553960003125 0.5368127171875 0.5572623421875 0.5350857453125 0.567651334375 0.5265122171875001 0.57220034375 0.52095663125 0.5723825578125 0.5148509531250001 0.5697001015625001 0.5007133796875001 0.5682166750000001 0.4974280703125 0.5642466984375 0.4947030953125 0.549662884375 0.48976750625000004 0.5458002093750001 0.48900792812500005 0.54355720625 0.48958529375 0.5268973531250001 0.503838740625
0 0.2397158734375 0.49134389531249995 0.23235840625 0.49156362187499997 0.2309363109375 0.4944010203125 0.2420185421875 0.5074128046874999 0.24645857968749998 0.5104153874999999 0.2481974609375 0.510047509375 0.25035019375 0.5072612015625 0.25152712187500004 0.503264471875 0.2542537171875 0.5004367953125 0.2627846140625 0.493935965625 0.27725255312499997 0.47952924531249996 0.2888763046875 0.470797321875 0.2916864328125 0.46560961562500003 0.291437765625 0.4621659125 0.2898521578125 0.46034187812500005 0.28668606093750004 0.46012048281249995 0.27917531875 0.4625321234375 0.262634678125 0.4750807484375 0.253163659375 0.4810263640625 0.2428614390625 0.4895244640625 0.2397158734375 0.49134389531249995
0 0.655477003125 0.30651679062500004 0.652871240625 0.3087819453125 0.6451339828125 0.3109330078125 0.6410499140625 0.31333952656249997 0.6360989640625 0.317643321875 0.6304054671875 0.3255662453125 0.6268868515625 0.3338859875 0.62601318125 0.3428801546875 0.62851509375 0.352599840625 0.6336057375 0.3602979171875 0.6399089906250001 0.364654471875 0.6497411 0.36754463125000003 0.6610974859375001 0.366136115625 0.6682233171874999 0.362229140625 0.676680971875 0.353275821875 0.6803068890625 0.34692147812499996 0.682522621875 0.3397343140625 0.6823318375 0.3284630796875 0.6997410265624999 0.3034936125 0.7012993640625 0.298707846875 0.7015156390625 0.2921150765625 0.6977108453125 0.28352796874999997 0.6935654453125 0.279811778125 0.6897708921875 0.2780780171875 0.682725090625 0.2773405890625 0.6780125671875 0.2782347421875 0.669583853125 0.2832742953125 0.655477003125 0.30651679062500004
1 0.411497328125 0.45318498281249997 0.4110885984375 0.459030084375 0.4175894265625 0.46756098125 0.42539313749999996 0.4749593 0.42938014375 0.4774407296875 0.44356880781249997 0.47402763593749997 0.4489046671875 0.47121917656249995 0.45425410624999996 0.45421693437500005 0.4532577703125 0.450965684375 0.45114588906249997 0.446168009375 0.43997850781250003 0.434373953125 0.43614989375 0.433127284375 0.4282372125 0.4342871328125 0.41973525624999997 0.436874196875 0.4161212484375 0.439558321875 0.411497328125 0.45318498281249997
1 0.7334308484375 0.4411888796875 0.734512334375 0.44322239999999996 0.73416660625 0.44466664375000003 0.73109078125 0.44665419218749997 0.7319440828125 0.4589507015625 0.73556833125 0.463119921875 0.746917928125 0.4688082984375 0.7507295109375 0.47029851406249995 0.7585740703125 0.47011285 0.7745254359375 0.45899143750000004 0.7766611375 0.45644867656250004 0.7789501125 0.4517140015625 0.778674175 0.441660496875 0.7770783265625 0.4329831171875 0.7734200171875 0.4293009875 0.7594595375 0.4224510921875 0.7521361296875 0.42218372656250003 0.7380428593749999 0.4312324375 0.7340660921875 0.43560435468750003 0.7334308484375 0.4411888796875
0 0.0684572421875 0.5185262125000001 0.067704453125 0.51529199375 0.0629595375 0.506149671875 0.058536529687500005 0.50290354375 0.05155885 0.5011919328125 0.047089871875 0.502103115625 0.038332459375 0.5083433687500001 0.0316545375 0.5093448234375 0.0223657328125 0.509184759375 0.0159483859375 0.5099597 0.0134107453125 0.511250671875 0.0115185890625 0.5138104640625001 0.006804396875 0.5252281812499999 0.004423479687500001 0.538277478125 0.0061266328124999995 0.54892025625 0.0096759703125 0.561160553125 0.0117316390625 0.56326219375 0.0177181046875 0.565149228125 0.0352363796875 0.5666189625 0.039104175000000005 0.5708052140625 0.047492039062500005 0.5733496437500001 0.054204020312500004 0.571861096875 0.0598174875 0.568582578125 0.0633752828125 0.5632024171875 0.067188534375 0.5541690671875 0.07019623750000001 0.5531557015625 0.095298496875 0.5546662859375 0.1298598640625 0.553901475 0.1813672640625 0.555790065625 0.19415086406249998 0.5549708234375 0.196897990625 0.554183975 0.1993283296875 0.5509276046875 0.2009547890625 0.5451676562500001 0.20161897343750002 0.535669365625 0.199835790625 0.5296709890625 0.198040696875 0.5273428328125 0.19497678125 0.5256601625 0.188435103125 0.52471325 0.12522046874999998 0.522250746875 0.071077296875 0.521891003125 0.0684572421875 0.5185262125000001
1 0.549282528125 0.31671199843750003 0.542417271875 0.32039245781250003 0.5248445671875 0.3407004921875 0.51050608125 0.36025573906249997 0.5106695953125 0.364917171875 0.5128206578125 0.3726544296875 0.5213414265625 0.3942976234375 0.52468806875 0.39893690625 0.531618109375 0.4153293921875 0.5353786 0.41755024531249996 0.5416256421875 0.41921076562500004 0.565532321875 0.423819325 0.5819180203125 0.423986178125 0.589655278125 0.42183511406249996 0.592991678125 0.41962105000000005 0.62387759375 0.3804202859375 0.6252656265625001 0.3780699796875 0.6247853250000001 0.3709390265625 0.61472491875 0.3433144875 0.6080776046875 0.3298786125 0.6044363265625 0.3259529375 0.60046635 0.3232279609375 0.5814135578124999 0.3192035546875 0.5666083484375 0.3174340640625 0.549282528125 0.31671199843750003
0 0.380429959375 0.20798890625 0.3770203171875 0.20775048125 0.3737350078125 0.2092339078125 0.372420215625 0.21403670468749997 0.37709534218749996 0.234676775 0.3771226125 0.241286575 0.3736159078125 0.2459360984375 0.3729585125 0.248337496875 0.3697975359375 0.251542775 0.3680126828125 0.2560679640625 0.3662227109375 0.25716648124999997 0.36468140312499997 0.26170870156250003 0.3625967921875 0.26352082656250003 0.3557077171875 0.2745417234375 0.35031397656249996 0.2851777125 0.3440993265625 0.2935536671875 0.3430791734375 0.29764285625000003 0.340263925 0.29940388906250004 0.3334821515625 0.312390184375 0.3302871140625 0.3160825546875 0.3279981390625 0.3208172296875 0.32622519687499996 0.32167219999999996 0.3259867703125 0.32508184375 0.32383403906249997 0.32786815156250004 0.321947003125 0.3338546171875 0.332814628125 0.34293560625 0.3389765171875 0.3458138546875 0.3433654640625 0.349547075 0.3514586921875 0.35280511406250004 0.35566709375 0.352120446875 0.3606350734375 0.34757310625 0.3708043390625 0.3316421078125 0.373456071875 0.3252196421875 0.37777856718749997 0.3194034796875 0.3808271203125 0.31080613125 0.39504639375 0.29295570625 0.4011486203125 0.2791876828125 0.40540299218750003 0.2743457046875 0.4082250296875 0.26548777968750004 0.4138555265625 0.2619657125 0.42108866093749997 0.2600241359375 0.429210828125 0.259368409375 0.43701620781250006 0.2562431625 0.43916893906250004 0.2534568546875 0.43939033437499997 0.2502907578125 0.4381334234375 0.2472660234375 0.42163697187500004 0.2311835359375 0.4081073734375 0.22167166562500001 0.40432985156249995 0.2196943578125 0.400903178125 0.21969947968749998 0.398535840625 0.2185549921875 0.39189876875 0.2119724625 0.380429959375 0.20798890625
0 0.46466490781249997 0.343834425 0.46270462968750004 0.3473684 0.45164288125 0.3480633078125 0.4380264609375 0.350292734375 0.43368181562499997 0.35292576875 0.430106990625 0.358549475 0.429676109375 0.36121145 0.4308018984375 0.3696112234375 0.432653203125 0.37463541562499997 0.43535435937500006 0.3780058765625 0.4395508515625 0.38099142812500003 0.44458016406249995 0.382566796875 0.467904359375 0.381505678125 0.47075878906249996 0.3826842265625 0.474887159375 0.3866439625 0.4794975015625 0.38721108593750003 0.49026461250000003 0.387229784375 0.5066111296875 0.38445705625 0.5101348640625 0.3795639875 0.511778353125 0.37356049062499996 0.5117681125 0.36670714531250004 0.511090234375 0.35540185 0.5057406828125 0.337406725 0.50218455625 0.3322633203125 0.4959545453125 0.3303592546875 0.4692258265625 0.3346086203125 0.46637651875 0.3368567453125 0.46466490781249997 0.343834425
1 0.6567076640625 0.6179080453125 0.6570449328125 0.6340842578125 0.6601309984375 0.6389500546875 0.665301675 0.6420037296875 0.679454609375 0.6496012921875 0.685316740625 0.6497664750000001 0.6995684062499999 0.641952525 0.702989959375 0.6385207312500001 0.704412053125 0.63568333125 0.7049297546875 0.6212800625 0.7023767515625 0.6122910140625 0.69868438125 0.6090959765624999 0.68313829375 0.6004220484375 0.6752596718749999 0.6010948046875 0.6617386453125 0.608959846875 0.658804184375 0.6124257015625 0.6567076640625 0.6179080453125
1 0.621469746875 0.491851890625 0.6097846625 0.4944611046875 0.5962244546875 0.49938656562499995 0.5915732625000001 0.5064034265624999 0.5891804359374999 0.5231229421875 0.585939428125 0.5309726234375 0.5850197875 0.5441241015625 0.5888535203124999 0.5487974453125 0.603623 0.5615775937499999 0.6109174671875001 0.565758725 0.6150236875 0.5665353328125 0.6156521421875001 0.5680476999999999 0.6190447546875 0.5685296703125 0.638863915625 0.5615945109375 0.6563157375 0.5535148624999999 0.6591428953125 0.5480836109375 0.6627023609375 0.532179884375 0.6640358515625 0.5166099765625 0.663073578125 0.5128716359375 0.6578637203125 0.5068783812500001 0.6435472718749999 0.4946193859375 0.6382403531249999 0.49351407968750005 0.6360262890625 0.49017767812499996 0.627762759375 0.48935509843749997 0.621469746875 0.491851890625
0 0.6168302375 0.42520379375 0.6118571359375 0.4263244609375 0.6090027078125 0.4251459125 0.604726184375 0.4268047640625 0.6013846625 0.4255921546875 0.5976122609375001 0.42704152031250003 0.5937836484375 0.42579485000000006 0.581606353125 0.42494333125 0.5778850421875 0.425662059375 0.5544876046875 0.42427068749999997 0.5507322328125 0.42547650625 0.546138921875 0.4246658375 0.5428876734375 0.425662171875 0.5383113921875 0.42460795625000003 0.5350260828125 0.42609138281250003 0.5306763171875 0.42529774375 0.5178927171875001 0.4261169859375 0.510608490625 0.4287892015625 0.5073079328125 0.45498997656249995 0.5083093875 0.46166789843749995 0.5110446046875 0.46455126875 0.518911315625 0.46754873124999996 0.5298538515625 0.46855864374999995 0.559946240625 0.4687050140625 0.5668847390625 0.46747704375000004 0.5878807796875 0.4682110203125 0.61840405 0.46569541562500005 0.6212925390625 0.466386871875 0.62621966875 0.46942351562500007 0.6296174015625 0.47333215937500006 0.6412837859375 0.48149005625 0.64424551875 0.48463400312499993 0.64831255625 0.4824710296875 0.6494178625 0.47716411093750005 0.6502710515625 0.45446325 0.6493258078124999 0.45048136406249994 0.6498077796875 0.4470887515625 0.655445065625 0.43646979375 0.655921915625 0.42965050781249997 0.6551350671875 0.42690338125 0.656196071875 0.41523020781250003 0.6526791249999999 0.413026384375 0.6489816359375 0.406404675 0.645623084375 0.4054356109375 0.629642778125 0.42047078750000005 0.6252300109375 0.42407800625 0.62093645625 0.4259804015625 0.6168302375 0.42520379375
1 0.6897474124999999 0.3904105625 0.68651319375 0.39116335156250004 0.6687326734375 0.40044369843750005 0.66549845625 0.4011964859375 0.6641615140625 0.40281615625 0.66066671875 0.40379545937500005 0.6588086234375 0.4058681609375 0.6565485890625 0.4066890703125 0.6529482734375 0.43017678125 0.65178675625 0.4327876640625 0.6520183921875 0.43647491406250005 0.6503238109375 0.443209046875 0.6507819625 0.44715687343750005 0.6498128999999999 0.450515425 0.651992903125 0.45433891718749997 0.6651035328125 0.4628425421875 0.6701158140625 0.46466145625 0.6763679765624999 0.4697486484375 0.6818843796875 0.4713580765625 0.687814634375 0.4705490765625 0.6894121531249999 0.4687028921875 0.6928899171875 0.467967134375 0.6980673828125 0.463923915625 0.7083763421875 0.45999478906249996 0.7191672734375001 0.45267305 0.725199709375 0.450402775 0.7268840484375 0.43681529374999994 0.7271241421875 0.42288208593750004 0.72702875 0.41724647031249995 0.7249509296875 0.4119617015625 0.7234845328125 0.408432846875 0.720018678125 0.4054983859375 0.7048012890625001 0.39562375781250003 0.6974727609375 0.39192971875 0.6897474124999999 0.3904105625