1 0.555419921875 0.430908203125 0.563720703125 0.439208984375 0.573974609375 0.442626953125 0.579833984375 0.4423828125 0.587890625 0.43896484375 0.59375 0.4326171875 0.597900390625 0.424072265625 0.596923828125 0.411865234375 0.59326171875 0.40576171875 0.586181640625 0.399658203125 0.577392578125 0.39599609375 0.572021484375 0.396240234375 0.56396484375 0.399658203125 0.555908203125 0.40673828125 0.552490234375 0.414794921875 0.552490234375 0.424072265625 0.555419921875 0.430908203125
0 0.30419921875 0.4228515625 0.310791015625 0.42724609375 0.3212890625 0.431396484375 0.328125 0.435546875 0.3330078125 0.43310546875 0.337158203125 0.43310546875 0.345458984375 0.439453125 0.358642578125 0.446044921875 0.366455078125 0.451171875 0.37060546875 0.45263671875 0.37255859375 0.454833984375 0.38720703125 0.46142578125 0.38916015625 0.46044921875 0.390380859375 0.45703125 0.39404296875 0.452392578125 0.395751953125 0.4453125 0.395751953125 0.439697265625 0.39404296875 0.435302734375 0.383544921875 0.429443359375 0.381591796875 0.42724609375 0.37451171875 0.4248046875 0.36083984375 0.41552734375 0.3486328125 0.41015625 0.34716796875 0.407470703125 0.34912109375 0.399658203125 0.347412109375 0.396728515625 0.327880859375 0.38525390625 0.32275390625 0.384765625 0.3193359375 0.388427734375 0.30419921875 0.416015625 0.30322265625 0.419677734375 0.30419921875 0.4228515625
0 0.44677734375 0.347412109375 0.449951171875 0.35400390625 0.453857421875 0.35595703125 0.458251953125 0.35546875 0.46240234375 0.357421875 0.465576171875 0.366943359375 0.46923828125 0.370361328125 0.47216796875 0.376953125 0.482421875 0.390625 0.50439453125 0.42578125 0.50732421875 0.428466796875 0.510498046875 0.428955078125 0.515380859375 0.427490234375 0.521484375 0.423583984375 0.52392578125 0.420166015625 0.523681640625 0.415771484375 0.52197265625 0.411376953125 0.499755859375 0.376953125 0.49560546875 0.368896484375 0.48876953125 0.35986328125 0.486572265625 0.3544921875 0.481201171875 0.347412109375 0.479248046875 0.342041015625 0.485595703125 0.334228515625 0.485595703125 0.331787109375 0.4814453125 0.327880859375 0.47509765625 0.318115234375 0.47216796875 0.31640625 0.46875 0.31787109375 0.44140625 0.33740234375 0.44189453125 0.343017578125 0.44677734375 0.347412109375
0 0.376708984375 0.41064453125 0.381103515625 0.412841796875 0.39794921875 0.4140625 0.404541015625 0.41748046875 0.40966796875 0.416748046875 0.441092284375 0.419189453125 0.45947265625 0.425537109375 0.466064453125 0.432373046875 0.46923828125 0.431884765625 0.47021484375 0.4287109375 0.47265625 0.427734375 0.47119140625 0.423583984375 0.474853515625 0.421875 0.474853515625 0.412353515625 0.472900390625 0.411376953125 0.471435546875 0.4091796875 0.471923828125 0.3955078125 0.47119140625 0.3857421875 0.471923828125 0.380615234375 0.468994140625 0.376953125 0.46630859375 0.3779296875 0.4580078125 0.386474609375 0.451904296875 0.3896484375 0.431396484375 0.387939453125 0.427490234375 0.38916015625 0.40771484375 0.38671875 0.405029296875 0.387451171875 0.395751953125 0.38720703125 0.39306640625 0.385986328125 0.384033203125 0.385986328125 0.38134765625 0.387451171875 0.378173828125 0.38671875 0.37548828125 0.3896484375 0.37451171875 0.392333984375 0.375 0.408447265625 0.376708984375 0.41064453125
0 0.3779296875 0.3701171875 0.38134765625 0.372314453125 0.384033203125 0.3720703125 0.387939453125 0.374267578125 0.395751953125 0.37646484375 0.40234375 0.36962890625 0.410400390625 0.373046875 0.41357421875 0.37255859375 0.419189453125 0.375244140625 0.425048828125 0.375244140625 0.427978515625 0.374267578125 0.430419921875 0.369140625 0.431884765625 0.3623046875 0.431396484375 0.355224609375 0.42919921875 0.35205078125 0.419677734375 0.34814453125 0.4140625 0.347900390625 0.409423828125 0.344482421875 0.40869140625 0.341552734375 0.400390625 0.33642578125 0.387451171875 0.332275390625 0.3837890625 0.3369140625 0.3779296875 0.357421875 0.376953125 0.364013671875 0.3779296875 0.3701171875
1 0.40185546875 0.502685546875 0.40478515625 0.505126953125 0.41162109375 0.5068359375 0.41943359375 0.507080078125 0.42236328125 0.505615234375 0.427978515625 0.5009765625 0.4306640625 0.494140625 0.430419921875 0.489990234375 0.42529296875 0.4794921875 0.42236328125 0.477294921875 0.413818359375 0.4755859375 0.408203125 0.47607421875 0.40478515625 0.47802734375 0.398193359375 0.489013671875 0.39990234375 0.498291015625 0.40185546875 0.502685546875
0 0.348876953125 0.3193359375 0.360595703125 0.322265625 0.3653564453125 0.319091796875 0.366943359375 0.319091796875 0.37548828125 0.322998046875 0.381591796875 0.3271484375 0.385009765625 0.328125 0.39013671875 0.333251953125 0.395751953125 0.33544921875 0.404541015625 0.341064453125 0.407470703125 0.341796875 0.417724609375 0.34912109375 0.41943359375 0.3515625 0.42626953125 0.355224609375 0.430908203125 0.355224609375 0.43701171875 0.3447265625 0.43994140625 0.341796875 0.43798828125 0.336669921875 0.42822265625 0.32958984375 0.41943359375 0.32470703125 0.416259765625 0.3203125 0.409912109375 0.319091796875 0.402587890625 0.31396484375 0.377197265625 0.300537109375 0.375732421875 0.29638671875 0.376708984375 0.29052734375 0.36376953125 0.28125 0.35791015625 0.280517578125 0.35595703125 0.2822265625 0.3466796875 0.298828125 0.3427734375 0.309326171875 0.34326171875 0.314453125 0.348876953125 0.3193359375
0 0.450439453125 0.79736328125 0.4541015625 0.80029296875 0.46484375 0.80517578125 0.46630859375 0.806640625 0.471923828125 0.829345703125 0.477783203125 0.84033203125 0.48291015625 0.84375 0.489013671875 0.844970703125 0.492431640625 0.844970703125 0.498779296875 0.84228515625 0.505126953125 0.833740234375 0.506591796875 0.826904296875 0.506591796875 0.8212890625 0.505126953125 0.814453125 0.49951171875 0.799072265625 0.5 0.7939453125 0.50390625 0.78564453125 0.504638671875 0.779052734375 0.504150390625 0.77392578125 0.500732421875 0.768310546875 0.49853515625 0.7607421875 0.49267578125 0.755615234375 0.486572265625 0.7529296875 0.475341796875 0.75244140625 0.46875 0.75390625 0.460693359375 0.7578125 0.454833984375 0.763671875 0.451904296875 0.767822265625 0.448486328125 0.77783203125 0.448974609375 0.794921875 0.450439453125 0.79736328125
0 0.4658203125 0.44287109375 0.462646484375 0.451171875 0.466064453125 0.45361328125 0.46923828125 0.454345703125 0.477783203125 0.453857421875 0.4794921875 0.450927734375 0.476318359375 0.4443359375 0.477294921875 0.43603515625 0.4775390625 0.415771484375 0.47509765625 0.41015625 0.468994140625 0.41015625 0.46630859375 0.41943359375 0.467041015625 0.423095703125 0.4658203125 0.44287109375
0 0.600830078125 0.777587890625 0.60302734375 0.78662109375 0.606689453125 0.79541015625 0.61279296875 0.802490234375 0.625244140625 0.8017578125 0.6298828125 0.802978515625 0.63623046875 0.801025390625 0.637939453125 0.797607421875 0.639404296875 0.7880859375 0.641845703125 0.785888671875 0.6640625 0.781005859375 0.677978515625 0.779296875 0.685546875 0.776611328125 0.689208984375 0.776611328125 0.697265625 0.7744140625 0.701416015625 0.77490234375 0.71826171875 0.770751953125 0.723876953125 0.767333984375 0.72509765625 0.763671875 0.72412109375 0.759033203125 0.720947265625 0.752685546875 0.715087890625 0.74755859375 0.712158203125 0.746826171875 0.700927734375 0.747802734375 0.69482421875 0.74951171875 0.69140625 0.751953125 0.678955078125 0.754150390625 0.668212890625 0.755615234375 0.659423828125 0.755615234375 0.655517578125 0.757080078125 0.64794921875 0.75634765625 0.64208984375 0.760498046875 0.63525390625 0.7607421875 0.6328125 0.759765625 0.62744140625 0.753173828125 0.624267578125 0.751953125 0.61962890625 0.757568359375 0.60986328125 0.759521484375 0.606689453125 0.76123046875 0.6005859375 0.761962890625 0.599853515625 0.769775390625 0.600830078125 0.777587890625
1 0.39013671875 0.468994140625 0.39501953125 0.47412109375 0.402099609375 0.478515625 0.40185546875 0.48291015625 0.4130859375 0.47802734375 0.41796875 0.478271484375 0.41845703125 0.47021484375 0.420654296875 0.463134765625 0.42041015625 0.45849609375 0.417724609375 0.452880859375 0.41162109375 0.446533203125 0.405029296875 0.445068359375 0.39599609375 0.445068359375 0.388427734375 0.45703125 0.387939453125 0.462646484375 0.39013671875 0.468994140625
1 0.60693359375 0.7041015625 0.611328125 0.708984375 0.615478515625 0.7109375 0.62744140625 0.710205078125 0.632568359375 0.706787109375 0.63671875 0.700927734375 0.637939453125 0.69580078125 0.636962890625 0.689208984375 0.627197265625 0.67529296875 0.61474609375 0.6748046875 0.607177734375 0.6767578125 0.60107421875 0.6875 0.60107421875 0.693115234375 0.60693359375 0.7041015625
1 0.544677734375 0.376708984375 0.54931640625 0.392333984375 0.565673828125 0.397216796875 0.580322265625 0.3955078125 0.5869140625 0.3896484375 0.592041015625 0.38330078125 0.59521484375 0.376220703125 0.595458984375 0.3701171875 0.59375 0.36181640625 0.588623046875 0.350341796875 0.5869140625 0.34912109375 0.566162109375 0.344970703125 0.55419921875 0.3525390625 0.54248046875 0.3662109375 0.54248046875 0.373046875 0.544677734375 0.376708984375
1 0.310546875 0.513916015625 0.31640625 0.525146484375 0.328369140625 0.529052734375 0.340087890625 0.5302734375 0.345703125 0.529052734375 0.357177734375 0.51708984375 0.362060546875 0.510009765625 0.36083984375 0.502197265625 0.354736328125 0.486328125 0.351806640625 0.483642578125 0.345703125 0.4814453125 0.329345703125 0.478759765625 0.325927734375 0.479736328125 0.319580078125 0.484375 0.310791015625 0.494384765625 0.307861328125 0.500244140625 0.30810546875 0.505615234375 0.310546875 0.513916015625