1 0.509294934375 0.66748046875 0.5148795374999999 0.6689453125 0.52604874375 0.66943359375 0.5318871921875 0.668212890625 0.5372179499999999 0.662353515625 0.5400102515625 0.65576171875 0.5417871703125 0.65380859375 0.542041015625 0.649169921875 0.5336641109375 0.632080078125 0.513610309375 0.63037109375 0.5095487796875 0.63330078125 0.50548725 0.638916015625 0.5014257203125 0.646240234375 0.501171875 0.6513671875 0.509294934375 0.66748046875
1 0.6271883875 0.560791015625 0.6224211984375 0.565185546875 0.6189085328124999 0.571533203125 0.616650390625 0.5830078125 0.6179049140624999 0.591796875 0.62217029375 0.5986328125 0.633711909375 0.6083984375 0.6450026203125 0.611572265625 0.654537 0.610595703125 0.6633186640625001 0.60693359375 0.6668313296874999 0.603759765625 0.6708458046875 0.597900390625 0.674609375 0.589599609375 0.6743584703125001 0.576904296875 0.6728530421875 0.572265625 0.6683367578125 0.56591796875 0.657046046875 0.55712890625 0.6472607640625 0.5546875 0.6374754796875 0.555419921875 0.6332101 0.556884765625 0.6271883875 0.560791015625
0 0.50384745625 0.67822265625 0.5303192765625 0.69775390625 0.538134765625 0.69775390625 0.538134765625 0.693603515625 0.5346051890625 0.688232421875 0.5076291453125 0.66357421875 0.5015784437499999 0.653564453125 0.49754464218749994 0.65576171875 0.489477040625 0.666748046875 0.488720703125 0.67138671875 0.50384745625 0.67822265625
0 0.3060306734375 0.530029296875 0.3134509484375 0.51904296875 0.3127089203125 0.515625 0.3005891390625 0.508056640625 0.29762102968750004 0.50439453125 0.2951476046875 0.5029296875 0.290695440625 0.502685546875 0.2825331390625 0.50439453125 0.2627457421875 0.518798828125 0.25804623437499996 0.52490234375 0.255078125 0.53125 0.25804623437499996 0.537109375 0.26282810625 0.5415852046875 0.263982453125 0.54443359375 0.264229796875 0.550537109375 0.265466509375 0.552490234375 0.26719790625 0.55419921875 0.2711553859375 0.553955078125 0.27981237187499997 0.549072265625 0.283522509375 0.550048828125 0.2951476046875 0.560791015625 0.2986104 0.565673828125 0.30949346875 0.57666015625 0.32977555000000003 0.6015625 0.33521708437500003 0.606689453125 0.3384325375 0.611572265625 0.3490682640625 0.622314453125 0.3527784 0.62744140625 0.3579725921875 0.630615234375 0.3621774140625 0.63037109375 0.36489818125 0.62890625 0.374049853125 0.621337890625 0.37578125 0.6162109375 0.375039221875 0.613037109375 0.36242475625 0.594970703125 0.352283715625 0.586181640625 0.346347496875 0.578125 0.340163934375 0.572509765625 0.336453796875 0.565673828125 0.3067727015625 0.533203125 0.3060306734375 0.530029296875
1 0.23832373750000002 0.217041015625 0.23603515625 0.22314453125 0.2365437296875 0.232666015625 0.243155184375 0.243408203125 0.255869521875 0.251953125 0.26883814375 0.24853515625 0.2726524453125 0.246337890625 0.2751953125 0.240478515625 0.273923878125 0.2353515625 0.274178165625 0.23095703125 0.27341530468749997 0.225341796875 0.2706181515625 0.218994140625 0.264006696875 0.21337890625 0.2563780953125 0.210693359375 0.24824091875 0.211181640625 0.2439180453125 0.212890625 0.23832373750000002 0.217041015625
0 0.4007691984375 0.262451171875 0.39334524531250004 0.26708984375 0.38839594375000003 0.272216796875 0.38468396718750003 0.2724609375 0.37453789843749996 0.26708984375 0.3685987359375 0.266845703125 0.3648867609375 0.270263671875 0.36414436562499997 0.27294921875 0.3572153421875 0.283935546875 0.3517711109375 0.287353515625 0.35078125 0.289306640625 0.3512761796875 0.292724609375 0.3584526671875 0.3046875 0.3690936671875 0.316650390625 0.37651762031249997 0.3212890625 0.380971990625 0.321533203125 0.3854263625 0.320068359375 0.3923553859375 0.316650390625 0.39705722187500003 0.31298828125 0.4027489203125 0.310791015625 0.404481175 0.30908203125 0.4057185 0.30224609375 0.40472864062499997 0.2958984375 0.402996384375 0.291748046875 0.40373877968749994 0.28955078125 0.40670836093749996 0.28857421875 0.4500147515625 0.250732421875 0.46387279687499994 0.24072265625 0.4665949140625 0.23486328125 0.46708984375 0.228515625 0.4621405421875 0.219970703125 0.459665890625 0.217529296875 0.45570645 0.21630859375 0.4477875671875 0.221923828125 0.436899103125 0.232666015625 0.4163595 0.24853515625 0.4007691984375 0.262451171875
0 0.183136528125 0.6484375 0.17940274375 0.65673828125 0.1786559875 0.6611328125 0.174922203125 0.66845703125 0.17467328437500002 0.67138671875 0.17069058125 0.68017578125 0.16969490625 0.686279296875 0.1674546359375 0.691162109375 0.163720853125 0.6962890625 0.16098274375 0.69677734375 0.1535151765625 0.69580078125 0.15077706875000002 0.69775390625 0.14928355625 0.705322265625 0.14106923124999998 0.7275390625 0.1408203125 0.72998046875 0.1423138265625 0.73291015625 0.1577467984375 0.73876953125 0.1813940953125 0.74462890625 0.197573825 0.74462890625 0.2018054453125 0.741455078125 0.2062859859375 0.732421875 0.212757878125 0.712890625 0.212260040625 0.709228515625 0.20429463593750002 0.70654296875 0.202054365625 0.704833984375 0.202552203125 0.694580078125 0.2052903109375 0.69189453125 0.2052903109375 0.68896484375 0.20877517499999998 0.681640625 0.2092730140625 0.67724609375 0.211513284375 0.67138671875 0.2147492296875 0.66796875 0.2154959859375 0.66552734375 0.2149981484375 0.662109375 0.21823409374999997 0.654541015625 0.217985175 0.649658203125 0.221967878125 0.642333984375 0.222216796875 0.635986328125 0.2192297703125 0.633056640625 0.2097708515625 0.62744140625 0.20653490468750002 0.626708984375 0.1958313921875 0.62646484375 0.1913508515625 0.62744140625 0.18911058125 0.629150390625 0.1858746359375 0.6357421875 0.183136528125 0.6484375
0 0.5534231078125 0.614990234375 0.5391945921875 0.61474609375 0.535450246875 0.61669921875 0.5334532624999999 0.6259765625 0.53095703125 0.63037109375 0.532205146875 0.631103515625 0.5364487390625 0.639404296875 0.5571674546875001 0.642333984375 0.5636576546875001 0.64453125 0.5703974781250001 0.65380859375 0.5931131781250001 0.656494140625 0.5973567703125 0.654052734375 0.6006018703125 0.644775390625 0.602099609375 0.634033203125 0.6018499859374999 0.618408203125 0.600102625 0.61376953125 0.596857525 0.611572265625 0.577386925 0.60888671875 0.5726440859374999 0.609375 0.56989823125 0.615966796875 0.5656546390625 0.61767578125 0.5534231078125 0.614990234375
0 0.23854678749999997 0.335205078125 0.2432966484375 0.365966796875 0.2445466109375 0.369384765625 0.24429661875000003 0.37353515625 0.24729653125 0.39013671875 0.2475465234375 0.396728515625 0.2470465390625 0.398681640625 0.24304665625 0.40185546875 0.239046771875 0.4072265625 0.23704683124999998 0.41259765625 0.235546875 0.413330078125 0.2360468609375 0.41943359375 0.239046771875 0.42333984375 0.2432966484375 0.425537109375 0.25004645000000003 0.42822265625 0.262546084375 0.4306640625 0.2687959015625 0.4306640625 0.27729565312500004 0.42919921875 0.2945451484375 0.423828125 0.2967950828125 0.422119140625 0.3005449734375 0.41650390625 0.302294921875 0.410888671875 0.297795053125 0.40185546875 0.28579540468750003 0.3916015625 0.2825455 0.38427734375 0.27804563125000004 0.357421875 0.27504571875 0.345947265625 0.27504571875 0.339111328125 0.27329577031249996 0.328369140625 0.2687959015625 0.318359375 0.261296121875 0.31298828125 0.256046275 0.310791015625 0.24729653125 0.310791015625 0.24179669218750002 0.3134765625 0.2380468015625 0.3251953125 0.23854678749999997 0.335205078125
1 0.38808367499999996 0.4453125 0.3843310734375 0.45068359375 0.380078125 0.459716796875 0.3803282984375 0.463134765625 0.39208645 0.489990234375 0.396089225 0.492431640625 0.40509546875 0.493896484375 0.4236083046875 0.495849609375 0.427861253125 0.494140625 0.4443727 0.47314453125 0.444873046875 0.467041015625 0.44412252656250006 0.464111328125 0.43136368125 0.440185546875 0.424358825 0.43701171875 0.41285084687499995 0.434814453125 0.404094775 0.434814453125 0.3963393984375 0.437255859375 0.38808367499999996 0.4453125
1 0.457740146875 0.688720703125 0.45673828125 0.694091796875 0.45673828125 0.712890625 0.45899247968749995 0.723876953125 0.466256009375 0.73046875 0.4750223390625 0.73583984375 0.4820354015625 0.738525390625 0.4925549953125 0.73876953125 0.5028241234374999 0.734619140625 0.5113399859375 0.728515625 0.517852115625 0.720703125 0.518603515625 0.71533203125 0.5183530484375 0.691650390625 0.5093362531250001 0.68212890625 0.5023231906250001 0.679443359375 0.4905512640625 0.670166015625 0.4847905328125 0.67138671875 0.47577373749999996 0.677734375 0.4607457453125 0.68603515625 0.457740146875 0.688720703125
1 0.302534275 0.408447265625 0.3007538046875 0.41357421875 0.29693850781250003 0.418212890625 0.29515803749999997 0.422119140625 0.294140625 0.42822265625 0.29515803749999997 0.430908203125 0.304823453125 0.442626953125 0.3106735734375 0.4462890625 0.3266978140625 0.443359375 0.33203922812500003 0.43408203125 0.333056640625 0.428466796875 0.32720652031249997 0.4169921875 0.324154284375 0.413330078125 0.3190672234375 0.410400390625 0.31474322187500003 0.4091796875 0.3099105140625 0.409423828125 0.3063495703125 0.4072265625 0.30406039375 0.40771484375 0.302534275 0.408447265625
1 0.5315212234375 0.526611328125 0.528515625 0.53466796875 0.528515625 0.54052734375 0.5528108796875 0.559326171875 0.5600744078125001 0.55810546875 0.5801117312499999 0.550537109375 0.5851210625000001 0.54833984375 0.58787619375 0.544921875 0.5901303921875 0.52734375 0.590380859375 0.515380859375 0.5811135968750001 0.505615234375 0.570594003125 0.498779296875 0.5650837390625 0.4970703125 0.55681834375 0.498046875 0.5410389515625 0.504150390625 0.5355286875 0.507568359375 0.5315212234375 0.526611328125
0 0.3298399640625 0.266357421875 0.3239040578125 0.275634765625 0.3192047984375 0.27978515625 0.3115375875 0.281005859375 0.23536013281249998 0.283203125 0.231650190625 0.289306640625 0.230908203125 0.29443359375 0.235112803125 0.31005859375 0.2361021203125 0.311767578125 0.239317403125 0.313720703125 0.24723194375 0.31103515625 0.2548991546875 0.31103515625 0.2704809078125 0.3173828125 0.318710140625 0.31396484375 0.32711934062500003 0.318603515625 0.3330552453125 0.32470703125 0.33824916250000003 0.326904296875 0.34245376250000004 0.326904296875 0.34715302187499997 0.32421875 0.349626315625 0.31884765625 0.35086296250000004 0.31103515625 0.35086296250000004 0.3017578125 0.352099609375 0.29931640625 0.35135762187499997 0.290283203125 0.34913165625000003 0.287353515625 0.3476476796875 0.27880859375 0.345421715625 0.27294921875 0.341711775 0.266357421875 0.3384964921875 0.263916015625 0.33503388125 0.26416015625 0.3298399640625 0.266357421875
0 0.8646194859375 0.229248046875 0.8594199390625 0.2333984375 0.8059388828125 0.262939453125 0.8022249203125 0.26708984375 0.8009869328124999 0.27001953125 0.800244140625 0.27587890625 0.8009869328124999 0.278564453125 0.8061864796875 0.285888671875 0.8101480406249999 0.287353515625 0.8225279140625 0.281982421875 0.85397279375 0.263671875 0.8700666312499999 0.255859375 0.872790203125 0.25537109375 0.881951309375 0.256591796875 0.885170078125 0.256103515625 0.8903696249999999 0.252685546875 0.893093196875 0.252685546875 0.9086918390625 0.24169921875 0.912158203125 0.234619140625 0.91191060625 0.2265625 0.9077014484375001 0.216552734375 0.8985403421875 0.208251953125 0.8888840390625001 0.2080078125 0.8809609203125 0.211181640625 0.8683334484375 0.219970703125 0.8663526687499999 0.22314453125 0.8646194859375 0.229248046875
1 0.27655510156249996 0.214111328125 0.27452621875 0.2177734375 0.27097567499999997 0.22021484375 0.27021484375 0.23583984375 0.27199011562500003 0.240478515625 0.275033440625 0.242431640625 0.28035925625 0.242919921875 0.2912645 0.248291015625 0.304705846875 0.2490234375 0.3092708328125 0.247314453125 0.312060546875 0.240966796875 0.3107924953125 0.232177734375 0.30952444375 0.228759765625 0.3034377953125 0.22216796875 0.29912642031250003 0.219970703125 0.2955758765625 0.216552734375 0.2899964484375 0.214111328125 0.2790912046875 0.212890625 0.27655510156249996 0.214111328125
0 0.47865154062500004 0.59765625 0.47469117812499995 0.6005859375 0.4704832921875 0.6005859375 0.46652292968750003 0.59619140625 0.46256256718750005 0.593505859375 0.45538441093750004 0.59521484375 0.43533507499999996 0.60400390625 0.431127190625 0.606689453125 0.42939453125 0.61279296875 0.4388003921875 0.6376953125 0.4467211171875 0.653564453125 0.450929003125 0.658447265625 0.45860220468749996 0.658447265625 0.482611903125 0.647705078125 0.48483960625 0.644287109375 0.48483960625 0.635498046875 0.4863247421875 0.63232421875 0.5293936859375 0.614013671875 0.53384909375 0.61328125 0.538799546875 0.611083984375 0.54375 0.60400390625 0.54375 0.593994140625 0.5425123859375 0.58935546875 0.53780945625 0.58203125 0.533106525 0.579345703125 0.52716598125 0.5791015625 0.51008691875 0.584716796875 0.49845335312500005 0.59033203125 0.47865154062500004 0.59765625
1 0.305341371875 0.33154296875 0.29490913750000003 0.338623046875 0.288947859375 0.343994140625 0.2812478765625 0.35205078125 0.279260784375 0.3564453125 0.278515625 0.362060546875 0.27901239843750003 0.369873046875 0.282738196875 0.38720703125 0.28671238125 0.3935546875 0.302360734375 0.406494140625 0.3147800609375 0.409423828125 0.3269510015625 0.4150390625 0.3336574390625 0.4150390625 0.3383767828125 0.41357421875 0.3579993203125 0.39892578125 0.3622218921875 0.393798828125 0.3679347828125 0.389892578125 0.36942510156249997 0.38671875 0.369921875 0.38427734375 0.367438009375 0.377197265625 0.3629670515625 0.346923828125 0.3622218921875 0.34326171875 0.359489640625 0.33984375 0.3515412703125 0.33642578125 0.346325153125 0.3330078125 0.32347359062500003 0.32763671875 0.3142832875 0.328125 0.305341371875 0.33154296875
0 0.18702225 0.484619140625 0.1810709640625 0.485595703125 0.1731359140625 0.48291015625 0.16842447968750002 0.486572265625 0.153050321875 0.50537109375 0.1515625 0.50927734375 0.1523064109375 0.51318359375 0.1659447765625 0.523681640625 0.17263997343749998 0.52734375 0.1761115578125 0.53076171875 0.1922296265625 0.538330078125 0.19718903125 0.542236328125 0.20140452656250002 0.5419921875 0.20512408125 0.5390625 0.2140510109375 0.528076171875 0.2200022984375 0.51904296875 0.2200022984375 0.51318359375 0.21603477343750002 0.509033203125 0.2150428921875 0.504638671875 0.21628274374999998 0.50146484375 0.2271934359375 0.489501953125 0.23140893125 0.482666015625 0.2376081875 0.47802734375 0.2383520984375 0.474365234375 0.2465351171875 0.46630859375 0.24703105781249998 0.463134765625 0.252734375 0.45751953125 0.2524864046875 0.45361328125 0.25050264218749996 0.448486328125 0.24504729687500001 0.442626953125 0.23463254375 0.43701171875 0.2291771984375 0.435546875 0.2271934359375 0.4365234375 0.200164675 0.466796875 0.18702225 0.484619140625
1 0.204052734375 0.2548828125 0.20633320937500002 0.263916015625 0.21216109218749998 0.2734375 0.2164686578125 0.27783203125 0.22153638125000003 0.279052734375 0.2326853734375 0.2802734375 0.23623277968749998 0.279052734375 0.24586145468749998 0.269775390625 0.246875 0.26708984375 0.246368228125 0.261474609375 0.242567434375 0.252197265625 0.23623277968749998 0.244140625 0.22584394687499998 0.240478515625 0.21672204375 0.24072265625 0.2103873890625 0.243896484375 0.207600140625 0.24658203125 0.204052734375 0.2548828125