0 0.3515394734375 0.5932832234375 0.35349580937499997 0.588134290625 0.43352908125 0.527392571875 0.43675827500000003 0.5202036671875 0.43636883906249996 0.5159577578125 0.42923613125 0.5070660421875 0.42567761718749997 0.5060728453125 0.4183266625 0.5075051359375 0.3911300921875 0.527350740625 0.3870998078125 0.5314685796874999 0.3784459375 0.5369089359375 0.347528803125 0.5604228296875 0.3383574265625 0.5660369937499999 0.3354261921875 0.5675973562500001 0.3322492734375 0.567397409375 0.32387768437500003 0.5603039 0.3196997296875 0.5602098062499999 0.3175277671875 0.5616303375 0.3141927203125 0.5678182046875 0.3033028515625 0.5768889515625 0.3031368828125 0.5798241046875 0.3071985265625 0.589516909375 0.309238496875 0.59078976875 0.32378357812499997 0.6100917406249999 0.3318036296875 0.6144239046875 0.33584175312500003 0.6137587265625 0.3500483703125 0.6056472 0.35328540468749997 0.60191095625 0.35372711562500003 0.5987680156249999 0.3515394734375 0.5932832234375
1 0.6969781125 0.44040833125 0.700826746875 0.4323203234375 0.7017663656249999 0.420371921875 0.6991553109375 0.410882984375 0.69631425 0.40653906093750003 0.6894651234375 0.40089222031249994 0.6786458296875 0.39542702812499997 0.6704598078124999 0.39403001875 0.6494537234375 0.40315826250000003 0.6449738875000001 0.40696638125 0.641265084375 0.4158136609375 0.64035290625 0.439846375 0.645260075 0.4417687328125 0.652838415625 0.44924383749999997 0.6544327546875001 0.45193330625000006 0.6597933953124999 0.45589171406249995 0.6649083499999999 0.4580898140625 0.6738797812499999 0.45565256718749997 0.6903302359375 0.44736331093750004 0.693669203125 0.4429017734375 0.6969781125 0.44040833125
0 0.8818496296875 0.6143142890625 0.8824455499999999 0.603057203125 0.8796267062500001 0.5932925234375 0.8816888953124999 0.5891446265625 0.8840006890625001 0.58848336875 0.8883406921875 0.5839159765625 0.9257083749999999 0.542571615625 0.9288696140624999 0.535866240625 0.9283285859375001 0.5256820656250001 0.921721225 0.520069203125 0.9135992390625001 0.5164623328125 0.906244365625 0.5161682937500001 0.9010692953125 0.517906384375 0.8878297359375 0.526153821875 0.875848659375 0.5412347078125 0.872230028125 0.5441777015625 0.8682716203125 0.5495383421875 0.8615518671875 0.5552505203125 0.85638855625 0.5621676015625 0.8519048015624999 0.564249390625 0.84918919375 0.5695381546875 0.8311705375 0.5714435171875001 0.82658485 0.5742505999999999 0.8244168078125 0.5773974609375 0.82288780625 0.5882768703125001 0.83012636875 0.598169621875 0.841165209375 0.609089546875 0.8456607249999999 0.61218675 0.851327165625 0.6139692765625 0.8611794015625 0.61929855625 0.87033248125 0.6208314781250001 0.8771659265625 0.619572996875 0.8801651156249999 0.61752910625 0.8818496296875 0.6143142890625
1 0.7550042234375 0.52573036875 0.75972974375 0.5236825578125 0.767900084375 0.518174246875 0.7719983234375001 0.513572878125 0.777841190625 0.501820503125 0.7784527921875 0.4974687390625 0.776011625 0.48677097812500003 0.7663135984375 0.473327553125 0.7608850031250001 0.46985267343750003 0.7506250328124999 0.46742456875 0.7425108875 0.46727036093749996 0.7314315312499999 0.46891827812500003 0.7225319765625 0.472598325 0.7193289203125001 0.4760928046875 0.7158919390625 0.48300596562500003 0.713066559375 0.48556736406249995 0.709769409375 0.493239796875 0.7084664921875 0.4972478640625 0.70868211875 0.5009762671875 0.712006709375 0.505388146875 0.7163780734375 0.5146313984375 0.718557875 0.5166635296875 0.7197745390625 0.5202860796875 0.7231331062499999 0.5244561953125 0.7307676421875 0.5262687781250001 0.7510000781249999 0.5261537828125 0.7550042234375 0.52573036875
1 0.3506377921875 0.4698865328125 0.34917544375 0.464503675 0.34242041093750003 0.4546788796875 0.335265484375 0.4512079203125 0.316196134375 0.446555578125 0.3073344765625 0.45172019218750004 0.2984427625 0.4588529015625 0.2977213890625 0.46047729843749996 0.294821515625 0.475848303125 0.2953507828125 0.48085348593750005 0.3001037421875 0.4908899875 0.307991803125 0.49791554062500004 0.3154904265625 0.5006951828124999 0.328232078125 0.50125320625 0.336270428125 0.498438284375 0.3459893703125 0.49068221406249996 0.35059335625 0.4807280453125 0.3506377921875 0.4698865328125
1 0.6407893812500001 0.4648082515625 0.6420922984375 0.46080018593750005 0.6432357843750001 0.4474011953125 0.6394956203125 0.44243783125 0.6340330468750001 0.43920471718750004 0.6249819 0.4369465015625 0.6188057921875 0.43879044531250005 0.6129132671875 0.44387926406249995 0.612331725 0.44626293281249996 0.6143416375 0.4495038875 0.6143115796874999 0.45147198125 0.6136999796875 0.4558237453125 0.6099950953125 0.46639735625 0.6113476703125 0.46905284687500004 0.6195075531249999 0.4741442828125 0.6241010828125 0.47478986093750003 0.636241590625 0.46909989999999996 0.6407893812500001 0.4648082515625
1 0.638494596875 0.3969337984375 0.6431142640624999 0.3938849515625 0.6602625718749999 0.373613315625 0.6628174390625 0.3659598296875 0.666962725 0.359269484375 0.66547031875 0.355854721875 0.664725425 0.3471211359375 0.6621561875 0.34084309375 0.657335271875 0.3312901203125 0.6525901515625 0.3247062796875 0.6456730703125 0.31954296875 0.632406071875 0.31570609374999997 0.61451940625 0.314918065625 0.6107570250000001 0.3153754578125 0.6036857343750001 0.31832629218749997 0.5871529453125001 0.33597249375 0.5799954015625 0.34655394375 0.57865850625 0.35080377500000004 0.5796490859375 0.36129766874999997 0.58196871875 0.364089071875 0.5850293265625 0.3738877296875 0.59085911875 0.386787509375 0.5957061718750001 0.3926460578125 0.6071749640624999 0.39524404999999996 0.6279667250000001 0.3981661421875 0.6343885171875 0.39808250625 0.638494596875 0.3969337984375
1 0.4791272078125 0.52221359375 0.474721865625 0.51321210625 0.46877576249999997 0.5099110359375 0.457069125 0.5090053953125 0.45227565 0.5115367359375 0.44765990312500004 0.5163119125 0.44294614374999997 0.523538715625 0.445315434375 0.532993675 0.44812251718749996 0.5375793640625 0.44902946093749996 0.541651465625 0.4597429015625 0.5461156203125 0.46664822343749995 0.546099940625 0.47006298593749996 0.544607534375 0.477330303125 0.5367534515625 0.4800798890625 0.531222921875 0.4791272078125 0.52221359375
1 0.695408621875 0.3726358125 0.6904596359374999 0.3675025578125 0.6829231124999999 0.36323835 0.678261628125 0.3630763015625 0.6687387140625 0.365929121875 0.6634316515625 0.3703606015625 0.6601985375 0.375823175 0.659756825 0.37896611562500004 0.661075421875 0.381863371875 0.6607474046874999 0.38946000937499997 0.6627612375 0.39442729375 0.6850715421875 0.3970697234375 0.69220686875 0.39190902968749997 0.6954739609375 0.38620469062499996 0.6965573296875001 0.376741890625 0.695408621875 0.3726358125
1 0.67925870625 0.49807377500000005 0.6761458234375 0.49566396875 0.6718280375 0.494810603125 0.6661315375 0.494996171875 0.658988371875 0.4967042046875 0.6551619546875 0.49937145625 0.6504860921875 0.508082825 0.6484957796875 0.5134735234375001 0.651548546875 0.5198195203125 0.6588851234375 0.5272606468750001 0.667898371875 0.5280342953125 0.675249325 0.52660200625 0.6799369468750001 0.5230696296875 0.6844429187500001 0.515567084375 0.6855341296875 0.5095569453125 0.68299886875 0.5030371390624999 0.67925870625 0.49807377500000005
0 0.49289865156249996 0.5049189296875001 0.49982749374999996 0.51526123125 0.5067707125 0.5167301171875 0.5310072953125 0.5161917078125 0.5357288953125 0.5124175671875 0.53410843125 0.46781263749999996 0.5317809578125 0.4615685734375 0.52773499375 0.45878109062499994 0.5146836218749999 0.4586726203125 0.500219559375 0.4598448484375 0.4966688859375 0.4623043125 0.49285422968750003 0.47015055468750006 0.489885096875 0.47022635 0.48567708437499996 0.472100353125 0.4814991296875 0.47200625937499996 0.47387243437500004 0.47364633593749994 0.46731080937499997 0.4729707 0.4582675046875 0.4741651453125 0.4380690453125 0.47403837656250003 0.43168515156250004 0.475606578125 0.43003069531250004 0.47685329843749996 0.42765878749999997 0.4814507484375 0.42646564375 0.48818618125 0.42775026250000003 0.4913252015625 0.42846117968749997 0.5003005515625001 0.43362187343749997 0.507435878125 0.4362433859375 0.50632506875 0.44984624375 0.506017965625 0.45806624218750003 0.5071732109375 0.46552304843750003 0.5067419578125001 0.4696970828125 0.5051097203125 0.49289865156249996 0.5049189296875001
0 0.6049389 0.6269238703125 0.602071703125 0.626274371875 0.5969985640625 0.62728716875 0.56638070625 0.615341371875 0.5649562546875 0.6114430796875 0.55329535625 0.6154746656250001 0.5515729453125 0.617204915625 0.55119526875 0.618137996875 0.5536887109374999 0.62144690625 0.5588755437499999 0.6248878078125 0.5891157265625 0.6377666859375 0.59810675625 0.6439610906250001 0.5997991093749999 0.6441989359375 0.6006942921875 0.6430920453125 0.6057099328125 0.63196303125 0.606045790625 0.6278190546875 0.6049389 0.6269238703125
0 0.5759964906249999 0.31887254062500003 0.58072593125 0.3185510609375 0.5903965171875 0.3199101734375 0.5960172203125 0.31675547187499997 0.59786378125 0.308879171875 0.5992790890624999 0.2935460640625 0.6030101109375 0.27927802968750004 0.6003088812499999 0.2756933765625 0.587937065625 0.2707496125 0.5856853890625 0.26747468125 0.582092896875 0.2667232484375 0.5810239046875 0.26731263125 0.5773752156249999 0.27222372031250003 0.574867396875 0.27778822812500004 0.5723517359375 0.27990007499999997 0.48563663437500004 0.2566187640625 0.4770049828125 0.25663836406249996 0.47421749999999996 0.26068432812500003 0.4732099265625 0.273116259375 0.47415084687500003 0.276946596875 0.4770559421875 0.2790806609375 0.5394168484375 0.2967203515625 0.5625622203125 0.30219208124999997 0.5646400890625001 0.30494950625 0.5644898 0.31478998125 0.5667114203125 0.320033009375 0.5705456765625 0.32081841875 0.5759964906249999 0.31887254062500003
0 0.535212690625 0.5283701140625 0.5561220640625 0.537472234375 0.5597785921875 0.53601380625 0.565221565625 0.5306152671875 0.5747431796875 0.5119837078125 0.575184890625 0.5088407671875 0.5792752906249999 0.5007867375 0.585499753125 0.48982761249999995 0.588325134375 0.4872662140625 0.5912446078125 0.4805268625 0.59521085625 0.4786188828125 0.599736428125 0.47974799062500006 0.603358978125 0.47853132656249997 0.6051493453125001 0.476317546875 0.6112339765625 0.46459915 0.615520403125 0.45164187031249997 0.6152747187500001 0.4498815625 0.6088712234375 0.4428181125 0.600545371875 0.4406618296875 0.579284459375 0.42879836562499996 0.570924628125 0.42688384843750005 0.56733605625 0.427858746875 0.5644427203125 0.430903675 0.5545133734375 0.452436409375 0.5541474578125001 0.45854848125 0.55916048125 0.461471875 0.5599916281249999 0.46257484531250004 0.5593421296875001 0.46544204375 0.5446728859375 0.49789600624999997 0.5383125109375 0.509822190625 0.5356949171875 0.51265933125 0.5331309015625 0.5238863593749999 0.5334824390625 0.5266477046875 0.535212690625 0.5283701140625
1 0.6246656296875 0.49533201718750003 0.622304178125 0.48932971875 0.6174950234375001 0.4849557375 0.6081302359375 0.48142074218750003 0.6032269875 0.48122471562499997 0.5973984984375 0.4841036734375 0.588748546875 0.4912703609375 0.5880271734375 0.49289475781250003 0.589343153125 0.509844421875 0.5907297046875 0.5122581484375 0.5950174328125 0.5150796093750001 0.6052813234375 0.51923404375 0.6095612109374999 0.51860284375 0.6179733171875 0.513128509375 0.6231405484375 0.5079377578125001 0.6247453453125 0.5000274796874999 0.6246656296875 0.49533201718750003
0 0.329595125 0.4476990640625 0.3427262125 0.452502996875 0.351221953125 0.45345045624999997 0.37323037812500004 0.459995096875 0.37744231093749997 0.4598474265625 0.381926065625 0.4577656375 0.3852571921875 0.4498514390625 0.38829689843750004 0.43523970624999997 0.385489815625 0.43065401718749996 0.3701828453125 0.425544284375 0.36655245625 0.42330828593750003 0.33024201875000003 0.4132743875 0.3238463640625 0.4096635984375 0.32249378906250004 0.40700810625 0.32237225468749997 0.3991017484375 0.3164261515625 0.3958006796875 0.297526690625 0.3899395140625 0.2924496328125 0.3892259796875 0.288551340625 0.3906504296875 0.2855900484375 0.3941788859375 0.28332399375 0.399777371875 0.27893955312499996 0.41518627500000005 0.275502571875 0.4220994359375 0.2739474328125 0.436673271875 0.27734389843749996 0.44232795312500006 0.28453280312499996 0.445557146875 0.30343226562500003 0.4514183125 0.307678175 0.4510288765625 0.3133289359375 0.44590607968749996 0.31785058906249997 0.44530885781249996 0.329595125 0.4476990640625
0 0.49527964999999996 0.701992425 0.4946183921875 0.69968063125 0.5010571796875001 0.6766711703125 0.5007317796875 0.6702154 0.498895675 0.667491953125 0.49502352031249997 0.6652219781250001 0.486455903125 0.6630317171875 0.48276147812500003 0.6630055796875001 0.4781757890625 0.6658126625 0.47449704375 0.672691846875 0.46922134218749995 0.6909339703125 0.4670154015625 0.6925962640625001 0.462629659375 0.6922264296875 0.458489603125 0.6936169015625 0.45299827343750004 0.708130621875 0.45074397812500006 0.7189080984375 0.4515450671875 0.7219791625 0.45465795 0.72438896875 0.48444466249999996 0.7352317968750001 0.48838085312499996 0.7352919124999999 0.4927966515625 0.733693653125 0.49657733125 0.726089175 0.50123359375 0.7087461546875 0.500398525 0.7059168546875 0.49527964999999996 0.701992425
1 0.4677433390625 0.5874260171875 0.47108230781250005 0.5829644796875 0.4746813375 0.571389834375 0.4732529671875 0.5657652109375 0.4633772109375 0.5500779484375 0.456875703125 0.545466121875 0.4501402703125 0.544272978125 0.4445117265625 0.54397501875 0.43343237031250004 0.5456229359375 0.42859707656249996 0.5449433796875 0.4267348359375 0.5459143578125001 0.4188219390625 0.55836196875 0.41524904687499997 0.5662421890625 0.4127830453125 0.57501759375 0.4181972640625 0.5873658890625 0.421869471875 0.5928127828124999 0.4287564953125 0.5999441890625 0.4324208625 0.601938421875 0.4353220390625 0.60234615625 0.4561399375 0.601573821875 0.4621422375 0.5992123703125001 0.4669579296875 0.591260275 0.4677433390625 0.5874260171875
0 0.4655309671875 0.23653530156250002 0.47139343437500003 0.2334145796875 0.47722584531249995 0.2322619515625 0.48995573593749997 0.22764098281249998 0.49533467499999995 0.2244523046875 0.509031625 0.21996724687500002 0.515377621875 0.2169144796875 0.5184447671875 0.214387059375 0.5211943515625 0.20885652968750001 0.5214282765625 0.205437846875 0.5209029296875001 0.20215899531249998 0.5171209484375 0.193984734375 0.5141478968750001 0.1923341984375 0.5087611171875001 0.1920702171875 0.4489040984375 0.2127495734375 0.4434153875 0.21321088437500002 0.4399888640625 0.2095243 0.43549726875 0.20815342656250002 0.4200060328125 0.213125934375 0.41514852187500006 0.217867134375 0.4147525484375 0.22594730156249998 0.4212174609375 0.2448533 0.426072353125 0.254164509375 0.4291852359375 0.256574315625 0.433537 0.2571859171875 0.441163696875 0.2555458390625 0.4468863328125 0.25166584531249997 0.45263118750000003 0.24236509375 0.45545656718750005 0.2398036953125 0.4655309671875 0.23653530156250002
0 0.585376878125 0.6029721734375 0.5875788984375 0.5995835484375001 0.5995782734375 0.5773555765625 0.600601528125 0.5718289671875 0.6096396109375 0.5531294531250001 0.6099114343750001 0.5511953359375 0.6089404546875 0.54933309375 0.5934831968750001 0.5540638359375001 0.5838844859375001 0.553947525 0.5777305953125 0.5503707125 0.57251370625 0.54889790625 0.5591029562500001 0.5425754296874999 0.5526654843750001 0.5357537437500001 0.544679409375 0.531179815625 0.5321716828125 0.527203109375 0.5238758890625 0.5230787328125001 0.5227350203125 0.5224253140624999 0.521865975 0.519837778125 0.5176841 0.5180173546875 0.5089805734375 0.516794153125 0.5012820015624999 0.5171914296875 0.4968779609375 0.5239686796874999 0.4927575046875 0.5339908046875 0.49217988124999995 0.5381008031250001 0.4928450609375 0.542138928125 0.49551231093750003 0.54596534375 0.49955827499999994 0.5487528265625 0.5100338718749999 0.554909334375 0.5706619093749999 0.5848790234375 0.5741263296875 0.590050175 0.578331725 0.60222858125 0.5813426749999999 0.6053636828125 0.585376878125 0.6029721734375