1 0.588091471875 0.17456032187499998 0.5812846078125 0.17355447968749999 0.5744395921875001 0.1745615453125 0.567288096875 0.1786428890625 0.5647958531249999 0.182449328125 0.5630904906249999 0.193849828125 0.5648550015625 0.198973421875 0.5733688328125 0.20486497343750001 0.5787186296875 0.20744466875 0.5869250187499999 0.20663877187500002 0.5947858125 0.20114833281250002 0.5963001046875 0.1965551203125 0.5973346390625001 0.18780805 0.59683580625 0.18466064843750002 0.5923866984374999 0.1771218125 0.588091471875 0.17456032187499998
0 0.4936234875 0.487319365625 0.45793444375 0.49255616562500004 0.45416169999999995 0.49189774062499997 0.4508415453125 0.48988514062500005 0.44878565000000004 0.492099521875 0.44899365312499995 0.49731474999999997 0.4513335609375 0.5060615125 0.4525221234375 0.5077998203125 0.45446510937499995 0.508366915625 0.45863351406249997 0.5041760390625 0.46146291406250006 0.5030412359375 0.4968876578125 0.4956085671875 0.500358253125 0.49282678593749996 0.501018215625 0.490173353125 0.500131484375 0.488618009375 0.4936234875 0.487319365625
0 0.2693434671875 0.5425488406250001 0.2786642765625 0.5386868703125 0.2857621265625 0.5340748390625001 0.2903381234375 0.5285297875 0.2918880265625 0.5231680046875 0.2902064796875 0.519288746875 0.2924288140625 0.5135243218750001 0.27852981875 0.50013065 0.2755037234375 0.5003139187500001 0.270403959375 0.49820999062500004 0.264518703125 0.4862612109375 0.2409036546875 0.445749146875 0.23479477499999998 0.43936331875 0.22700528593749997 0.438869959375 0.21925358906249998 0.4428781796875 0.216713465625 0.4462088515625 0.21574245468750003 0.44968577187500003 0.2180221 0.45718819843749997 0.2474477578125 0.5104176125000001 0.243731271875 0.5185244609375 0.24361946093750003 0.5213059375 0.2455627328125 0.5273810640625001 0.251242325 0.5373718578125 0.25372700937500003 0.5403177859375 0.25850929843750003 0.5432452046875 0.264430784375 0.5434093515625 0.2693434671875 0.5425488406250001
1 0.6169133203125 0.2130955828125 0.6131298843749999 0.207167009375 0.6059650249999999 0.2034895328125 0.5895916953125 0.20285053749999998 0.5811856578125 0.20596214375000002 0.5808419406249999 0.20779208593749998 0.5829248437500001 0.2120921890625 0.5843203124999999 0.220052178125 0.5868809359375 0.225248896875 0.59614834375 0.23873450937500001 0.5978105453125 0.23911864062500002 0.6059492140625 0.2370684078125 0.6120052984375 0.2339753125 0.6167235734375 0.2264173546875 0.6178694015625 0.22140329374999998 0.6169133203125 0.2130955828125
1 0.5624957046875 0.27815399375 0.5709745078124999 0.27623180468749997 0.5737322812500001 0.273852665625 0.5780177156249999 0.267118196875 0.57825965625 0.263806034375 0.5829925171875 0.25897463125 0.5928861921874999 0.24244961874999998 0.5942834625 0.23862497500000002 0.5932579046875001 0.2320922875 0.5791674359375001 0.2079753546875 0.5689734 0.20151670781250003 0.5582207046875001 0.1991937125 0.542772228125 0.1996892140625 0.5295976421875 0.2044299 0.5198896671875 0.214147625 0.5123063390625 0.22639043124999997 0.5097348890625 0.22847676875 0.5076297171874999 0.2347169609375 0.51096655625 0.2467391703125 0.5147687359375 0.25314350937499996 0.516632903125 0.2599872046875 0.52472145625 0.26942880156250004 0.5244795156250001 0.2727409640625 0.5252995890625 0.2740584234375 0.52952971875 0.27360055625 0.5365927125 0.2765094640625 0.5510351078125 0.278246546875 0.5624957046875 0.27815399375
0 0.7741580421875 0.514778284375 0.777753075 0.5117037 0.7807362828125 0.5060123984375 0.785385003125 0.474885175 0.7818437328125001 0.458654190625 0.7810837921875 0.45757461250000003 0.7775625078124999 0.4566233859375 0.75927175 0.46630531406250003 0.753304403125 0.4679161890625 0.7347717984375 0.46788131093749996 0.672335140625 0.46457496249999997 0.665885959375 0.466295678125 0.664347953125 0.46840021875 0.6613659859375 0.4871204890625 0.6615887765624999 0.49132926406250005 0.6646285359374999 0.4956475734375 0.6685944734375 0.49524462500000005 0.6969125593750001 0.4980600609375 0.72623119375 0.4986429125 0.7349601953125 0.5001609296875 0.7517507515624999 0.5003423625 0.7609434625 0.506014234375 0.769246865625 0.514394459375 0.7741580421875 0.514778284375
1 0.519362590625 0.2654036015625 0.516761228125 0.2614512203125 0.5146133578125001 0.2604083578125 0.507716909375 0.26088473749999996 0.5028304578125 0.2629346640625 0.5010968734375 0.266814228125 0.5011174656249999 0.2755795015625 0.49985697656249994 0.28136213125 0.50178921875 0.293475975 0.5050015546875 0.2988007375 0.5077012609375 0.300978096875 0.5158980609375 0.299220665625 0.51725755 0.29817749843749997 0.5206263765625 0.29219339375 0.5204280453125001 0.27945722812499996 0.5217676015625 0.2761632703125 0.521294178125 0.2710029625 0.519362590625 0.2654036015625
0 0.7039254515625 0.26015272500000003 0.706893828125 0.2554678765625 0.7085072296875 0.2460802828125 0.7071334874999999 0.23912674687500002 0.7043869328125 0.2349914015625 0.7017705249999999 0.2335826125 0.6937917765625 0.23314417187499997 0.6266236046875 0.2479360796875 0.6207228421875 0.24552114375 0.615842303125 0.23986717031250002 0.6086982546875 0.23648249531249999 0.604894559375 0.23759909375000002 0.600868421875 0.2410214015625 0.5993097765625001 0.24087515312500002 0.59749115 0.238533034375 0.5971939390625 0.23509282968749998 0.5958765078125 0.23489166093749997 0.5952642484374999 0.2355321859375 0.5962109453125 0.239576203125 0.5953947046875 0.24151598437500002 0.5968050546875 0.243199371875 0.5960826609375001 0.25639310000000004 0.596844765625 0.270501646875 0.5990166 0.2797790953125 0.6054751734375 0.2943445921875 0.6113205578125 0.2997788859375 0.6195589781249999 0.299155953125 0.6258298578125 0.2912135578125 0.6285939390624999 0.2845707234375 0.632434553125 0.28144121875 0.681827221875 0.26994479843749997 0.6972832171875 0.2654234859375 0.7039254515625 0.26015272500000003
1 0.60236025625 0.44664850625 0.5933291609375 0.44388615312499996 0.5890714703125 0.4435754515625 0.58353479375 0.4455522546875 0.5750393609375 0.453696125 0.573436203125 0.4600643609375 0.57586185 0.46904900781250003 0.5750029703124999 0.4719952421875 0.5793565890625 0.4770454046875 0.5927599796874999 0.4805942265625 0.5995949515625 0.4785807078125 0.6079567890625001 0.47096752343750004 0.611030146875 0.4652762234375 0.6082223828125 0.453619940625 0.606255465625 0.449795603125 0.60236025625 0.44664850625
1 0.338970571875 0.58922338125 0.33735175 0.5813183125 0.33501820625 0.5758287921874999 0.3306902359375 0.5695342921875 0.3249325078125 0.564813646875 0.31366226406250003 0.561831921875 0.303220303125 0.5634248984375 0.29076582968750003 0.571733834375 0.28401230312500003 0.5812682890625 0.28194331875 0.5877463640625 0.283242371875 0.5964749234375 0.2885867453125 0.607051321875 0.2953605625 0.612796625 0.3044860109375 0.6165105109375 0.312519871875 0.6167110671875 0.3171669828125 0.61566759375 0.3252757140625 0.6118423374999999 0.33408013593749997 0.60335074375 0.3367137859375 0.5992515015625 0.338970571875 0.58922338125
0 0.5478960703125 0.4707718640625 0.5558056296875 0.4654643890625 0.5574389531249999 0.458327584375 0.56061355 0.4523434796875 0.562654815625 0.4393509203125 0.5657552140625 0.4341353859375 0.565587409375 0.4269072515625 0.5627459359375 0.42128968593750005 0.5519388640625 0.41748447187500004 0.5344473015625 0.4144484390625 0.53015815625 0.4156748765625 0.523901325 0.42261081875000006 0.47599410937500003 0.41020845625 0.4685482171875 0.40989806093750003 0.46455618281250005 0.41130746250000005 0.46234680156249996 0.41381464531249995 0.45909800624999997 0.42056731875000003 0.4579474453125 0.42759428593750004 0.459972103125 0.43515163125 0.46366765 0.4400737515625 0.5067841765625001 0.45156160156249997 0.5116490671875 0.45170754375 0.5156044671875 0.45556829062500004 0.5179077624999999 0.4643150546875 0.5226615078125 0.467242471875 0.5305901609375 0.46744302812500005 0.5400231437499999 0.4708091921875 0.5478960703125 0.4707718640625
0 0.8142489906250001 0.65225571875 0.8226448796874999 0.655603678125 0.8292983421875 0.6558409484375 0.8399738203125 0.659170396875 0.84423645 0.6589504125000001 0.847998478125 0.656589478125 0.8507039890625 0.652966003125 0.8536132421874999 0.6480432703125001 0.8578743234375 0.631537075 0.858522425 0.6256264015624999 0.8577615296875001 0.6147750984375 0.8567418874999999 0.6114996515625 0.851533365625 0.6044183765625 0.8259569687500001 0.5992238015625 0.8219352656250001 0.5993888671875001 0.8145780765625 0.6048243859375 0.8072946390625001 0.60623409375 0.7807917171875001 0.6025035328125 0.7594038875 0.5978575421875 0.7445957734374999 0.5974746343749999 0.7356820875000001 0.6060211468750001 0.7359233234375 0.6092234703125 0.73484868125 0.6122246234375 0.7362582984375 0.6236797390625 0.7387050656249999 0.6276321203124999 0.744042959375 0.6309254656250001 0.7525497796875 0.6314919484375 0.75540403125 0.63284581875 0.7769956031249999 0.636192553125 0.7955479265625 0.6417354640624999 0.8032022859374999 0.6429973921875 0.8113759921874999 0.648651059375 0.8142489906250001 0.65225571875
1 0.34824876875 0.5186245078125 0.3430005109375 0.51053678125 0.33964565625 0.5082862984375 0.3159941953125 0.504848234375 0.3101657765625 0.5051598546875 0.30072117187499997 0.5140540890625 0.2934881734375 0.5247048375000001 0.2917647625 0.5326102125000001 0.2952144046875 0.5461146421875 0.30228085937500004 0.5575509390625 0.3094964671875 0.5609356140624999 0.322502890625 0.56276433125 0.3284065125 0.564941384375 0.34015688593750004 0.5625431234375 0.35016332031249997 0.5495132359375 0.3562723421875 0.5438765484375 0.3580336671875 0.5404727515625 0.34824876875 0.5186245078125
0 0.57238804375 0.5092343078125 0.5733998359375 0.5070017234375 0.5800877234375 0.47993672031249995 0.5793002859375 0.47660635312500005 0.5773509640625 0.47378846875 0.5742397578125 0.47148306562500003 0.5698355296875001 0.47022083124999997 0.55495506875 0.46806290156249997 0.5477587765624999 0.47018625937499997 0.542174021875 0.47044295781249995 0.5341526921875001 0.4679916125 0.52615031875 0.4677910578125 0.5220086765625 0.4687246921875 0.516855240625 0.47189091093749996 0.5138015328125001 0.4828523609375 0.5149640437499999 0.4888543625 0.5197247 0.4937946875 0.5391032375 0.498697071875 0.541371075 0.5006914671875 0.5441827234375001 0.5060711484375 0.546169334375 0.5068761265624999 0.5562708078124999 0.508357428125 0.564835634375 0.5109368171875001 0.5684151359375 0.5108815921875001 0.57238804375 0.5092343078125
1 0.5927926828125 0.5371385562500001 0.5893568390625 0.5291421578125 0.5841191968749999 0.5233052203125 0.5802896328125 0.5201581234375 0.5782808515625 0.51710235625 0.5730622000000001 0.5135162078125 0.569439303125 0.512327096875 0.5534092375 0.5151832265625 0.5418654625 0.5185330218749999 0.5310182718750001 0.5432744171875 0.53062455 0.54812371875 0.5331966859375 0.5535583187500001 0.5449673734375 0.56744626875 0.5516877859375 0.571947234375 0.5591586078125 0.572019746875 0.5747569765625 0.5695113390625 0.5817957859375 0.5666743328125 0.5878202421875 0.5562981828125 0.5921926078124999 0.5432871125000001 0.5927926828125 0.5371385562500001
0 0.413994228125 0.53611221875 0.4418628625 0.5350116828125 0.45453898906249995 0.5361267515625 0.4854609765625 0.5350808296875 0.49075333125 0.5338725953125001 0.49391745 0.531145734375 0.4959705 0.5204039640625 0.4940453890625 0.5143288375 0.491269415625 0.512206396875 0.4848850203125 0.5109077531249999 0.4645109234375 0.511550115625 0.45303760468750004 0.5101604484375 0.448466934375 0.5112039234375 0.44152746875000004 0.5107836875 0.41850719375 0.5120301671874999 0.4115121890625 0.5113720484375001 0.3941914453125 0.5120690234375 0.3919892640625 0.511318965625 0.3881218671875 0.5132041328125 0.38482764375 0.509947196875 0.3818657203125 0.49834583437499996 0.38016307031249996 0.4964794828125 0.3602704046875 0.5002692468750001 0.35775402343749996 0.5035999203125 0.355627025 0.515110259375 0.3561100046875 0.5345438734375 0.3578688125 0.5431625921875 0.35881265 0.5439493671875 0.36467910312499996 0.54737075625 0.3774107671875 0.5487237078125 0.3809639625 0.5509192703125 0.384701871875 0.5495647890625001 0.3860332375 0.538987778125 0.39069626562500004 0.5361692812500001 0.40035585625000003 0.5352168296875 0.413994228125 0.53611221875
0 0.5469826984374999 0.40377887343749996 0.5466501312500001 0.4121233 0.5479097984375 0.415343828125 0.565171084375 0.42192990625000004 0.5725976421875 0.4222403015625 0.5788382296875 0.41530435781249997 0.58796601875 0.38816592499999997 0.5878913921875 0.3824200109375 0.585909459375 0.3793642421875 0.5751488703125001 0.374552575 0.568351528125 0.3693379578125 0.564203109375 0.370033709375 0.560869696875 0.372046921875 0.5588143765625 0.3762742078125 0.5544255125 0.380282121875 0.5534069109375 0.3802639171875 0.534923425 0.3749588890625 0.5198105109375 0.3688849875 0.4943632453125 0.3609089359375 0.48473242499999997 0.3565912390625 0.46995300625 0.35194463593749997 0.464137728125 0.35201837187499996 0.459137453125 0.35340956874999996 0.4569715875 0.3636755734375 0.45941691562500003 0.370885196875 0.46378797499999996 0.3743982203125 0.50156995 0.38632573593749997 0.5170347843750001 0.3928204859375 0.522887221875 0.39399108437499997 0.526443275 0.3961866484375 0.538851990625 0.3993695421875 0.54453768125 0.3998264921875 0.54572303125 0.400558346875 0.5469826984374999 0.40377887343749996
0 0.3388215390625 0.47836730781250003 0.33921171562499997 0.4767752484375 0.3438768890625 0.4749632046875 0.3537468921875 0.4779816453125 0.3568880359375 0.4772676890625 0.362259284375 0.47304009843749995 0.3778151984375 0.45797848906249994 0.37848398125 0.45431860312500005 0.3767177015625 0.4489571265625 0.3626457296875 0.4323611328125 0.355322046875 0.4282628078125 0.35255227968749997 0.425133915625 0.344410640625 0.41971813124999996 0.338946003125 0.41920626250000004 0.32167990468749996 0.43240152031249995 0.3174240203125 0.4381295359375 0.317926384375 0.443527728125 0.320714953125 0.448907409375 0.319934603125 0.452091528125 0.3108277015625 0.459924390625 0.2970932296875 0.4740708765625 0.2849382640625 0.48409991406249997 0.2783034109375 0.4916214640625 0.2776161359375 0.49628780156249996 0.2778022890625 0.499252240625 0.28001452968749996 0.5032595421875 0.2885281625 0.5113469625 0.2951081671875 0.51335925625 0.2997548484375 0.512553665625 0.30538621718750003 0.5072647015625 0.3139543921875 0.5025610359375 0.31733685 0.49853491875 0.328023565625 0.4898418515625 0.3388215390625 0.47836730781250003
1 0.4625921953125 0.2564972828125 0.4630616703125 0.2508794109375 0.46187642812499996 0.24262662031249999 0.4625529015625 0.2389667359375 0.46112388437499996 0.23728334687500002 0.46106714374999996 0.23378822187499998 0.459130615625 0.2332211265625 0.4551253734375 0.2261031375 0.445329565625 0.2195346515625 0.440742 0.21755876718749997 0.43241324375 0.21717524687499998 0.4279011203125 0.217688034375 0.4170535078125 0.2218795234375 0.41019180625 0.2276809703125 0.4080115015625 0.2336832796875 0.4075607296875 0.238294696875 0.406244878125 0.24034431875 0.40622680312500004 0.24786525468749998 0.40449758437499994 0.2525133890625 0.4074878015625 0.2618639625 0.412959465625 0.2686524328125 0.4266286484375 0.27961235156250003 0.430689684375 0.28045373906250004 0.44475227031250003 0.27679263125000003 0.4507495203125 0.274943871875 0.4580062 0.270807609375 0.4625921953125 0.2564972828125
1 0.6303839140624999 0.2248971953125 0.626893996875 0.2246596171875 0.6183718984375 0.2265268875 0.6122987531249999 0.23086431875 0.6108917296875 0.2359332984375 0.6111618828125 0.23812916875 0.6167155125 0.24467975625 0.6243513921875 0.250022415625 0.6375971546875 0.24586733593750001 0.6398721859375 0.24436660625 0.641568546875 0.2404870421875 0.64087381875 0.23437519999999998 0.6383474921875 0.22941636562499998 0.6352815046875 0.22658027656250002 0.6303839140624999 0.2248971953125