1 0.223388671875 0.42236328125 0.228515625 0.42724609375 0.240234375 0.435302734375 0.244384765625 0.435791015625 0.248046875 0.4345703125 0.260009765625 0.428466796875 0.261962890625 0.425537109375 0.263916015625 0.415771484375 0.263427734375 0.407470703125 0.255859375 0.400390625 0.247802734375 0.395263671875 0.24462890625 0.394287109375 0.239990234375 0.39453125 0.22900390625 0.3994140625 0.224853515625 0.403076171875 0.22314453125 0.40771484375 0.222412109375 0.41943359375 0.223388671875 0.42236328125
1 0.294677734375 0.375244140625 0.298828125 0.38671875 0.301025390625 0.3876953125 0.302978515625 0.39013671875 0.31005859375 0.392822265625 0.32958984375 0.3974609375 0.335205078125 0.397216796875 0.339111328125 0.39599609375 0.341552734375 0.396728515625 0.344482421875 0.395263671875 0.357421875 0.395263671875 0.3603515625 0.39306640625 0.351318359375 0.384521484375 0.35205078125 0.3818359375 0.357421875 0.375732421875 0.357421875 0.371337890625 0.35498046875 0.36767578125 0.35400390625 0.36376953125 0.349853515625 0.357666015625 0.345458984375 0.34130859375 0.341796875 0.3359375 0.32470703125 0.331298828125 0.31884765625 0.33056640625 0.310302734375 0.3310546875 0.305419921875 0.334228515625 0.294677734375 0.3447265625 0.2900390625 0.35205078125 0.28955078125 0.358154296875 0.294677734375 0.375244140625
1 0.65771484375 0.46630859375 0.661376953125 0.46728515625 0.6728515625 0.466796875 0.677490234375 0.4658203125 0.683837890625 0.4599609375 0.688232421875 0.451416015625 0.689697265625 0.443603515625 0.685791015625 0.4365234375 0.67822265625 0.42822265625 0.6650390625 0.427490234375 0.658447265625 0.428955078125 0.65576171875 0.43115234375 0.650146484375 0.4404296875 0.646484375 0.448974609375 0.646484375 0.4521484375 0.65771484375 0.46630859375
0 0.67236328125 0.404296875 0.708740234375 0.41552734375 0.711181640625 0.41748046875 0.712646484375 0.42041015625 0.716796875 0.420166015625 0.718017578125 0.41845703125 0.720458984375 0.4130859375 0.72314453125 0.40234375 0.720703125 0.400146484375 0.715087890625 0.40185546875 0.711181640625 0.40185546875 0.705810546875 0.39990234375 0.697265625 0.399658203125 0.689453125 0.396728515625 0.673828125 0.39404296875 0.6689453125 0.3955078125 0.66748046875 0.39697265625 0.6669921875 0.3994140625 0.67236328125 0.404296875
1 0.282958984375 0.481689453125 0.28466796875 0.486572265625 0.302734375 0.5048828125 0.310302734375 0.510009765625 0.314453125 0.51025390625 0.334228515625 0.50439453125 0.3427734375 0.501220703125 0.345947265625 0.498291015625 0.3515625 0.474853515625 0.350830078125 0.466552734375 0.345703125 0.460205078125 0.32568359375 0.442626953125 0.3212890625 0.44140625 0.310546875 0.443359375 0.302001953125 0.44580078125 0.291015625 0.450927734375 0.287109375 0.456787109375 0.2841796875 0.468505859375 0.282958984375 0.474609375 0.282958984375 0.481689453125
0 0.685546875 0.525634765625 0.697265625 0.5283203125 0.710693359375 0.529541015625 0.753173828125 0.53076171875 0.756591796875 0.533447265625 0.75830078125 0.53662109375 0.7578125 0.53955078125 0.759765625 0.54248046875 0.763427734375 0.544189453125 0.777587890625 0.5458984375 0.791748046875 0.54541015625 0.794921875 0.543701171875 0.798828125 0.539306640625 0.800048828125 0.53271484375 0.802734375 0.52587890625 0.803955078125 0.51416015625 0.802734375 0.49365234375 0.798583984375 0.487060546875 0.792236328125 0.485107421875 0.76416015625 0.483642578125 0.762939453125 0.48388671875 0.7607421875 0.48681640625 0.7578125 0.49560546875 0.756103515625 0.49609375 0.741455078125 0.494140625 0.731689453125 0.494384765625 0.716552734375 0.49267578125 0.689208984375 0.4921875 0.685791015625 0.494140625 0.68310546875 0.498291015625 0.681396484375 0.50830078125 0.681640625 0.521728515625 0.685546875 0.525634765625
1 0.357666015625 0.36669921875 0.375 0.39013671875 0.37841796875 0.392822265625 0.380126953125 0.3955078125 0.4033203125 0.396484375 0.410400390625 0.395751953125 0.427001953125 0.396240234375 0.431640625 0.39404296875 0.435302734375 0.385986328125 0.439208984375 0.382080078125 0.44921875 0.360595703125 0.451416015625 0.35498046875 0.45166015625 0.350830078125 0.4501953125 0.3466796875 0.424072265625 0.313720703125 0.41748046875 0.312255859375 0.402587890625 0.312255859375 0.38818359375 0.313720703125 0.375244140625 0.320068359375 0.372802734375 0.3193359375 0.364990234375 0.330810546875 0.357177734375 0.34716796875 0.3544921875 0.355712890625 0.3544921875 0.360107421875 0.357666015625 0.36669921875
0 0.347412109375 0.299072265625 0.353759765625 0.30615234375 0.361328125 0.3125 0.373046875 0.3193359375 0.380859375 0.316162109375 0.383056640625 0.31396484375 0.38427734375 0.310302734375 0.388671875 0.30615234375 0.392333984375 0.299072265625 0.39208984375 0.286376953125 0.431396484375 0.236328125 0.4345703125 0.22900390625 0.434326171875 0.225830078125 0.431640625 0.219970703125 0.427978515625 0.216796875 0.423583984375 0.21484375 0.419677734375 0.214599609375 0.41455078125 0.217041015625 0.38818359375 0.248779296875 0.37353515625 0.268310546875 0.369384765625 0.2705078125 0.361328125 0.26953125 0.357666015625 0.27197265625 0.3486328125 0.28173828125 0.34521484375 0.2880859375 0.34521484375 0.294189453125 0.347412109375 0.299072265625
0 0.451416015625 0.355712890625 0.4521484375 0.356689453125 0.455078125 0.35693359375 0.473876953125 0.351318359375 0.521240234375 0.374267578125 0.523681640625 0.376953125 0.52880859375 0.380126953125 0.53466796875 0.38037109375 0.54833984375 0.387939453125 0.552490234375 0.388427734375 0.556396484375 0.386962890625 0.559326171875 0.38427734375 0.5703125 0.36376953125 0.5703125 0.360595703125 0.56884765625 0.358154296875 0.560302734375 0.352294921875 0.556640625 0.351318359375 0.533447265625 0.339599609375 0.520751953125 0.334716796875 0.488037109375 0.319091796875 0.484375 0.312744140625 0.478759765625 0.29638671875 0.4775390625 0.295654296875 0.474365234375 0.29541015625 0.470458984375 0.301513671875 0.461181640625 0.32177734375 0.45947265625 0.329345703125 0.45458984375 0.337158203125 0.451171875 0.345947265625 0.451416015625 0.355712890625
0 0.7333984375 0.414306640625 0.740234375 0.421875 0.743896484375 0.421875 0.749755859375 0.41943359375 0.753662109375 0.416015625 0.75927734375 0.413330078125 0.76220703125 0.41015625 0.76806640625 0.40771484375 0.770263671875 0.405029296875 0.77734375 0.400390625 0.787841796875 0.395751953125 0.792724609375 0.3916015625 0.79833984375 0.389404296875 0.807373046875 0.38427734375 0.811279296875 0.380859375 0.818603515625 0.378173828125 0.826416015625 0.373291015625 0.832763671875 0.371337890625 0.837646484375 0.375732421875 0.8427734375 0.3779296875 0.849609375 0.378173828125 0.853515625 0.375732421875 0.85888671875 0.367919921875 0.861572265625 0.366943359375 0.868896484375 0.360595703125 0.87158203125 0.34912109375 0.869873046875 0.343505859375 0.858154296875 0.325439453125 0.849609375 0.321533203125 0.841552734375 0.32080078125 0.8369140625 0.322509765625 0.830078125 0.3271484375 0.822021484375 0.3271484375 0.81787109375 0.330322265625 0.816162109375 0.333984375 0.815673828125 0.338623046875 0.816650390625 0.34521484375 0.815185546875 0.349853515625 0.800537109375 0.359619140625 0.79052734375 0.3642578125 0.76220703125 0.38232421875 0.74267578125 0.392822265625 0.735107421875 0.397705078125 0.73095703125 0.40185546875 0.72998046875 0.40478515625 0.7333984375 0.414306640625
0 0.46337890625 0.410400390625 0.47021484375 0.422119140625 0.47509765625 0.426025390625 0.478759765625 0.427001953125 0.4921875 0.4228515625 0.502685546875 0.417236328125 0.505615234375 0.4130859375 0.506103515625 0.406494140625 0.507568359375 0.40380859375 0.523193359375 0.395263671875 0.526611328125 0.39013671875 0.52685546875 0.384033203125 0.522705078125 0.37548828125 0.517578125 0.37255859375 0.509765625 0.373291015625 0.494384765625 0.38037109375 0.486328125 0.375732421875 0.482421875 0.3759765625 0.462646484375 0.385986328125 0.460693359375 0.388427734375 0.45947265625 0.392333984375 0.460205078125 0.401611328125 0.46337890625 0.410400390625
1 0.388427734375 0.459716796875 0.400146484375 0.47216796875 0.40380859375 0.473388671875 0.411865234375 0.47216796875 0.42041015625 0.46923828125 0.423828125 0.464599609375 0.427490234375 0.454345703125 0.427001953125 0.4482421875 0.423828125 0.442626953125 0.416015625 0.43603515625 0.408935546875 0.433837890625 0.404296875 0.433837890625 0.396484375 0.435546875 0.392578125 0.438232421875 0.388671875 0.44580078125 0.38720703125 0.452392578125 0.386962890625 0.455810546875 0.388427734375 0.459716796875
1 0.2783203125 0.574951171875 0.28515625 0.580322265625 0.294921875 0.585205078125 0.3037109375 0.58349609375 0.314208984375 0.578369140625 0.318603515625 0.572509765625 0.319091796875 0.5595703125 0.31640625 0.553955078125 0.31396484375 0.551513671875 0.3037109375 0.545166015625 0.299072265625 0.54345703125 0.2919921875 0.545166015625 0.28173828125 0.551025390625 0.27880859375 0.553955078125 0.27734375 0.562744140625 0.27685546875 0.5693359375 0.2783203125 0.574951171875
1 0.49755859375 0.439697265625 0.501708984375 0.447021484375 0.51318359375 0.449951171875 0.517578125 0.44970703125 0.525390625 0.443115234375 0.529296875 0.43798828125 0.5302734375 0.430908203125 0.529052734375 0.425537109375 0.52685546875 0.418701171875 0.523681640625 0.416015625 0.51416015625 0.412841796875 0.507080078125 0.412841796875 0.49560546875 0.423095703125 0.49609375 0.43359375 0.49755859375 0.439697265625
0 0.13623046875 0.533447265625 0.1416015625 0.539794921875 0.157958984375 0.546142578125 0.163330078125 0.5537109375 0.16650390625 0.556640625 0.1796875 0.562744140625 0.19677734375 0.564453125 0.208740234375 0.56298828125 0.21630859375 0.55908203125 0.220703125 0.5556640625 0.228271484375 0.542724609375 0.228271484375 0.5283203125 0.224365234375 0.518798828125 0.220703125 0.514404296875 0.215576171875 0.510009765625 0.2099609375 0.5087890625 0.201171875 0.504150390625 0.19384765625 0.502197265625 0.1845703125 0.501953125 0.171875 0.506103515625 0.160400390625 0.503662109375 0.14990234375 0.504150390625 0.142578125 0.507568359375 0.138427734375 0.51123046875 0.13427734375 0.520263671875 0.134765625 0.529541015625 0.13623046875 0.533447265625
1 0.6845703125 0.386962890625 0.688232421875 0.39306640625 0.6884765625 0.3955078125 0.692626953125 0.39990234375 0.71240234375 0.405029296875 0.71630859375 0.408203125 0.720458984375 0.408203125 0.721435546875 0.406005859375 0.72802734375 0.403564453125 0.73583984375 0.395751953125 0.740234375 0.38427734375 0.741943359375 0.372314453125 0.736328125 0.36083984375 0.728759765625 0.35302734375 0.7216796875 0.351318359375 0.707763671875 0.351318359375 0.69921875 0.3544921875 0.694580078125 0.357421875 0.68701171875 0.3662109375 0.68408203125 0.374267578125 0.68359375 0.381591796875 0.6845703125 0.386962890625
0 0.33203125 0.39013671875 0.333984375 0.391357421875 0.337646484375 0.4052734375 0.336181640625 0.409423828125 0.335693359375 0.425537109375 0.336181640625 0.43603515625 0.337890625 0.441162109375 0.34130859375 0.440673828125 0.349365234375 0.436767578125 0.3515625 0.434326171875 0.364501953125 0.42919921875 0.399658203125 0.433837890625 0.405517578125 0.43310546875 0.416015625 0.434326171875 0.447021484375 0.433837890625 0.451171875 0.4326171875 0.454833984375 0.429443359375 0.455810546875 0.42333984375 0.455810546875 0.404541015625 0.455078125 0.401611328125 0.451171875 0.39990234375 0.443359375 0.398193359375 0.432373046875 0.3984375 0.427490234375 0.39697265625 0.412353515625 0.39599609375 0.3857421875 0.396484375 0.380859375 0.396240234375 0.376953125 0.393798828125 0.36181640625 0.393798828125 0.357421875 0.391357421875 0.345458984375 0.37744140625 0.34228515625 0.37646484375 0.333251953125 0.38427734375 0.333984375 0.387939453125 0.33203125 0.39013671875