1 0.63818359375 0.22900390625 0.642578125 0.232666015625 0.650390625 0.233642578125 0.658935546875 0.22998046875 0.661376953125 0.225830078125 0.664306640625 0.217529296875 0.66455078125 0.21435546875 0.662109375 0.2060546875 0.65869140625 0.20263671875 0.652587890625 0.2001953125 0.64599609375 0.19970703125 0.638427734375 0.2021484375 0.63525390625 0.205322265625 0.631103515625 0.216064453125 0.631591796875 0.221435546875 0.63818359375 0.22900390625
0 0.45263671875 0.4970703125 0.454345703125 0.498046875 0.459228515625 0.494873046875 0.462158203125 0.494384765625 0.497314453125 0.494873046875 0.501220703125 0.492919921875 0.50244140625 0.490478515625 0.501953125 0.48876953125 0.49609375 0.486083984375 0.461181640625 0.4833984375 0.457763671875 0.48193359375 0.455078125 0.479248046875 0.45263671875 0.48095703125 0.45166015625 0.486083984375 0.451904296875 0.4951171875 0.45263671875 0.4970703125
0 0.251708984375 0.453369140625 0.246337890625 0.46044921875 0.24560546875 0.463134765625 0.24609375 0.469482421875 0.249267578125 0.48046875 0.2509765625 0.48388671875 0.2548828125 0.48779296875 0.260498046875 0.4892578125 0.265380859375 0.489501953125 0.275146484375 0.48779296875 0.282958984375 0.48486328125 0.28857421875 0.48046875 0.291259765625 0.4755859375 0.29052734375 0.471435546875 0.2939453125 0.46630859375 0.28369140625 0.4501953125 0.28076171875 0.44970703125 0.2763671875 0.446533203125 0.2734375 0.43359375 0.260009765625 0.388916015625 0.255615234375 0.38134765625 0.248291015625 0.379150390625 0.239990234375 0.38134765625 0.23681640625 0.384033203125 0.235107421875 0.38720703125 0.235595703125 0.39501953125 0.251708984375 0.453369140625
1 0.645751953125 0.246337890625 0.64697265625 0.251953125 0.652587890625 0.26708984375 0.654052734375 0.267822265625 0.662109375 0.267578125 0.66845703125 0.265869140625 0.674560546875 0.259521484375 0.6767578125 0.2548828125 0.677734375 0.24658203125 0.675537109375 0.239990234375 0.669677734375 0.23486328125 0.654541015625 0.230712890625 0.64599609375 0.23193359375 0.645263671875 0.233642578125 0.646240234375 0.23828125 0.645751953125 0.246337890625
1 0.570556640625 0.262939453125 0.57080078125 0.27001953125 0.576416015625 0.281005859375 0.575439453125 0.2841796875 0.575927734375 0.28564453125 0.580078125 0.2861328125 0.586181640625 0.29052734375 0.599609375 0.29541015625 0.610595703125 0.2978515625 0.619140625 0.2978515625 0.622314453125 0.296142578125 0.6279296875 0.29052734375 0.62890625 0.287353515625 0.634521484375 0.28369140625 0.647705078125 0.269775390625 0.64990234375 0.266357421875 0.650390625 0.259765625 0.642333984375 0.233154296875 0.634033203125 0.224609375 0.624267578125 0.219970703125 0.609375 0.217041015625 0.595703125 0.21875 0.584228515625 0.22607421875 0.57421875 0.236328125 0.5712890625 0.23779296875 0.56787109375 0.243408203125 0.568359375 0.255859375 0.570556640625 0.262939453125
0 0.662109375 0.532958984375 0.666015625 0.533447265625 0.692626953125 0.54248046875 0.720703125 0.549560546875 0.728759765625 0.552978515625 0.744873046875 0.556884765625 0.75244140625 0.564453125 0.758544921875 0.574462890625 0.76318359375 0.575927734375 0.767333984375 0.57373046875 0.771484375 0.56884765625 0.782958984375 0.53955078125 0.783203125 0.52294921875 0.78271484375 0.521728515625 0.779541015625 0.52001953125 0.759765625 0.525390625 0.753662109375 0.525634765625 0.73583984375 0.521484375 0.676513671875 0.50439453125 0.669921875 0.504638671875 0.66796875 0.50634765625 0.660888671875 0.52392578125 0.66015625 0.528076171875 0.662109375 0.532958984375
1 0.550537109375 0.30517578125 0.552490234375 0.307861328125 0.560302734375 0.307861328125 0.561767578125 0.30712890625 0.566162109375 0.302001953125 0.56884765625 0.28955078125 0.57080078125 0.28662109375 0.571533203125 0.281494140625 0.571044921875 0.275634765625 0.569580078125 0.271240234375 0.56787109375 0.269775390625 0.5615234375 0.268798828125 0.556640625 0.269775390625 0.55419921875 0.273193359375 0.55224609375 0.28173828125 0.5498046875 0.287109375 0.548828125 0.29931640625 0.550537109375 0.30517578125
0 0.649658203125 0.323486328125 0.654052734375 0.330078125 0.662109375 0.331298828125 0.669921875 0.324951171875 0.674072265625 0.319091796875 0.678466796875 0.31689453125 0.728515625 0.316650390625 0.744384765625 0.315673828125 0.751953125 0.31201171875 0.755859375 0.30810546875 0.759521484375 0.29931640625 0.759765625 0.292236328125 0.758056640625 0.28759765625 0.755859375 0.28564453125 0.748291015625 0.283447265625 0.680419921875 0.282958984375 0.67529296875 0.279296875 0.671875 0.272705078125 0.665771484375 0.267822265625 0.661865234375 0.26806640625 0.6572265625 0.2705078125 0.65576171875 0.27001953125 0.654541015625 0.267333984375 0.655029296875 0.263916015625 0.65380859375 0.263427734375 0.653076171875 0.263916015625 0.653076171875 0.26806640625 0.65185546875 0.269775390625 0.65283203125 0.271728515625 0.649169921875 0.284423828125 0.646728515625 0.29833984375 0.646728515625 0.307861328125 0.649658203125 0.323486328125
1 0.580078125 0.48974609375 0.5830078125 0.49560546875 0.5947265625 0.501953125 0.6015625 0.50146484375 0.611083984375 0.495849609375 0.615234375 0.490966796875 0.615234375 0.47900390625 0.6142578125 0.474853515625 0.611328125 0.470947265625 0.603515625 0.46630859375 0.599609375 0.465087890625 0.593994140625 0.4658203125 0.584228515625 0.471923828125 0.581298828125 0.477783203125 0.58154296875 0.487060546875 0.580078125 0.48974609375
1 0.2705078125 0.556884765625 0.275634765625 0.56396484375 0.283447265625 0.569580078125 0.291015625 0.571533203125 0.295654296875 0.571533203125 0.30419921875 0.569580078125 0.314453125 0.563232421875 0.31787109375 0.559814453125 0.322265625 0.550537109375 0.322509765625 0.54248046875 0.321533203125 0.53662109375 0.31884765625 0.529541015625 0.314453125 0.523681640625 0.304443359375 0.518310546875 0.294189453125 0.517578125 0.280517578125 0.52294921875 0.27197265625 0.53076171875 0.2685546875 0.53662109375 0.267822265625 0.54541015625 0.2705078125 0.556884765625
0 0.478759765625 0.43359375 0.517578125 0.454345703125 0.522216796875 0.45556640625 0.525146484375 0.460205078125 0.525390625 0.46923828125 0.529296875 0.47314453125 0.536865234375 0.47509765625 0.545166015625 0.48046875 0.552734375 0.482177734375 0.5615234375 0.478759765625 0.564697265625 0.47216796875 0.569091796875 0.467041015625 0.573974609375 0.454833984375 0.578125 0.450439453125 0.57958984375 0.443359375 0.578125 0.437255859375 0.568603515625 0.43115234375 0.552490234375 0.42431640625 0.548095703125 0.424560546875 0.54052734375 0.429931640625 0.497314453125 0.4072265625 0.490234375 0.4052734375 0.486083984375 0.40576171875 0.4833984375 0.40771484375 0.478759765625 0.41357421875 0.47607421875 0.420166015625 0.476318359375 0.427978515625 0.478759765625 0.43359375
0 0.70458984375 0.67822265625 0.708984375 0.6826171875 0.717041015625 0.68505859375 0.719482421875 0.68701171875 0.739501953125 0.695068359375 0.756103515625 0.70458984375 0.76318359375 0.70751953125 0.769775390625 0.71484375 0.771728515625 0.718994140625 0.779052734375 0.72412109375 0.785400390625 0.725830078125 0.794921875 0.7314453125 0.799072265625 0.732177734375 0.80322265625 0.730712890625 0.806640625 0.727783203125 0.810546875 0.7236328125 0.818359375 0.70849609375 0.8203125 0.702880859375 0.822021484375 0.692138671875 0.82177734375 0.688720703125 0.818359375 0.6806640625 0.794921875 0.669921875 0.791015625 0.669189453125 0.78271484375 0.6728515625 0.775390625 0.672607421875 0.750732421875 0.6630859375 0.731201171875 0.65380859375 0.717041015625 0.650146484375 0.70654296875 0.656494140625 0.7060546875 0.65966796875 0.704345703125 0.662353515625 0.703125 0.673828125 0.70458984375 0.67822265625
1 0.294921875 0.51171875 0.301025390625 0.5166015625 0.31298828125 0.521240234375 0.318115234375 0.524658203125 0.329833984375 0.52490234375 0.34228515625 0.514404296875 0.349365234375 0.51025390625 0.351806640625 0.50732421875 0.347412109375 0.48388671875 0.34423828125 0.474853515625 0.341552734375 0.471923828125 0.31982421875 0.46337890625 0.314208984375 0.46240234375 0.30322265625 0.468994140625 0.2939453125 0.477783203125 0.29052734375 0.485107421875 0.290771484375 0.4990234375 0.294921875 0.51171875
0 0.521240234375 0.49853515625 0.53857421875 0.507568359375 0.540283203125 0.510009765625 0.541748046875 0.515869140625 0.54345703125 0.51708984375 0.552734375 0.520751953125 0.560302734375 0.525146484375 0.563720703125 0.52587890625 0.56787109375 0.525146484375 0.5693359375 0.523193359375 0.581787109375 0.498291015625 0.581787109375 0.494873046875 0.58056640625 0.49169921875 0.578125 0.48876953125 0.57421875 0.486572265625 0.560546875 0.481201171875 0.55322265625 0.481689453125 0.5478515625 0.480712890625 0.540771484375 0.4765625 0.533203125 0.474609375 0.529052734375 0.474609375 0.5234375 0.4765625 0.51806640625 0.486572265625 0.517822265625 0.49267578125 0.521240234375 0.49853515625
1 0.52099609375 0.559814453125 0.529052734375 0.575927734375 0.534423828125 0.581787109375 0.54150390625 0.58349609375 0.556884765625 0.58447265625 0.564208984375 0.583251953125 0.572265625 0.574462890625 0.579345703125 0.562744140625 0.581298828125 0.556884765625 0.579833984375 0.54833984375 0.576171875 0.54150390625 0.5732421875 0.53759765625 0.572021484375 0.5341796875 0.56787109375 0.529541015625 0.564697265625 0.527587890625 0.548828125 0.52685546875 0.537109375 0.527587890625 0.521240234375 0.54931640625 0.519775390625 0.553955078125 0.52099609375 0.559814453125
0 0.353271484375 0.51123046875 0.358154296875 0.515869140625 0.3701171875 0.52001953125 0.373046875 0.52294921875 0.376953125 0.5224609375 0.380615234375 0.512451171875 0.3857421875 0.5107421875 0.395263671875 0.511962890625 0.408203125 0.515869140625 0.435302734375 0.52099609375 0.447265625 0.52490234375 0.477294921875 0.53076171875 0.482666015625 0.53076171875 0.486328125 0.52880859375 0.49072265625 0.518798828125 0.490234375 0.512451171875 0.488037109375 0.509765625 0.482177734375 0.507080078125 0.46240234375 0.503173828125 0.45166015625 0.499267578125 0.447021484375 0.499267578125 0.4404296875 0.497314453125 0.41796875 0.493408203125 0.411376953125 0.4912109375 0.39453125 0.488037109375 0.392578125 0.48681640625 0.388427734375 0.48779296875 0.385986328125 0.48388671875 0.3857421875 0.471923828125 0.384521484375 0.4697265625 0.364501953125 0.468994140625 0.361328125 0.4716796875 0.356689453125 0.482421875 0.352783203125 0.50146484375 0.3525390625 0.51025390625 0.353271484375 0.51123046875
0 0.49365234375 0.36962890625 0.52734375 0.3896484375 0.540771484375 0.3994140625 0.546142578125 0.40185546875 0.549072265625 0.40478515625 0.560302734375 0.41064453125 0.565673828125 0.412353515625 0.566650390625 0.413330078125 0.567138671875 0.416748046875 0.56494140625 0.4248046875 0.5654296875 0.42822265625 0.58056640625 0.4384765625 0.587646484375 0.4404296875 0.59521484375 0.43505859375 0.610107421875 0.41064453125 0.611328125 0.405029296875 0.610107421875 0.401611328125 0.600830078125 0.39453125 0.595458984375 0.387939453125 0.59130859375 0.3876953125 0.587646484375 0.388916015625 0.584716796875 0.392578125 0.57958984375 0.3955078125 0.57861328125 0.395263671875 0.56201171875 0.385986328125 0.548828125 0.376708984375 0.526123046875 0.36328125 0.517822265625 0.35693359375 0.504638671875 0.34912109375 0.4990234375 0.347900390625 0.493896484375 0.34814453125 0.489501953125 0.357666015625 0.490234375 0.365234375 0.49365234375 0.36962890625
0 0.28564453125 0.453857421875 0.2919921875 0.463623046875 0.2978515625 0.467041015625 0.302490234375 0.46728515625 0.30908203125 0.46337890625 0.318359375 0.460693359375 0.322509765625 0.45751953125 0.334716796875 0.451416015625 0.34765625 0.442626953125 0.348388671875 0.441162109375 0.353271484375 0.4404296875 0.362060546875 0.445556640625 0.365234375 0.445556640625 0.371337890625 0.442626953125 0.3896484375 0.431396484375 0.39111328125 0.427978515625 0.390625 0.42236328125 0.380859375 0.403076171875 0.374755859375 0.3974609375 0.372802734375 0.393798828125 0.3662109375 0.38671875 0.361083984375 0.385009765625 0.341552734375 0.39404296875 0.336181640625 0.398681640625 0.33544921875 0.404052734375 0.3369140625 0.409912109375 0.33544921875 0.412841796875 0.324951171875 0.41845703125 0.30859375 0.42919921875 0.294677734375 0.436279296875 0.28662109375 0.442138671875 0.284912109375 0.446533203125 0.284423828125 0.449462890625 0.28564453125 0.453857421875
1 0.46337890625 0.237548828125 0.464111328125 0.247314453125 0.4677734375 0.255126953125 0.478271484375 0.268798828125 0.48193359375 0.2705078125 0.49609375 0.27001953125 0.502197265625 0.26953125 0.510009765625 0.26708984375 0.517578125 0.254150390625 0.519287109375 0.248779296875 0.52001953125 0.240478515625 0.521484375 0.237060546875 0.5205078125 0.235107421875 0.521240234375 0.231689453125 0.51953125 0.230712890625 0.517333984375 0.222900390625 0.509521484375 0.21435546875 0.505615234375 0.21142578125 0.497802734375 0.209228515625 0.493408203125 0.208740234375 0.482177734375 0.21044921875 0.474365234375 0.214599609375 0.470947265625 0.219970703125 0.469482421875 0.224365234375 0.4677734375 0.22607421875 0.466064453125 0.2333984375 0.46337890625 0.237548828125
1 0.671630859375 0.277587890625 0.677490234375 0.284423828125 0.690673828125 0.283203125 0.693115234375 0.2822265625 0.695556640625 0.27880859375 0.6962890625 0.272705078125 0.695068359375 0.267333984375 0.69287109375 0.263916015625 0.688720703125 0.26123046875 0.685546875 0.26025390625 0.67724609375 0.26025390625 0.670654296875 0.26318359375 0.668212890625 0.267822265625 0.66796875 0.27001953125 0.671630859375 0.277587890625