0 0.6333246703125 0.612755215625 0.62633704375 0.604581715625 0.60419929375 0.5726647546875 0.5976501375 0.5648164765625 0.5950895921875 0.5596547515625 0.57535674375 0.5323762578125 0.568808175 0.5287424984375 0.5651169109375 0.52858744375 0.5555856109375 0.5348398390625 0.553903178125 0.538757596875 0.5547528296875 0.5465925281249999 0.6120987718750001 0.629092975 0.6123682500000001 0.63459444375 0.6085927843750001 0.639134771875 0.6080416546875 0.6422603812500001 0.6099656953125 0.646814059375 0.6209703906249999 0.6589186671875 0.6246053234375 0.6607991375 0.6335715578125 0.6591573375 0.6533693890625 0.645294746875 0.6557028515625001 0.644714571875 0.6625609453125 0.6367512843750001 0.6633101124999999 0.6339085 0.655756246875 0.6219165531249999 0.654496584375 0.6150009546875 0.6528698937499999 0.6129787765625 0.648867346875 0.61177720625 0.6387134765625 0.6159365703125 0.6356302609375 0.615145009375 0.6333246703125 0.612755215625
1 0.3381307171875 0.35370230625 0.3327152125 0.3619199609375 0.3299165828125 0.373573925 0.3310775203125 0.3824553703125 0.3334539640625 0.385849284375 0.33525082031250003 0.39112425625 0.3483346109375 0.404091278125 0.3561137984375 0.4091815625 0.3616576609375 0.408671653125 0.3679791484375 0.4065635125 0.370326546875 0.404498353125 0.3798439109375 0.3997309421875 0.38510494687499996 0.3994190703125 0.39166393125 0.376280721875 0.390870609375 0.366720375 0.38778680625 0.36171429375 0.3706296140625 0.34654158125 0.3624125453125 0.34534059687499996 0.3504339484375 0.34719495624999996 0.34217507187499996 0.35044892499999997 0.3381307171875 0.35370230625
0 0.1344446859375 0.43331157343750004 0.1323365453125 0.42699008593750004 0.12980445937500001 0.42307291406249997 0.12307002656249999 0.405027784375 0.11302705625000001 0.3930927546875 0.10864237031249999 0.389840546875 0.1015566078125 0.38784741562499997 0.09271755625 0.38876792187500003 0.0846991109375 0.392064284375 0.08103748125 0.40158282187500005 0.08197192343750001 0.4089368890625 0.10473459062499998 0.4598049640625 0.107450778125 0.4654899453125 0.109445084375 0.4668332234375 0.110124571875 0.471415359375 0.10442624062500001 0.47983105156250005 0.1015143640625 0.490721325 0.10212299843749999 0.494299340625 0.10434380000000001 0.497169996875 0.11045390156249998 0.500478534375 0.11963269531250001 0.501849096875 0.1306495671875 0.49982515781250003 0.136589503125 0.4998809015625 0.1418220796875 0.4983244765625 0.155695084375 0.4913502 0.16563639531250002 0.4841784734375 0.16754415 0.473359053125 0.16645465312500002 0.46969624843749996 0.162960840625 0.4656094984375 0.14641286874999998 0.4582293203125 0.1454644921875 0.45236023750000004 0.1418434953125 0.44899478281249994 0.13907039062499998 0.4408206953125 0.1344446859375 0.43331157343750004
1 0.271707790625 0.39157152968750003 0.2611996546875 0.3907102890625 0.25496295625 0.3923375671875 0.24158533750000002 0.4021261703125 0.2359578609375 0.4115459828125 0.2351947578125 0.4158737515625 0.23711997187499997 0.4288564703125 0.239595728125 0.43449905624999996 0.245664021875 0.442262546875 0.24952545 0.44567039687500004 0.2532027765625 0.44731043593750003 0.27240943125 0.45367197031249995 0.280230425 0.4543073015625 0.28471325 0.451379140625 0.2869897953125 0.4483098609375 0.289690871875 0.44705078593750003 0.296704609375 0.43961075625 0.301229828125 0.4364421640625 0.302587040625 0.43296287343750006 0.3025864546875 0.42874835312500004 0.301821590625 0.420432559375 0.29992600937499997 0.417123434375 0.29879353124999997 0.4094865421875 0.29682709687500003 0.405173296875 0.2895003140625 0.3989232484375 0.2794724546875 0.3939322765625 0.271707790625 0.39157152968750003
1 0.6513574734375001 0.5175158515625 0.6480495234375 0.5278404734375 0.6493521671875 0.5387301609375 0.6561986734375 0.5491099390625 0.6629737390625 0.5542710765625001 0.6752642078125 0.557677753125 0.6832547812499999 0.5573513578125 0.6929277875000001 0.5531072046875 0.7005495703125 0.5450306687500001 0.7025996203125 0.5404340109375 0.704591578125 0.5249192046875 0.7044074765625 0.5231513953125 0.69815508125 0.5136200953125 0.6913230984375 0.505969853125 0.671749415625 0.5045017390625001 0.663872090625 0.5055918234375001 0.6544116437499999 0.5128483390625 0.6513574734375001 0.5175158515625
1 0.37697618906249997 0.423024346875 0.379975203125 0.4285112921875 0.38976321875000003 0.4376743890625 0.39433141875 0.4384798859375 0.40366526875000003 0.4361591859375 0.4057722359375 0.43405163281250003 0.40551610781249997 0.422850659375 0.40627920937499995 0.4185228921875 0.4068587984375 0.4166418328125 0.40977184843750003 0.4141806 0.40995536250000003 0.41173388906249997 0.40592376874999997 0.4050732453125 0.40061975156249996 0.40141102812499996 0.39131377343749996 0.4007617609375 0.3851194703125 0.4021486078125 0.3800285984375 0.4057132734375 0.376975603125 0.41880982656250004 0.37697618906249997 0.423024346875
1 0.40904687968750003 0.2861328140625 0.402499484375 0.290928096875 0.394962490625 0.2985237703125 0.39057897812500003 0.30370060312499997 0.38717171562499997 0.31177655312499997 0.3846971328125 0.31456300625 0.386572103125 0.32220686718749997 0.3866368703125 0.33027526093750004 0.3966816 0.3548538515625 0.40013301874999996 0.35918103281249997 0.40368316249999997 0.3615423671875 0.40976480468750004 0.363606353125 0.43044192031249995 0.3672522859375 0.4421522140625 0.3683255 0.44857242656249996 0.3642515125 0.458103140625 0.353784596875 0.46404190312500004 0.3454112984375 0.4671105953125 0.3434733234375 0.471295484375 0.3337991421875 0.471337290625 0.329344190625 0.46779990937499993 0.31706883124999996 0.4575292703125 0.29517738125 0.45171593125 0.2901858234375 0.44827903593749996 0.28858817812500004 0.4310242921875 0.28381035312499997 0.41722096718749996 0.283359709375 0.40904687968750003 0.2861328140625
1 0.510202721875 0.54195993125 0.51468730625 0.5516753328124999 0.517473759375 0.5541499140624999 0.524036265625 0.5562986890625 0.535604853125 0.555363659375 0.53772575625 0.551771121875 0.54181250625 0.548277309375 0.5469875796875 0.540017259375 0.5447377312499999 0.5316875296875 0.54182350625 0.525719721875 0.53804686875 0.521831009375 0.5266333359375001 0.519074775 0.51995816875 0.5203768328125 0.5129868265625 0.52757643125 0.5092967374999999 0.535850415625 0.510202721875 0.54195993125
1 0.34925790156250003 0.3313694546875 0.35060235156249997 0.3378041890625 0.355793709375 0.3449172375 0.377828625 0.34929840156249997 0.38127886875 0.3451965421875 0.3833143953125 0.337870346875 0.38546375781250003 0.3355223609375 0.3860148875 0.33239675156250004 0.384628040625 0.326202446875 0.3809501265625 0.3203478875 0.372774865625 0.3146919515625 0.3682914546875 0.313405590625 0.359806084375 0.31513218125 0.3535130546875 0.3184848734375 0.35115172031249997 0.3220350171875 0.34925790156250003 0.3313694546875
1 0.3250192046875 0.44633873125 0.3205932984375 0.45175599687499995 0.319773865625 0.45780918125000003 0.32174088749999996 0.466336946875 0.325107515625 0.47114499218750006 0.3316560859375 0.47477875 0.34046726562499996 0.47682821249999996 0.3497441984375 0.47201840625 0.3546085734375 0.4669263625 0.354381490625 0.4611844625 0.3526264421875 0.4514545390625 0.3498115296875 0.4477354046875 0.3435457859375 0.44390360937500006 0.3381854375 0.44196680781250003 0.33381527499999997 0.4414441359375 0.3301100765625 0.442774065625 0.3250192046875 0.44633873125
0 0.526245915625 0.47909345312499996 0.5222433671875 0.47789188281249995 0.5188204078124999 0.474809253125 0.5160200171875 0.47381965625 0.5148166859375001 0.46517864218750005 0.5121998109375 0.4617423328125 0.49880590781249995 0.4561578375 0.486359796875 0.452227903125 0.4816504765625 0.4536286859375 0.477507396875 0.45884791406250003 0.46218256249999995 0.500768971875 0.465506796875 0.5058174484375 0.488390778125 0.5138190218750001 0.495448084375 0.5145676015625 0.5052337515625 0.5068726171875 0.5272407953125 0.5142237484375001 0.53070615 0.5170659468750001 0.5376647296875 0.5197803734375 0.545839403125 0.5212217890625 0.5586815890625 0.5257173749999999 0.5608315375 0.527583909375 0.5679445859375 0.522392553125 0.57139424375 0.5140761734375 0.5735859999999999 0.51148775625 0.574532615625 0.5047132765625 0.5736974859374999 0.4996078828125 0.5725092640625 0.49791092656249997 0.5669224203125001 0.494446746875 0.547673371875 0.48832564375 0.5394417796875 0.4843951234375 0.532992521875 0.4830100375 0.526245915625 0.47909345312499996
0 0.35964619999999997 0.5887931921875 0.35868506093749997 0.592838134375 0.3600161625 0.604972375 0.360525484375 0.6063017171875 0.36220850625 0.606598478125 0.3726736609375 0.6034856296875 0.40541357656250004 0.60058181875 0.41140984375 0.5989121468749999 0.41480375625 0.596535703125 0.414732903125 0.5955315828125001 0.4136294703125 0.5933537624999999 0.403785125 0.5859160796875 0.40122575312500003 0.589183396875 0.36841498437500003 0.5910830875 0.363903115625 0.5885521734375 0.3609755421875 0.5882838703125 0.35964619999999997 0.5887931921875
0 0.49401149687499996 0.2527725265625 0.49036262812500003 0.25237703906250003 0.4872091453125 0.25479587812500004 0.4739151421875 0.255674575 0.47023840312500004 0.25824905625 0.46937775000000004 0.2729717140625 0.46598559687499996 0.28799171874999996 0.4653078703125 0.29605314531250004 0.46967862031249996 0.30079033593750004 0.4792958828125 0.30248611875 0.48369450468749997 0.3042533421875 0.488277228125 0.3077883765625 0.492166528125 0.3082262578125 0.4958995984375 0.3039263609375 0.4987975390625 0.29452107031249997 0.5016258 0.2925407 0.525329215625 0.294489090625 0.590088925 0.29698332656250004 0.5935112984375001 0.295851434375 0.59558980625 0.292499328125 0.5984732234375 0.2803645015625 0.5970724421875 0.2756551828125 0.5888693093749999 0.2729692140625 0.49920402656249996 0.268314615625 0.49746408906250006 0.2655287484375 0.49679853749999997 0.259461628125 0.49484603906249996 0.25366339843749997 0.49401149687499996 0.2527725265625
0 0.40585467656249996 0.4167126859375 0.40507705156249996 0.41831091875000004 0.40514966562500004 0.4319586015625 0.4073153109375 0.44498371406250004 0.4083339546875 0.44764239687499996 0.411403234375 0.4499189421875 0.4160562234375 0.4502435765625 0.41923875156249996 0.4532838109375 0.41993276249999995 0.4605954828125 0.42182834218750004 0.46390460781250004 0.42436160312500004 0.4762508203125 0.42576297187499995 0.48517466093749995 0.4252118421875 0.488300271875 0.428509965625 0.5089622781250001 0.4320183015625 0.5157785640625 0.4350451875 0.5182955406249999 0.45774389375 0.5161002625 0.4599217140625 0.5149968296874999 0.46110935 0.512479265625 0.46214016874999997 0.5010094031250001 0.4605274125 0.4975022421875 0.45816373125 0.48419430312499995 0.4542412765625 0.44879570468749996 0.45450957968749994 0.44586813125 0.455640884375 0.44507598281250005 0.46131193125000003 0.443844778125 0.4628526578125 0.43791877812499996 0.46006326875000003 0.41437159375 0.45825247812500003 0.41058160624999995 0.45514080312500005 0.40854549218749997 0.44659851406250006 0.4077829765625 0.42271217187500004 0.41249581874999997 0.41412748906249996 0.41197373437499996 0.40585467656249996 0.4167126859375
1 0.38135163437499997 0.461477703125 0.380433478125 0.469496734375 0.38374377656249997 0.4760301953125 0.3900525015625 0.48383607968750003 0.393927865625 0.48575894531249997 0.4049731953125 0.484979559375 0.40992294687499997 0.48362117187500003 0.41198751875 0.48175404843749997 0.41847682343750003 0.46604062031250004 0.418292721875 0.464272809375 0.412280759375 0.45478390468749996 0.4076271828125 0.45024474999999997 0.402903340625 0.44891599531250004 0.3929045265625 0.44938409687499997 0.3869791125 0.452057890625 0.3828784265625 0.45703668750000004 0.38135163437499997 0.461477703125
0 0.6975545140625 0.466411890625 0.695447546875 0.46851944375 0.6882491234375 0.46997714375 0.6506152000000001 0.4682994046875 0.6464715328125 0.4693041125 0.6303347453125 0.46943364374999996 0.6262479953125 0.47292745781249995 0.6246236515625 0.48776336249999996 0.6253461203125 0.49631958593750003 0.6289671171875 0.4996850421875 0.6329272703125 0.5011270437500001 0.65588093125 0.5017036984375001 0.6642536421874999 0.5034279390624999 0.6782265453125 0.5029168562499999 0.6901348765625 0.5042728953125 0.694250671875 0.50623815625 0.698041834375 0.51285640625 0.7019595921875 0.5145388390625001 0.7217452484375 0.5148047953125 0.729580178125 0.5139551421874999 0.7345578015625 0.5096267875 0.7375823390625 0.49528568125000005 0.7364498609375 0.48764878906250003 0.7370416234375 0.471639184375 0.7366165046875001 0.46561445937499996 0.7348905015625 0.4613436078125 0.731623184375 0.4587842375 0.7265741218749999 0.45789395156249996 0.7067884656250001 0.4576279953125 0.7001132984375 0.4589300515625 0.6975545140625 0.466411890625
0 0.4660233140625 0.660354515625 0.46250162968749997 0.6592377328125 0.4536765140625 0.6586732546875 0.449292415625 0.65963556875 0.4467045859375 0.6616583328125001 0.44440016875 0.66769758125 0.4434135046875 0.6915705734375 0.44207022812499996 0.6935648796875 0.435989171875 0.6957154156249999 0.4343206734375 0.6981481890625 0.43338975468749996 0.716081246875 0.43463548125000007 0.724481828125 0.438341265625 0.7273664203125 0.4421033828125 0.728525596875 0.473782846875 0.7274180546875 0.4774880453125 0.7260881265625 0.4791989375 0.7234149203125 0.4803854 0.712468315625 0.4796478203125 0.696968034375 0.476140071875 0.69436626875 0.4718546984375 0.693362734375 0.4702704015625 0.691100125 0.47089003749999997 0.672120553125 0.46951712656250005 0.664441265625 0.4660233140625 0.660354515625
1 0.5269638390625 0.5565669921875 0.5193554046875 0.5589440234375 0.505115371875 0.5708117203125 0.5020188078125 0.5757196640625 0.501864925 0.58783996875 0.50366178125 0.593114940625 0.5032239 0.597004240625 0.5053465640625 0.6060552640625 0.5103253609375 0.61015595 0.5298856953125 0.6173235671875 0.5327708734375001 0.6178323031249999 0.536872146875 0.6170680265625 0.5456258218750001 0.6124138625 0.55080148125 0.6083683343749999 0.5597665421875 0.5982974921875 0.5601329828125 0.5891895515625001 0.5591700828125 0.5805909312499999 0.5554909953125 0.5663073296875 0.554019946875 0.564808409375 0.549211315625 0.56396051875 0.5391834546875 0.558969546875 0.53373831875 0.5575136078125 0.5269638390625 0.5565669921875
0 0.5816185125 0.20302049531250002 0.578280928125 0.2036715234375 0.5721580656249999 0.2102770109375 0.5706452093750001 0.21323304375 0.5698112546874999 0.216556690625 0.5707172375 0.2226662046875 0.57285325 0.226017725 0.57794529375 0.2308821 0.589585909375 0.2393802328125 0.5937162265625 0.2440750296875 0.604395115625 0.252403584375 0.6095858859375001 0.2553021125 0.6141970671875 0.2600816984375 0.6227684015625 0.2663032875 0.6246639828125 0.2696124125 0.6272535734375 0.280233209375 0.631497140625 0.2856916953125 0.638243746875 0.2896082796875 0.642571515625 0.29037138281249997 0.6462767140625 0.28904145312499996 0.6537713140625 0.28168621250000003 0.6657620859375 0.26570330625 0.6678824015625 0.2578962484375 0.6647277453125 0.2518860453125 0.65153129375 0.2423698546875 0.646835909375 0.242285653125 0.6424378749999999 0.24473295 0.637360353125 0.2425981125 0.5868232171875001 0.2044340390625 0.5816185125 0.20302049531250002
0 0.4701609609375 0.5145711234375 0.4609966890625 0.515930096875 0.44787226406249997 0.5158470687500001 0.438863634375 0.5177293015625 0.4306332171875 0.5222278218749999 0.41592508281249996 0.5240967046875 0.41050840468749994 0.52388531875 0.4035504109375 0.5253854125 0.394385553125 0.5225298671874999 0.38114670624999997 0.5132541078124999 0.3796477859375 0.51472515625 0.3793086296875 0.516648609375 0.382125890625 0.5372258265625 0.381391246875 0.5427981468749999 0.385934509375 0.5676462140625 0.38698161249999996 0.57154945 0.39007935 0.5750705484374999 0.3939117328125 0.573019325 0.4016746359375 0.5627365109375 0.40656747031249996 0.5588890171875 0.47348930312500004 0.5491212437499999 0.48535465312500004 0.54650319375 0.49006397343749997 0.5451024125 0.4937831078125 0.5422875 0.495663578125 0.5386525671875 0.4963842859375 0.5345652296875001 0.49556250625000003 0.52376033125 0.49346829999999997 0.5159538609375 0.48626928906250005 0.5131970390625 0.47761375156249997 0.511670834375 0.47307401093749996 0.512109890625 0.47144790781249996 0.5143022328125 0.4701609609375 0.5145711234375