1 0.5020953859375 0.5775147765625 0.50149661875 0.593435059375 0.5026413015625 0.5971862734375 0.5064498515625 0.6013398234375 0.5173498125 0.6094087328125 0.52864356875 0.615885584375 0.5381543578125 0.613743715625 0.5551870484375 0.605397759375 0.5611144890624999 0.600053875 0.5649214703125 0.5879212140625001 0.5651836859375 0.5836025984375001 0.563644896875 0.578186203125 0.5639071125 0.5738675875 0.56214280625 0.564242415625 0.558747025 0.560747596875 0.5463089 0.5537767734375 0.5436260578125001 0.5511236484375 0.5374164828125 0.54876363125 0.525092215625 0.5552975453125 0.506371121875 0.5630214859375 0.503970096875 0.5648150203125 0.5020953859375 0.5775147765625
1 0.45355111875 0.7641337046875 0.450934409375 0.7694772828125 0.4519589578125 0.7737591828125 0.457573215625 0.7787726312500001 0.45981162500000006 0.7837863859375 0.46337741406250005 0.78675051875 0.4658243171875 0.7904650171875 0.47331628124999997 0.7968141296875 0.47521285625000004 0.7971433421875 0.4794229921875 0.7952032546875001 0.4878615 0.7838021421875 0.4930575015625 0.7783851328125 0.4953896140625 0.7718521375 0.49540784687499995 0.7643312 0.49436442812500003 0.761055753125 0.48761210000000005 0.75454188125 0.4801012703125 0.749199221875 0.4747907953125 0.747625978125 0.47101682968749997 0.74921834375 0.4656117 0.7494201234375 0.4591071875 0.7558803015625 0.45355111875 0.7641337046875
0 0.4523522921875 0.83652519375 0.4417737875 0.8599673328125 0.43391974375000003 0.8830432390625 0.431027578125 0.8859530640625 0.42735195625 0.8920470078125 0.42500128281249994 0.8983421187499999 0.42201567031250004 0.899769725 0.4151857953125 0.9000631406249999 0.41007290625000004 0.9022229062499999 0.4079270640625 0.9039615203125001 0.40561351874999996 0.908243725 0.40492444687500007 0.922681790625 0.4031892109375 0.925079134375 0.4022006109375 0.9295625078124999 0.4029475609375 0.9349057796875 0.40832284999999996 0.944713609375 0.4112342046875 0.9473118156250001 0.42121833124999997 0.952818928125 0.4323405125 0.9555627703124999 0.43769598906249996 0.9533480843750001 0.4397109421875 0.948882915625 0.4438349203125 0.94794928125 0.4578291421875 0.9325035390625 0.458873746875 0.9282580484375 0.45779076406249997 0.9214874765625 0.45454337499999997 0.9174619703125 0.4509410765625 0.9097583765625 0.4538883125 0.8973147078125001 0.45357084375 0.8948809546875 0.4555669203125 0.8881649953125 0.459951425 0.8796555046875 0.4674883109375 0.8574030875 0.473328025 0.8453068359374999 0.475156084375 0.8378772265625001 0.480548065625 0.8271351499999999 0.48278641718750004 0.8171070296874999 0.48265552968750003 0.8143804734375 0.48159173437499997 0.8131179328125 0.47280197656249995 0.8083426749999999 0.46502031875 0.807849315625 0.4613255109375 0.808435228125 0.45731385625 0.8131018703124999 0.4543474328125 0.8200375078125001 0.45455320156249995 0.8252527359374999 0.4523522921875 0.83652519375
1 0.40953650937499997 0.46708842500000003 0.4065406359375 0.466265240625 0.4046610390625 0.46368523906250003 0.3871702015625 0.465150784375 0.3717450046875 0.46890352812499997 0.36218104375000004 0.4715760828125 0.35373398125 0.479006303125 0.34525114375 0.5014783984375 0.3429821890625 0.5135194249999999 0.3436896625 0.5176183609375 0.351357071875 0.52965846875 0.3640859984375 0.544808959375 0.37214369999999997 0.551999765625 0.388611128125 0.5505160171875 0.4167078484375 0.5453896687500001 0.42176874375000006 0.541985565625 0.423312959375 0.539881025 0.4318146203125 0.51965971875 0.437283384375 0.5006281359375 0.4367619578125 0.496236396875 0.434714825 0.49294274531250004 0.43298425468749996 0.492082846875 0.425986984375 0.48289733906250004 0.423828475 0.48238516249999996 0.41794779374999996 0.474700078125 0.41584512812499996 0.47442578593749996 0.41327687968750004 0.4699976375 0.40953650937499997 0.46708842500000003
1 0.3669530890625 0.41203029375 0.36495051875 0.41874625156249995 0.3655875234375 0.4236137578125 0.3725908046875 0.4380694140625 0.3772531375 0.44478476093749997 0.3820275328125 0.44871863125000006 0.4060100078125 0.4493203 0.41778580625000006 0.448166375 0.42295257656249996 0.44399370156250006 0.43208723750000005 0.42840201875000006 0.43418355625 0.4231682796875 0.43363999062499997 0.4165257515625 0.427479525 0.40563834375 0.4216561875 0.3961782375 0.4171251671875 0.392189446875 0.390615184375 0.39065475625 0.3826024 0.3914606515625 0.3796632625 0.39312614218749997 0.3753951828125 0.3978477046875 0.3669530890625 0.41203029375
1 0.5725444859375 0.5126377984375 0.5747323234375 0.5206709109375 0.5778135140625 0.523744884375 0.5863340109374999 0.528867865625 0.5930665281249999 0.530880159375 0.5986385875 0.5291412390625 0.612102346875 0.5201368578125 0.6137370625 0.5117557171875 0.61388841875 0.5037040937499999 0.6124996578124999 0.499001346875 0.6077257171875 0.49429890624999995 0.602590715625 0.49243286093750005 0.5985206171875 0.48957856718750004 0.5905141296875 0.4898537765625 0.58437161875 0.49247110625 0.5732659734375 0.5004505234375001 0.5725444859375 0.5126377984375
0 0.37875460781250003 0.7656229625 0.3747876609375 0.7705274906249999 0.373328609375 0.7773714921875 0.373834725 0.7860269265625 0.377840784375 0.798652946875 0.3836428890625 0.8058622640624999 0.38573900625 0.8071430109375 0.391128709375 0.8071791125000001 0.41229404687500004 0.8024011 0.41468929687499995 0.8006075671874999 0.418674859375 0.7946965875 0.4217437828125 0.7925004109375 0.43169963593749994 0.7912551578125 0.4338516046875 0.78951654375 0.43727645156249995 0.7909984578125 0.4399335984375 0.7881435515625 0.439727553125 0.7861855656250001 0.44376865624999995 0.773997984375 0.4433000890625 0.7665868859375 0.43824675312499994 0.7614635984375 0.43476574062499995 0.7597438015625 0.40602024375 0.7552082625 0.40426112031250006 0.7553548171875 0.39628936718749996 0.7606622921875 0.38893480937499997 0.7620720000000001 0.37875460781250003 0.7656229625
1 0.4371128515625 0.708524234375 0.44084227968749995 0.722980196875 0.443030103125 0.7277560671875001 0.446739334375 0.7301895140625 0.455983559375 0.7328969484375001 0.464942040625 0.731157721875 0.47076149999999994 0.7228493984375 0.47831114843750006 0.707642153125 0.47467728593749997 0.6979256515625 0.4721091109375 0.6937353875000001 0.4680384453125 0.6908810937500001 0.4579382703125 0.6878626531250001 0.45422935468750003 0.6886864484374999 0.4412204046875 0.6995938953125 0.437492884375 0.7046813859375 0.4371128515625 0.708524234375
0 0.5329386578124999 0.74601020625 0.5259369796875 0.74108839375 0.507921621875 0.72388889375 0.5033901484375 0.7219130093749999 0.495125346875 0.71377066875 0.48812366875 0.70884885625 0.48309088906250003 0.7079892640625001 0.476981284375 0.710130825 0.46719595312499995 0.72588726875 0.4661006546875 0.729894875 0.4691097359375 0.736226090625 0.4748113390625 0.7399402828125 0.4773372765625 0.74312409375 0.4802164125 0.7499859953125 0.48887105000000003 0.7565362765625 0.49483254375 0.7591890968749999 0.49908565156250007 0.76323280625 0.503747071875 0.7646780046874999 0.506254534375 0.7688682703125 0.5141291906250001 0.7753454265624999 0.5153923140625001 0.7785659546875 0.5143527515625 0.7828114453125 0.503155565625 0.7936272578125 0.501967271875 0.7961526453125 0.498197615625 0.7985135796875 0.497900775 0.8015878578125 0.4960254953125 0.8055223421875001 0.4957471296875 0.8075901671875 0.497381615625 0.8102250874999999 0.500947115625 0.8091634093750001 0.5047731296875 0.8135548421875001 0.5093600281249999 0.8125113687500001 0.50540406875 0.8086506218749999 0.5074650296875001 0.8044233359374999 0.51392751875 0.8027026203125001 0.523770140625 0.803470271875 0.5256460421875 0.8060502734374999 0.534690515625 0.8110084953125 0.5404287578125 0.8094525406249999 0.544569775 0.8065060000000001 0.5513103187499999 0.7994602171875 0.5551911359374999 0.79431780625 0.5562679578124999 0.7913166515625 0.562098575 0.78472843125 0.568671603125 0.77371175625 0.5725896796875001 0.7698136828125001 0.5728865203125 0.7667394046875 0.5716233953125001 0.7635188765625001 0.5679830625 0.7588346406250001 0.5500422265625 0.7441238140624999 0.5451581765625 0.744984325 0.54042285625 0.7475649390625 0.53845458125 0.7500172015625 0.535278915625 0.7494868218749999 0.5329386578124999 0.74601020625
0 0.5525464515625 0.812104746875 0.549816225 0.8004484656249999 0.5466790453125 0.8044196625 0.5364683546875 0.807494859375 0.526089265625 0.7968274375 0.5259590484375 0.79410088125 0.5270170875 0.79210618125 0.5248077296875 0.791356121875 0.5194045453125 0.7845676515625 0.5158954921875 0.7826099703125 0.5027150921875 0.7936272578125 0.4956240421875 0.8035094359375 0.49566191249999997 0.81126825625 0.4981871125 0.81445206875 0.5057993453125 0.8187333562499999 0.5079717640625 0.8214963203125001 0.520374271875 0.8299493625000001 0.522899475 0.8331331750000001 0.530140453125 0.8380000687500001 0.534448040625 0.8422816624999999 0.5440098140625 0.84837438125 0.5503226625 0.854705290625 0.54987753125 0.8593167078124999 0.5464808484375 0.8676065203125001 0.5476506375 0.8693448281249999 0.5526077593750001 0.8709729906250001 0.5618355312500001 0.8788956515624999 0.5675539406250001 0.881603390625 0.5709518640625 0.886342546875 0.5729198765625 0.8871475249999999 0.576595775 0.8865616140625001 0.5838727609375 0.879643875 0.5959384734375 0.8606116796875 0.6045511625 0.8431169296875 0.6044021640625 0.8381395843749999 0.602415371875 0.8350838156249999 0.5802651515624999 0.817573615625 0.576292190625 0.8179765640625 0.5686993578124999 0.82246055 0.5630178890625 0.8177399046874999 0.5634076109375 0.8161478453125 0.555090121875 0.81428210625 0.5525464515625 0.812104746875
1 0.43583612031249996 0.785655184375 0.4175376703125 0.7910184984375 0.41556310312500006 0.7924643078125 0.4098470859375 0.8052742109375 0.40950905625 0.8103613953125001 0.4143999625 0.8222919703124999 0.41889545312500004 0.82930011875 0.42829930000000005 0.834203421875 0.4361417625 0.8346967812500001 0.44593976875 0.8314935406249999 0.448854534375 0.828583715625 0.45624513593750005 0.823916765625 0.45876479843749995 0.81934175625 0.46527133281250005 0.8131194640625001 0.46630570625 0.8131376687499999 0.4673962078125 0.8101365140624999 0.462899459375 0.7900993953125 0.4565042390625 0.78051124375 0.45187746874999996 0.7772910234375 0.4496584171875 0.7787917531249999 0.44738260781249994 0.7767973578125 0.4474200265625 0.774784453125 0.44452365625 0.7734305828125 0.43583612031249996 0.785655184375
0 0.310257775 0.4606198359375 0.311187190625 0.46567030468750004 0.3103699140625 0.46761008750000005 0.26247808125 0.5085679359374999 0.2590229109375 0.5133626234374999 0.2580013953125 0.5166016609375 0.26103053125 0.5251836640625 0.26368753125 0.527836790625 0.2685739421875 0.530233521875 0.27435187031249997 0.5299219015625 0.278959178125 0.5278719749999999 0.320051878125 0.4937220265625 0.3264237359375 0.48726185 0.3295634578125 0.48654789374999996 0.3375895921875 0.48823066875 0.3449278296875 0.48480805625 0.3498136203125 0.480690303125 0.35338061875000004 0.479628625 0.35668730625 0.47637107656250005 0.3576345796875 0.4739006078125 0.361851578125 0.4701854984375 0.358803959375 0.46260994687499996 0.35051689218750004 0.4522168171875 0.3422858953125 0.44531881249999994 0.33591310625 0.4420072640625 0.3316585203125 0.44122079531249997 0.3233726984375 0.443856634375 0.310944740625 0.45595349843750005 0.310257775 0.4606198359375
0 0.3177418609375 0.6327954984375 0.31697896875 0.628458678125 0.320715378125 0.6118244390625 0.3196549171875 0.60730465625 0.318762209375 0.606755765625 0.3157495125 0.6069390343750001 0.310542825 0.6118802765625 0.30753012812499997 0.612063546875 0.28893405625 0.62180039375 0.2851405921875 0.6251677812499999 0.27796254375 0.6293040453125001 0.2728489828125 0.6357275062500001 0.265819875 0.641583871875 0.26511342031249996 0.6439994203125 0.26701046562499997 0.64557296875 0.2867237421875 0.6503655140625 0.2919689875 0.6596975781250001 0.3278475625 0.7116820421875001 0.332794928125 0.7175739 0.338560375 0.721525975 0.3428376640625 0.721305990625 0.348416546875 0.7190363843750001 0.36076397031249996 0.7087145421875001 0.3621956921875 0.7061342359375 0.36266008125 0.7005163640625 0.3609856703125 0.693379865625 0.349379215625 0.673215315625 0.343911028125 0.6661889609375 0.3405261359375 0.66370059375 0.33422105156250004 0.6563632328125 0.3306684078125 0.6499039734375 0.3278228421875 0.6475436515624999 0.3177418609375 0.6327954984375
0 0.3992795890625 0.5746332546875 0.39361250000000003 0.5786778828125 0.392739934375 0.586894265625 0.3960300421875 0.59875780625 0.3956402 0.602521440625 0.390474715625 0.6054497765625 0.37726445625 0.6207307578125 0.36875473593749997 0.6289295484374999 0.344749809375 0.6589423156249999 0.34372842656249997 0.6654385953124999 0.344230340625 0.6675795453125 0.3460703859375 0.672172453125 0.3512925703125 0.6792537265624999 0.3546189421875 0.681504209375 0.3593573859375 0.6821808390624999 0.37104496875000004 0.6777696703125 0.377064840625 0.670888646875 0.385686096875 0.6631656234375 0.3973727484375 0.6489827296875 0.405139303125 0.6419551515624999 0.41940853906250003 0.6246794671875 0.421043375 0.6207999046875 0.43464556718749997 0.623470315625 0.44454949531250004 0.621218609375 0.4457757765625 0.6199375578125 0.44640709218749997 0.6150333359375 0.44599760625 0.607860121875 0.44452914374999997 0.602681609375 0.44326526875 0.5994610812500001 0.438043084375 0.5923798078125 0.42793363749999996 0.5829018031250001 0.42222864531250004 0.5791876109375 0.41399652500000006 0.5755468484375 0.40464965781249995 0.5736629046874999 0.3992795890625 0.5746332546875
1 0.43061684843750003 0.7463674171875 0.43187622656249997 0.7548580921875 0.4309611859375 0.7575664421875 0.42934041718750005 0.758426646875 0.44942108281250004 0.7702643640625 0.45066053281249996 0.769989765625 0.452300271875 0.7681231078125 0.454321009375 0.7624136015625 0.4570095390625 0.7605651484375 0.4613947171875 0.7538306796875001 0.464216675 0.751451540625 0.4680482046875 0.73807454375 0.46577861875000004 0.7340672421875001 0.46249850312499996 0.7312860718749999 0.459028046875 0.7320549484375001 0.45048501406249997 0.730189209375 0.442227815625 0.72625564375 0.43725136718749996 0.7316177328125 0.43225627031249997 0.7412435171875 0.43061684843750003 0.7463674171875
1 0.3490997984375 0.340226246875 0.3485113265625 0.34862559375 0.3538917875 0.356951203125 0.3614770625 0.362531746875 0.3687767625 0.36366563125 0.380638340625 0.3610294859375 0.385352459375 0.358979559375 0.387386121875 0.3555208421875 0.3903313328125 0.342839290625 0.3898556953125 0.338685434375 0.3875742796875 0.3356845859375 0.3806351609375 0.3284570640625 0.3752171984375 0.325401603125 0.3707498765625 0.3241393671875 0.3619867078125 0.32558579062500004 0.356341175 0.3280932796875 0.3525206484375 0.33169855 0.3490997984375 0.340226246875