1 0.5658733703125 0.6929916234375 0.5649502359375 0.695538334375 0.568230190625 0.714188378125 0.5695858 0.7130032984375 0.5719901953125001 0.7128241984375 0.5732247984375001 0.7151327484375 0.5795161734375001 0.719155396875 0.5880856296875 0.7184396375000001 0.5952359875 0.71612599375 0.60195055625 0.70741763125 0.60440981875 0.6969354703125 0.5989774296875 0.686576528125 0.5951532734375 0.6841511265625 0.5860276828125001 0.6829724140625 0.5738833765625 0.6853483046875 0.570186196875 0.6884888296875 0.56790745 0.6922206203125 0.5658733703125 0.6929916234375
0 0.5245288984375 0.447935928125 0.5278718296875 0.46107910781249994 0.54482250625 0.5167878906250001 0.5427657953125 0.5238354859375 0.536347246875 0.5358596515625 0.5367133421875 0.53947140625 0.5395633671875 0.5404170515625 0.5484144984375 0.54005630625 0.561507825 0.5372060015625 0.5741147640625 0.5322243359375001 0.58223761875 0.530679784375 0.5856305921875 0.527480196875 0.589085990625 0.5270635718750001 0.591569921875 0.5243974609375 0.58938509375 0.5208460421875001 0.5853210578125 0.5175918484375 0.5580561765625001 0.449810025 0.557324640625 0.44359313125 0.5504092765624999 0.437380059375 0.5402836609375 0.43566914375000004 0.5353736640625 0.43673800781249994 0.5330106765625 0.43893034062499997 0.5279797359375 0.4404729828125 0.525011375 0.4440275859375 0.5245288984375 0.447935928125
0 0.55972228125 0.580313996875 0.5558572078124999 0.5743359015625 0.5509677953125001 0.5703716796875 0.5474075093749999 0.569248846875 0.5382997359374999 0.57280726875 0.525876934375 0.5813416265625 0.51966683125 0.587622040625 0.518402425 0.5915900828125 0.5245032000000001 0.6028959421875 0.5315053609375 0.6086352374999999 0.536693071875 0.6073885484375 0.5397706296875 0.6083932562500001 0.5410408734375001 0.61348476875 0.543818834375 0.617687153125 0.5435800656249999 0.6216545609375 0.545813821875 0.6239624734375 0.5481058078125 0.6230136453124999 0.549795359375 0.6234270859375 0.5542628703125 0.6280429109375001 0.5838484921875 0.6639667203124999 0.5879523343749999 0.6659774078125 0.596637559375 0.6620639703125 0.601761846875 0.65602108125 0.60266388125 0.6514611359375 0.6012732796875 0.6468434000000001 0.5928785703125 0.633466515625 0.582070865625 0.6205056203125 0.5631098156250001 0.5942269046875001 0.5615995046875 0.5910895625 0.5613548953125 0.5859974125 0.55972228125 0.580313996875
1 0.5620360453125001 0.465083928125 0.5617267781249999 0.4672749875 0.5629758734375 0.476629859375 0.5649048203125 0.48035910312499996 0.5690086562500001 0.48385018593750007 0.5775855812499999 0.48538455 0.581873375 0.48514511406249994 0.5875882046875 0.48147047499999995 0.5939835546875 0.4731768265625 0.5948507046875 0.46885376875 0.593354996875 0.4624596875 0.58962375 0.458553890625 0.58682631875 0.45713446874999997 0.5760118484375 0.45506853906250005 0.5717867109375 0.45607770312499996 0.5641469421875 0.4620628015625 0.5620360453125001 0.465083928125
0 0.5812914578124999 0.3350409984375 0.5747324421875 0.3316699515625 0.5369461640625001 0.31736397968749996 0.5314123640624999 0.31801876562500003 0.527804459375 0.3201526734375 0.523898484375 0.3264908765625 0.52143709375 0.33419007500000003 0.5221642375 0.342420203125 0.5245120921875001 0.34526095625000003 0.56254031875 0.361639225 0.5663301703125 0.3618145046875 0.569700653125 0.3646546203125 0.5697658296875 0.3724706703125 0.57199368125 0.3757852015625 0.5972651812499999 0.38601328125 0.6001524109374999 0.3857154203125 0.6056849171875001 0.3830473984375 0.6116961515625 0.3764710328125 0.6188454875 0.3623739328125 0.6209449234375 0.3530762140625 0.6212391140625 0.34283221406250003 0.6179279875 0.33874859218750003 0.615039465625 0.3370332203125 0.5922358234375 0.3291721140625 0.58760464375 0.33030004218750003 0.5825547421875 0.3350994234375 0.5812914578124999 0.3350409984375
0 0.77510716875 0.5824875546875 0.7743129859375 0.578520784375 0.7702304125 0.5742599734375 0.7601810671875 0.5710686625 0.7564661984375001 0.5704196078125 0.7461758609375 0.571195703125 0.742890746875 0.5759347484374999 0.737072296875 0.6178017859375 0.73525014375 0.62490844375 0.731539859375 0.6313057093750001 0.72459865 0.6321389578125001 0.7220423968749999 0.634035340625 0.718464721875 0.657071325 0.7188938203124999 0.661452809375 0.719991040625 0.66322851875 0.7232193453125 0.6647660656250001 0.7552528984375 0.6710229187500001 0.7695631046875 0.6717246703125 0.7719972265624999 0.6692954484375 0.7722342859375 0.6592883375 0.774477025 0.6434771375 0.7740472734375 0.6380890359375 0.769779865625 0.6305124203125 0.7693507671875001 0.6261309374999999 0.7672771468749999 0.6210991234375001 0.7695858640625 0.6131039734375 0.7732830515625 0.5865743609375 0.77510716875 0.5824875546875
0 0.446341175 0.8319812328125 0.44347421562499995 0.8310355890625001 0.44097224375 0.8286686124999999 0.43882280468749996 0.8057545749999999 0.43564709375 0.7989470515625 0.43747466875 0.7958668640625 0.436433971875 0.7898277953124999 0.43466395 0.787638009375 0.4325289375 0.7868695531250001 0.42344271562499997 0.7879409640625 0.41063788749999997 0.791383171875 0.408077709375 0.7932795546875 0.4069205953125 0.795767203125 0.40637507656249994 0.8009190531250001 0.4120142234375 0.8445554312500001 0.4136030609375 0.8494691187500001 0.4123864265625 0.854206890625 0.4060455015625 0.8566977234375001 0.4047065484375 0.8609026546875 0.4079542375 0.884585784375 0.4116780890625 0.890267928125 0.41485051874999995 0.8920423640624999 0.423816390625 0.8934579640625 0.43107307031250003 0.8924468890625 0.44107308281249996 0.889835384375 0.4525958515625 0.884321515625 0.4561313046875 0.88165476875 0.458444878125 0.875672853125 0.4583801109375 0.8698700374999999 0.45501534843749997 0.85370700625 0.45385495468750003 0.85116156875 0.4456184078125 0.8458966875 0.44451753437499997 0.841101125 0.446222790625 0.837488096875 0.446341175 0.8319812328125
0 0.48098556718749996 0.45015500625 0.46620032031249997 0.4480325609375 0.45460120625 0.44744766093750005 0.425090659375 0.44296588124999997 0.41914124062499997 0.443265653125 0.4142747078125 0.445341134375 0.41283344375000003 0.446999990625 0.4101346265625 0.45564674375 0.410380221875 0.46375874531249994 0.41302749531250005 0.46843490781249997 0.4158533125 0.47038716875000003 0.42589127031249996 0.4731047015625 0.43490628750000004 0.47380963749999994 0.44945175312499996 0.4768796375 0.478841765625 0.480828578125 0.4826273484375 0.4799972390625 0.4855124625 0.4807059953125 0.49218639218750004 0.4856164984375 0.4972405125 0.49490976093750005 0.5000663296875001 0.496862021875 0.5029508 0.496564159375 0.5070954046875 0.49330487187500005 0.5127972890625 0.48187324531250003 0.5146542921874999 0.4725164640625 0.516324996875 0.453804175 0.514758671875 0.4478838703125 0.510788084375 0.4413729359375 0.5039375515625 0.442206184375 0.4991934953125 0.44783435781250003 0.49180475 0.45281283906249997 0.48098556718749996 0.45015500625
1 0.763507240625 0.6380947671875 0.7646832 0.6396335875 0.7713011875 0.6414651765625 0.776188740625 0.6448965578125 0.789668121875 0.64257909375 0.7953548890625 0.6389044562499999 0.7990558421875 0.6246911390625 0.7963928515625 0.6187714718749999 0.7880397718750001 0.6114933546875 0.7700422671875 0.6079514875 0.7680644359375 0.60949221875 0.763616640625 0.616482025 0.7622642796875 0.6287398953125 0.763507240625 0.6380947671875
0 0.518171775 0.4112283828125 0.4987232875 0.42160260625 0.49623231875 0.4242687171875 0.49538395937499996 0.4285917765625 0.50080151875 0.43871382812500004 0.5034176984375 0.44161364531249997 0.5068229 0.44244052656250005 0.51387195625 0.43710703124999994 0.528215909375 0.43052557187499996 0.5305869000000001 0.43034647187499997 0.535879903125 0.435909215625 0.539101865625 0.435433528125 0.5535658 0.42636505781249995 0.555327084375 0.4235217578125 0.55526513125 0.42174541093749995 0.5524031093749999 0.41476006249999997 0.5406563734375001 0.3950494328125 0.53797955 0.39238650625 0.535122103125 0.3924474796875 0.5182871796875 0.40169505 0.5192033734375 0.40820789375000005 0.518171775 0.4112283828125
0 0.362173653125 0.7693869171875 0.3565457953125 0.7904109390625 0.3536362140625 0.793728653125 0.3424155640625 0.7962817328125 0.339142284375 0.8000141609375 0.3381859046875 0.8219234921874999 0.3407370078125 0.82707343125 0.34619900000000003 0.830918890625 0.366523184375 0.8351104515625 0.3745291046875 0.833033059375 0.3781055734375 0.82912280625 0.38610105625 0.8109395359375 0.381479646875 0.7937114609375 0.3839045171875 0.7912822390625001 0.38578090625 0.7849453093750001 0.3912233265625 0.7585922484375 0.40363064375 0.7150631703125 0.4018680953125 0.7098535312500001 0.3978023453125 0.7076059546875 0.3931308671875 0.7067206484375 0.3897339625 0.706900384375 0.3834873296875 0.709154328125 0.3798503515625 0.7133014703125 0.362173653125 0.7693869171875
1 0.538452615625 0.6076248 0.5337669218750001 0.608752728125 0.531271321875 0.6083989859375001 0.5237225046875 0.6055614171875 0.521289578125 0.6079906390625001 0.513561253125 0.60989020625 0.50966804375 0.6129716671875001 0.50036325625 0.624050190625 0.49598699843749994 0.6330532296875 0.49678144687500003 0.6380266171875 0.5001955312499999 0.6469064375 0.5059837968750001 0.6566137765625 0.5095767343750001 0.6597498453124999 0.5217511890625001 0.6627029921875 0.5336194843750001 0.6628141140625 0.537451984375 0.659969540625 0.5469395515625 0.6491869703125001 0.5503438171874999 0.6429675296874999 0.5533851421875 0.64018265625 0.5536266671875001 0.6372218671875001 0.5515527546875 0.63017681875 0.548384778125 0.62538253125 0.5439393015625 0.6215364343750001 0.544057446875 0.6160295703124999 0.5416813015625 0.6121822 0.541009578125 0.6087482703125 0.538452615625 0.6076248
1 0.514467909375 0.7790012890625 0.50500943125 0.7980736875 0.49983085781250003 0.812406403125 0.500557446875 0.8166100609375 0.5063545921875 0.8260805124999999 0.5216290296875 0.8456704687500001 0.5247669875 0.8474449046875 0.5355660859375 0.8493330078125 0.5513703828125001 0.8486718546875001 0.5615037109375 0.8471260296875001 0.567474234375 0.8448130218750001 0.574042571875 0.8340914250000001 0.5801263 0.8202318500000001 0.584703165625 0.8082680203124999 0.5842179062499999 0.804123425 0.5817405296875 0.7977299796875 0.5641097046875 0.77227941875 0.556145115625 0.7693237234375 0.5267078609375 0.7701709812499999 0.520797509375 0.7722470984375 0.5169387999999999 0.7753285609375 0.514467909375 0.7790012890625
1 0.6729411453125 0.4164593609375 0.6710959984375 0.42155278437500004 0.6687558546875 0.4235082296875 0.6730138703125 0.43333496875 0.6768370203125 0.43777360468750004 0.6837398328125001 0.4404339859375 0.6912579140624999 0.44173209687500004 0.694030271875 0.441138284375 0.703022746875 0.43574445156249997 0.7065940937499999 0.4320710859375 0.708194059375 0.428931834375 0.7088073406250001 0.42454971406249997 0.7079396015625 0.4167933625 0.7051024703125 0.412590978125 0.6968428859375 0.408095825 0.69098821875 0.40644142656250004 0.6860594359375 0.40727340156249997 0.676697534375 0.4130819484375 0.6729411453125 0.4164593609375
1 0.4423820171875 0.7653685703125 0.4496687171875 0.7786870265625 0.4518901140625 0.7802252109375 0.4608345734375 0.7821145890625 0.46866634218750003 0.7802150234375 0.475632834375 0.77559219375 0.4792685578125 0.770675321875 0.481051346875 0.7617923171875 0.48061605468749996 0.756404215625 0.4785163734375 0.7523790203125 0.467718984375 0.746523509375 0.46475800468750006 0.745814753125 0.4511901671875 0.747599378125 0.44194805156249994 0.761993703125 0.4423820171875 0.7653685703125
0 0.43002354218749994 0.7595143328125 0.4379310171875 0.7654308171875 0.44188276249999997 0.76536920625 0.4452126265625 0.7586169265625 0.44903853437499996 0.7550026234375 0.45471215468750004 0.7442816640625 0.46581768125 0.73083361875 0.46717266874999996 0.72562206875 0.46470108593750004 0.7230182046875 0.46124405625 0.7242045578125 0.45612142968749997 0.727760434375 0.43699454531250004 0.749858415625 0.429279146875 0.75430405625 0.4290963671875 0.758034575 0.43002354218749994 0.7595143328125
1 0.337450171875 0.5461700281249999 0.33390941875 0.551856628125 0.330740321875 0.565181453125 0.3323330859375 0.5711017578125 0.3419341921875 0.5812212640625 0.3509807734375 0.5844132109375 0.3600253828125 0.5845853062499999 0.36851809687500003 0.5818563109375 0.37413795156249996 0.578181671875 0.37944907968749997 0.569651771875 0.3810319859375 0.5604728171875 0.3788866703125 0.5506448046875 0.3717310625 0.5421225453125 0.3620729421875 0.5382796328125 0.3529673765625 0.5383444265625 0.3460628265625 0.5399474046875 0.340564884375 0.543148265625 0.337450171875 0.5461700281249999
1 0.6518535125 0.41303880312499996 0.6474676078125 0.4119756703125 0.643996253125 0.4123922953125 0.62816678125 0.421639228125 0.6215925109375 0.42709085 0.6206211390624999 0.431887684375 0.621732353125 0.454802359375 0.6232563812499999 0.45693308281249995 0.628618240625 0.460245703125 0.6449455140625 0.4672227734375 0.6518281265625 0.46763303125 0.670092903125 0.4569634921875 0.6739882078125 0.45287541249999996 0.675809446875 0.4437555203125 0.6755612015625 0.4366501359375 0.6768350203125 0.42865562187500006 0.675919815625 0.42616924687499996 0.6729331640625 0.42267752812500003 0.669156740625 0.42226536093749995 0.661601275 0.41741455624999996 0.6518535125 0.41303880312499996