0 1 0.5799088203125 0.999090575 0.5796110031249999 0.9975760625 0.5761204453125 0.994287025 0.574352296875 0.9955348203125001 0.570729746875 0.9931678906249999 0.5683421578125001 0.9922967093749999 0.562298040625 0.9900343234375001 0.560635746875 0.988023909375 0.5572131437500001 0.9871835546875 0.5531371218750001 0.9806523859375 0.5446635984375 0.9807261015625001 0.543420796875 0.9733733453125 0.5380183390625 0.9725289703125 0.5356686484375001 0.9688177453125 0.532725653125 0.96464144375 0.5318187109375 0.951957071875 0.5350361453125 0.9476293218749999 0.538341134375 0.9437317999999999 0.539368309375 0.9390126890625 0.5434665484375001 0.938156253125 0.5462958484375 0.9388572171874999 0.5494048109375 0.94659329375 0.55746668125 0.9565368078125 0.5755807328125 0.9626283640625 0.5827585281250001 0.96588791875 0.5895847859375001 0.972349390625 0.5975747796875 0.9732554203125 0.6038606609375 0.9664092906249999 0.6089899953125 0.9656614171875001 0.6108182578125 0.9776501937500001 0.632596678125 0.9821709468750001 0.6376475984375001 0.9872653375 0.63966143125 0.99119770625 0.638876021875 1 0.636018278125 1 0.5799088203125
1 0.8217485171875 0.41420481249999996 0.823960478125 0.40502559531250004 0.8232035390625001 0.3962541109375 0.8180280218749999 0.3883359921875 0.8048003671874999 0.378811775 0.7977378609375 0.3770697640625 0.792932790625 0.3769900484375 0.7845904499999999 0.37862882343750004 0.7691000156250001 0.38494738125 0.7655975171875 0.3869076359375 0.762373184375 0.39080200781249996 0.7600341734375 0.393835175 0.7588586515625 0.39794125468749997 0.75546314375 0.4146792125 0.75760423125 0.4207952046875 0.775481828125 0.43633740000000004 0.7808124765625 0.43831725625000006 0.7974623859375 0.4347979421875 0.8082480515625001 0.43085129375 0.8154696984375001 0.42492871093750006 0.818446621875 0.421068315625 0.8188411359375 0.4185487359375 0.8217485171875 0.41420481249999996
1 0.6986925171875 0.29833030625 0.6912507265625 0.29662227343750003 0.680455640625 0.29832508281250003 0.6780785171875 0.2996319203125 0.6714386343750001 0.308663465625 0.6677817312500001 0.31877184375 0.6676319703125 0.321257446875 0.6706421812500001 0.3260287046875 0.67868165625 0.3335730671875 0.6851554421875 0.3339324453125 0.6959859265625 0.3324713984375 0.7023344546875 0.324958396875 0.70656998125 0.3135392625 0.706117971875 0.3069436609375 0.7030723640625001 0.30193063750000004 0.6986925171875 0.29833030625
1 0.5815036171875 0.445149453125 0.5759255453125001 0.4458969640625 0.5730611296875 0.44751352187500004 0.56731996875 0.45592562656249996 0.5656081734375 0.4600996609375 0.5654491921875 0.466037925 0.5721236953125 0.47623777812499996 0.579290215625 0.47749625937499995 0.5897213453125 0.476344934375 0.59727709375 0.46621041874999997 0.5990683796875 0.4590672515625 0.5965849703125 0.45274347343750004 0.5924336234375 0.4473828328125 0.5893238828125 0.44558070625 0.5815036171875 0.445149453125
0 0.4175293296875 0.2961728 0.42305474375 0.2961505828125 0.4301360140625 0.292955365625 0.4341908265625 0.2896843546875 0.43690957499999994 0.2858579375 0.43682165624999997 0.278227321875 0.43570538281250004 0.2739435140625 0.42384331875000003 0.2595539453125 0.4135024734375 0.2417496125 0.41066516875000003 0.23597731875 0.4098193015625 0.22130155 0.39223600625 0.20030461875 0.38858214375 0.197603390625 0.38499355468749996 0.1971120203125 0.3742890609375 0.19957410312499999 0.36572120625000004 0.20642584687499999 0.361415965625 0.2114571671875 0.3553430734375 0.219937228125 0.35441861874999997 0.2240093296875 0.3548302296875 0.2286368359375 0.36201806875 0.240219321875 0.36702664375 0.25062304375 0.3720165703125 0.2538796765625 0.3764483578125 0.2549944078125 0.38067234375000003 0.2546585484375 0.384961603125 0.25653255 0.402991140625 0.2823987515625 0.4141179046875 0.2951639234375 0.4175293296875 0.2961728
0 0.7353972 0.5756644343749999 0.7403714859375 0.5823737296875 0.7433547265625 0.583934090625 0.7516474140625 0.5840216468749999 0.7627238390625 0.5807663140625 0.7698328078125 0.5760865328125 0.7707252515625 0.5700463359375 0.7676888078124999 0.5610971234375 0.7658666765625 0.55888334375 0.765417128125 0.555740403125 0.7584557875 0.54215584375 0.7559074625 0.53486500625 0.7519519734375 0.5282615640625 0.7384947984375 0.49733006562500004 0.734120353125 0.48955177812499995 0.7337439546875 0.48516603593749996 0.7348784625 0.4808181921875 0.7416496046875001 0.470268103125 0.740285 0.467744603125 0.7336455281250001 0.46693567343750003 0.6889394921875 0.485929240625 0.6843376140624999 0.48533201875 0.6810963515624999 0.48898462656249997 0.6812266953125 0.4934043453125 0.6821723421875 0.49475300000000005 0.686873971875 0.497801846875 0.700075775 0.5023888390625 0.704246725 0.5069902078124999 0.72130959375 0.54383383125 0.721793721875 0.5472185374999999 0.7240348109375 0.5506071625 0.72416914375 0.5533005515625 0.7353972 0.5756644343749999
0 0.6198285375 0.5209864468750001 0.6214832484375 0.5168124109375001 0.61700399375 0.50116174375 0.6103533421875 0.48605864062500004 0.6084349875 0.48311956718750004 0.6035715359375 0.4823145578125 0.5910333421875 0.4855319921875 0.58731851875 0.487526225 0.585353796875 0.48952437812499994 0.5849894703125 0.4957383828125 0.5783295500000001 0.4998666796875 0.518816859375 0.5189648 0.5082698875 0.52387850625 0.506442946875 0.5268437171875 0.506955659375 0.53219651875 0.5116574843749999 0.5423924515625 0.514487321875 0.5447120859375 0.5192818828125 0.545033565625 0.5871622015625 0.5250219656249999 0.5925198125 0.5240326890625 0.59667845625 0.5269077265625 0.6005615343749999 0.5278486484375 0.608404528125 0.5267613578125 0.6198285375 0.5209864468750001
0 0.6409537640625 0.7299573703125 0.63260079375 0.710362671875 0.6286149328125 0.704484525 0.625675084375 0.7021648921875 0.6236023265624999 0.70219495 0.6223567453125 0.7060592640625 0.6234261609375 0.715038534375 0.6333096171875 0.7484817734375 0.633905571875 0.7577707640625 0.6371716109375 0.76053995 0.649103040625 0.758701228125 0.653002190625 0.7552224296875 0.6533008546875 0.7519775546874999 0.6478946171875 0.74702856875 0.6451777359374999 0.7427068625000001 0.6409537640625 0.7299573703125
1 0.41789221562499995 0.5515337984375 0.4295873046875 0.5437568125000001 0.4392122921875 0.5338000265625 0.43551671406250003 0.5044785453125 0.4319968671875 0.49041829843749996 0.4293995828125 0.4880646859375 0.4027251828125 0.4789246828125 0.3994236640625 0.4769147703125 0.39190073124999997 0.4752407140625 0.3874676453125 0.47585231562499997 0.361926153125 0.4939219453125 0.3593821234375 0.49895718593750005 0.3545523234375 0.5038146968749999 0.3540358 0.514240634375 0.3544471609375 0.518868140625 0.3558130296875 0.521391640625 0.3583317734375 0.5424931234375 0.36099428906250003 0.54705659375 0.370479496875 0.5519114875 0.40013990625 0.5626118515625 0.406720309375 0.561210921875 0.4108804859375 0.5569388734375 0.41542140312500003 0.5553262375 0.41789221562499995 0.5515337984375
1 0.3092348171875 0.4573736765625 0.304436409375 0.45087216718749995 0.29387964218749996 0.44884657499999997 0.289316465625 0.44921641093750003 0.280177875 0.45513507343750004 0.27502458750000003 0.4619946578125 0.2731060421875 0.46817076562500004 0.275781946875 0.47594513281250006 0.2806945703125 0.4797192734375 0.290241075 0.483607109375 0.298714771875 0.48542099531250005 0.302417253125 0.4844277984375 0.31080120624999996 0.47861106875 0.3132894703125 0.474576865625 0.311521846875 0.46248863125 0.3092348171875 0.4573736765625
0 0.6009777187500001 0.6176897078125 0.5985996890624999 0.6027342765625 0.6003213406250001 0.5990437703125 0.6061320859375 0.59601844375 0.6093914484375 0.5926076 0.6355497203125 0.5746778015625 0.637653815625 0.5719203765625 0.65474595 0.55870041875 0.6643745015625 0.552679821875 0.6720140875 0.544962953125 0.673739709375 0.5395461171875 0.67297879375 0.535953625 0.668867203125 0.5298676906249999 0.6653061203124999 0.527649990625 0.661706659375 0.52691685625 0.6557966656249999 0.527490559375 0.652502896875 0.5306596375 0.640671 0.536986034375 0.638111678125 0.5400531796875 0.6196922421875 0.5527177328125 0.6158016515625 0.5569558031249999 0.5832318437499999 0.5807062515625 0.5801564234375001 0.5801469265625 0.5709764765625 0.5735317249999999 0.5630391390625 0.5738937203125001 0.5580197484375 0.5824796359375 0.5504185390624999 0.5887119390625 0.54838325625 0.59195289375 0.5494114859375 0.6009321640625 0.5527502531249999 0.608604596875 0.5668027062500001 0.624898225 0.5756690234375 0.6310638749999999 0.58203424375 0.630180453125 0.5861312734374999 0.6273929703125 0.59039636875 0.627540640625 0.592990096875 0.6247152609375 0.5983456140625 0.6219996546875 0.6009777187500001 0.6176897078125
0 0.3179937140625 0.3414533921875 0.3189518796875 0.33762305625 0.31839827187499997 0.3337548203125 0.3150061 0.32584062187499996 0.3193032015625 0.32253563281250003 0.3286825625 0.31088649375 0.3377731453125 0.30248222812500003 0.34405178125 0.293726425 0.34582571406249996 0.28682502187500003 0.3441875171875 0.280641075 0.3407873625 0.2761795375 0.33180190781249996 0.2695303578125 0.32818217656250004 0.2687972234375 0.323642871875 0.27040986093749997 0.31952276562500004 0.27319734375000004 0.3014028171875 0.2939420640625 0.2912542640625 0.3037250421875 0.2894231046875 0.3049639234375 0.2813372625 0.304600625 0.27704415312499997 0.306179284375 0.25899739843749997 0.3256812046875 0.259123825 0.33182725468749996 0.2608006140625 0.3365266359375 0.264866159375 0.3421290421875 0.2748630125 0.3523367359375 0.2823752890625 0.35746345156250003 0.2927727046875 0.3616989046875 0.2968156265625 0.361880553125 0.300931740625 0.36081940156250003 0.3110110953125 0.35055289375 0.3179937140625 0.3414533921875
0 0.3275628765625 0.52080749375 0.3307400875 0.5218503484375 0.3393985140625 0.520661125 0.3525526359375 0.5156494046875 0.354253565625 0.513443465625 0.3523186171875 0.494725653125 0.3506685015625 0.490268034375 0.3440305875 0.4581433921875 0.3424887828125 0.4526847390625 0.3403051203125 0.4497796421875 0.3367 0.4352358640625 0.337202790625 0.4317152484375 0.3447566796875 0.41933689531249996 0.3464308640625 0.4134365296875 0.3431841203125 0.41191014531250003 0.3285965078125 0.410462175 0.3117048859375 0.4122891375 0.2955473921875 0.4174668265625 0.2854621640625 0.4245224375 0.28567076875 0.42597302499999995 0.2933623953125 0.43034046875 0.30408012812499996 0.4399627 0.30536652656249996 0.4489079921875 0.3035572828125 0.45211496875 0.30774675937499996 0.45844266874999995 0.312225078125 0.47730423125000004 0.31528595 0.4828007828125 0.3222755515625 0.5156167421875 0.3275628765625 0.52080749375
0 0.6835863484375 0.4959958015625 0.681075325 0.48746216249999996 0.6852378703124999 0.4758012625 0.68542541875 0.4718310953125 0.683584990625 0.46616465468749996 0.670476675 0.46178545 0.6625941453124999 0.463598034375 0.65653585625 0.47798238125000003 0.6533569390625 0.4806339515625 0.64843474375 0.48179703749999997 0.6446864265625 0.484033034375 0.6372707546874999 0.49958830625 0.63576090625 0.504971165625 0.63670810625 0.5114988109375 0.639870834375 0.5157525609375 0.6473782640625 0.5218803140625 0.6532908359375 0.5240339781250001 0.6556736765625 0.5264215671875 0.6679751171875 0.5252401843750001 0.674968465625 0.522562475 0.6783659671875 0.5179088296875001 0.6836794515625 0.5019000874999999 0.6835863484375 0.4959958015625
0 0.26550154843749996 0.5721805453125001 0.26834921875 0.5779528390625 0.2729322265625 0.5817609578125 0.2812720171875 0.5801221828124999 0.2919501015625 0.575450240625 0.292591828125 0.5728966828125001 0.2914794984375 0.5651602140625 0.2872721640625 0.551685428125 0.2817506265625 0.5413496640625 0.28024791250000003 0.53440644375 0.28053802499999997 0.5311615703125 0.277667625 0.5199685203125 0.2712155796875 0.49965244843749995 0.2703118109375 0.493366565625 0.26620073906249997 0.48406973593749997 0.2659961875 0.48089281718750004 0.2675577234375 0.47771981874999997 0.2765740015625 0.47376925 0.2760298671875 0.46472202500000004 0.271798471875 0.461605221875 0.266385225 0.4502684203125 0.2620455390625 0.4481526546875 0.2587259328125 0.447869071875 0.2447710234375 0.44904653437500003 0.227449715625 0.4548776421875 0.2247598078125 0.45721949375 0.22407530000000003 0.462983946875 0.2257825671875 0.4731040859375 0.22318490781250003 0.481350221875 0.22430926874999998 0.48390769999999994 0.2268133453125 0.48553601718749995 0.23415979375 0.48575948437500005 0.23740586874999997 0.4872858671875 0.240647934375 0.49053858124999994 0.247880746875 0.5092681546875 0.2543675546875 0.529825990625 0.26550154843749996 0.5721805453125001
1 0.6949134578125 0.438430975 0.6880135609375 0.433444090625 0.68179085 0.4313244046875 0.6741579109375 0.431860209375 0.66954571875 0.4337146109375 0.6619713703125 0.43991293750000005 0.6600842578125 0.446330809375 0.6595596828125 0.45503041718750004 0.6601265 0.4588986515625 0.6644743609375 0.46225721875000003 0.6709532296875 0.46261659843749997 0.6742969000000001 0.46438474531249996 0.6827528109375 0.4659568671875 0.6905710546875 0.463177225 0.6943956984375 0.4594566609375 0.697291090625 0.452902878125 0.6977802390625001 0.44396150468749995 0.6949134578125 0.438430975
1 0.3323041375 0.5507863125 0.33516331250000003 0.5425061984374999 0.3336651953125 0.5303839875 0.33038009687500003 0.5234368468749999 0.3209937171875 0.5146117859375 0.311874715625 0.5128998328125001 0.302642853125 0.513915246875 0.2913445359375 0.518171615625 0.2838015796875 0.5256127421875 0.27959880625 0.5316111218749999 0.2787402484375 0.5344404218750001 0.27805635624999997 0.5384785453125 0.286777659375 0.5584888171875 0.292482578125 0.5628863187500001 0.301671446875 0.5650818015625 0.3093030859375 0.5652712906249999 0.3139908984375 0.564383946875 0.3202789375 0.5622917000000001 0.32514947968749996 0.5591605203125 0.32874226093750003 0.5559574640625 0.3323041375 0.5507863125
1 0.52690048125 0.7108109484375 0.5287671109375001 0.7009404140625 0.5290703859375 0.6925165484375 0.5276935593750001 0.6899930484375 0.5106388921875 0.675315978125 0.5016049796875001 0.6723612234375 0.47442407343750004 0.6822448328124999 0.47292647343749994 0.6859013609375 0.469332775 0.7066094859375001 0.4694951515625 0.7129973015625 0.4728808578125 0.720669734375 0.48115792031250004 0.7289054140625 0.491107034375 0.7346933875 0.497805978125 0.7355023171874999 0.5035159140625 0.7347208281250001 0.5147653625 0.7302226953125001 0.5230786515625 0.7229213984375 0.5253948312500001 0.7179201374999999 0.52690048125 0.7108109484375
1 0.4733124984375 0.5232447015624999 0.4693092390625 0.5223037796875001 0.4572789765625 0.5281126703125001 0.45438477343750006 0.5312137921875 0.45263104531250004 0.5403250546875 0.45236607656250005 0.5455380234375 0.45343962187500003 0.549338303125 0.4665147546875 0.5594140046875 0.47597451875 0.557155790625 0.486378075 0.552551803125 0.48671816718749994 0.5460960328125 0.4885388203125 0.53919463125 0.4873628359375 0.532942728125 0.4814214578125 0.5275781671875001 0.4733124984375 0.5232447015624999
1 0.6273614359375 0.6498574703125 0.6253896515624999 0.6449503015625 0.6162733390625 0.6360912625 0.602662540625 0.625875728125 0.5950099875 0.6271708046875 0.5714746015625 0.635819453125 0.5688741546875 0.642339259375 0.5688661140625 0.6457919203125 0.566153071875 0.6550390921875 0.56502845 0.6665340234375 0.566752253125 0.6714751703124999 0.5865464874999999 0.68774658125 0.591463209375 0.6902779203125 0.6074077046874999 0.6868605390625 0.6147465953125 0.6833895812499999 0.6220198031249999 0.6777087625 0.6255116390625 0.6686014203124999 0.6273064796875001 0.6582473578125 0.6273614359375 0.6498574703125