1 0.5071569953124999 0.326962909375 0.5106323859375 0.3116279265625 0.51088725 0.297537584375 0.51271535625 0.27832334375 0.51161665625 0.270308434375 0.5038205078125 0.2625869421875 0.48625202187500005 0.24835188125 0.4713739875 0.2392586203125 0.46813494999999994 0.2382524734375 0.463212525 0.23863721718750003 0.43975371093750004 0.24555648593749999 0.419991496875 0.25437851562499997 0.41523444375 0.26199139374999997 0.412015140625 0.27626500468750004 0.40910868125000005 0.3092585796875 0.4107744765625 0.3153886265625 0.414837309375 0.3199630234375 0.419302478125 0.3219389078125 0.42252361718750003 0.32720875 0.44799778593750006 0.3463838265625 0.451639465625 0.3480487046875 0.4564887671875 0.3484325296875 0.4755376359375 0.3430325015625 0.5016677796875 0.3324897578125 0.5071569953124999 0.326962909375
1 0.4125097234375 0.28166319687499997 0.41044128593749996 0.2748744203125 0.413240965625 0.2739775 0.4132221484375 0.26846946875 0.4152708515625 0.2599784875 0.4199732921875 0.25538496875 0.42377942500000004 0.254506253125 0.4313913859375 0.24949158124999998 0.43951582812499995 0.24561140625000003 0.44039393125000004 0.2429030546875 0.4357090828125 0.2399756359375 0.4194407703125 0.23571347187499997 0.4066678890625 0.23465332343749998 0.398232134375 0.2360997453125 0.3925599546875 0.24191939687500003 0.38258828437500003 0.2562485390625 0.37966086718750003 0.2609333875 0.378636515625 0.265178878125 0.37984505468749996 0.273669553125 0.3883745875 0.2965060453125 0.3921082078125 0.302910384375 0.39726882343750003 0.3057279625 0.40724202343749993 0.30768503125 0.409456403125 0.30967942656249997 0.41005899062499995 0.2960099328125 0.41205307968750005 0.29053830937499997 0.4109179703125 0.2845363078125 0.4125097234375 0.28166319687499997
1 0.6986338015625 0.856795753125 0.6968387390624999 0.8381674234375 0.693141221875 0.8264929375 0.685784125 0.8174172687500001 0.671748090625 0.8108858031249999 0.6644101171875 0.8105754078125 0.6537053687500001 0.8130467937500001 0.644464940625 0.8196902406250001 0.637585446875 0.8300481843749999 0.6357746265625 0.838484246875 0.6360683484375 0.8484389359375 0.6396193109375 0.8583933203124999 0.6482756640625 0.8676701578125 0.6563093890625 0.8720794890624999 0.6593836671875 0.8723719859375001 0.66844205 0.8757930703125 0.675469015625 0.8769269546875 0.680208478125 0.8768350140625 0.6878204375 0.871820340625 0.6958529390625 0.8632007046875 0.6986338015625 0.856795753125
1 0.485078825 0.421260315625 0.47268976875 0.4153508671875 0.46643137343749996 0.41429010625 0.46370481718749995 0.41441845624999996 0.45096956875 0.4243743703125 0.44780426875 0.42911413749999994 0.4479329234375 0.43509793593749996 0.45122810468749996 0.449370934375 0.4567182390625 0.4536158140625 0.46784444687500004 0.4573111890625 0.47364528124999994 0.4574753359375 0.47897004218749994 0.4544920796875 0.48621577031249996 0.446805771875 0.488850690625 0.44519520312500005 0.4901678453125 0.441132675 0.4867443140625 0.4241331203125 0.485078825 0.421260315625
1 0.5446888640624999 0.33107668437500004 0.5455302515625 0.327123996875 0.5378609234375 0.3058428484375 0.532919375 0.2974623171875 0.529058015625 0.2948459078125 0.5222871375 0.29265065 0.5129544625 0.2912973921875 0.5114907546875 0.2936398171875 0.5113448109375 0.29843419843749996 0.50893018125 0.30751078593750003 0.508181040625 0.3194601765625 0.5089317109375 0.32379699687499996 0.507395184375 0.3301652328125 0.5051079859375001 0.33219664843749996 0.5009541296875 0.3326545171875 0.49945370625 0.3337526046875 0.49608662499999995 0.33327714375 0.4935066234375 0.335125596875 0.49019446093749997 0.33488801874999996 0.4879621828125 0.33715731875 0.48499774375 0.3373405890625 0.480039215625 0.34299548125 0.482418965625 0.3522180109375 0.486372265625 0.3595738828125 0.4924291875 0.3586766578125 0.50734301875 0.359242528125 0.5136193140625 0.35603959375 0.522476221875 0.357502690625 0.5251660625000001 0.3561300046875 0.5348270328125 0.34588159375 0.5361259828125 0.34282551875 0.5446888640624999 0.33107668437500004
0 0.3889086484375 0.7220884796875 0.391552671875 0.719974684375 0.4133189953125 0.7149495328125 0.4213703125 0.7118379265625 0.42373094218749996 0.7122951828125 0.4271344328125 0.7107577375 0.43913843750000003 0.7084875187499999 0.4406388609375 0.70738943125 0.444554834375 0.7069864828125 0.44600033906250003 0.7056505125 0.45002614999999996 0.7057233296875001 0.4601634984375 0.7018795640625 0.46407947031249996 0.7014766156250001 0.4660007421875 0.7000308046875 0.46949586718749997 0.6999755796875 0.4714720578125 0.6987676515625 0.4777668640625 0.69781550625 0.5031836640625 0.6906947640625 0.5082338265625 0.686522090625 0.5091119296875 0.6838137390625 0.5091113171874999 0.6772992546875 0.5062005734375 0.6646914390625 0.496044103125 0.6597699328125 0.491378071875 0.6623505453125 0.483820725 0.664345859375 0.4789896296875 0.6629555796875 0.47715999218749994 0.6658836109374999 0.47077385781250003 0.6686107781249999 0.4444968546875 0.674176178125 0.43781791718749996 0.6767203828125 0.39600537187499996 0.68662413125 0.3855203015625 0.69004705 0.3824460234375 0.689754553125 0.376643965625 0.6765614375 0.374539425 0.675042809375 0.3701476859375 0.675555596875 0.368921859375 0.6778431015625 0.364713390625 0.681320328125 0.3569181609375 0.6833705609375 0.34665276875 0.6877450140625 0.34560990625 0.689739715625 0.346232534375 0.6946072203125 0.352109553125 0.7265752203125 0.35602675 0.739201240625 0.36076651718749997 0.7423665421875 0.3775831078125 0.7392358140625 0.3801816203125 0.73963815 0.38268880312500003 0.7418155093750001 0.3887639296875 0.7399118296875 0.389916325 0.7351356531250001 0.38834155312499996 0.7239733421875 0.3889086484375 0.7220884796875
1 0.532146215625 0.2485305609375 0.5336827421875 0.242162325 0.5334627578125 0.23795354999999999 0.5254833390625 0.22726761718750002 0.5216951046875 0.22388263749999998 0.514979146875 0.22192526250000003 0.505061171875 0.2234633203125 0.49851027812500004 0.22547683749999997 0.4963878390625 0.22822190468749998 0.492893325 0.23479161406250001 0.49013127812499996 0.246704596875 0.49128459218750004 0.25170014687500003 0.4937186515625 0.254646075 0.49692127968750005 0.25766512812500003 0.5026675 0.260848634375 0.506913296875 0.265130228125 0.5105549765624999 0.2667951046875 0.5128970953125 0.265001571875 0.520070309375 0.26459831718750004 0.5266758171875 0.259565440625 0.532146215625 0.2485305609375
1 0.516384115625 0.373441790625 0.5089532828125 0.3586202078125 0.5037377484375 0.35556474531250004 0.49652781875 0.3547236640625 0.4884027640625 0.3520893546875 0.4873052890625 0.3571034140625 0.4803890796875 0.3662170234375 0.47537593749999996 0.3748912734375 0.4742966671875 0.37889888125 0.47828698750000004 0.39075633125000003 0.48289901718749995 0.3977095625 0.485955090625 0.39900851249999997 0.4970627890625 0.4004530984375 0.50531558125 0.399299478125 0.5080785453125001 0.397158221875 0.5145739078125 0.3883923375 0.5180135015625 0.38158474375 0.5178484359375 0.3776138515625 0.516384115625 0.373441790625
0 0.5620694984375 0.6831133984375 0.566882084375 0.6822528875 0.5731216640625 0.6778056171875 0.5762320453124999 0.672827965625 0.5770913328125 0.6646115828125 0.575901609375 0.6616289390625 0.5645915203125 0.6484546390625 0.5652860468750001 0.6395246078125 0.563967975 0.6338154078125 0.5495833 0.6170913687499999 0.5450264953125 0.613633265625 0.5396647125 0.6121149421875 0.5359866234374999 0.6124629703125 0.5280084296875 0.6148060078124999 0.520579434375 0.6195278765625 0.5149803796875 0.6245789578125 0.5125469328125 0.6281475140625 0.5079000234375 0.6394934 0.5090351328125 0.645495403125 0.5120733078125 0.6510580484374999 0.5172706390624999 0.6551199624999999 0.5199243765625 0.6590174249999999 0.52836105 0.6673427296875001 0.5346561609375 0.6696478265625 0.5433115953125001 0.6691529359375 0.551620225 0.6780089265625 0.5561770296875 0.68146703125 0.5620694984375 0.6831133984375
0 0.412065784375 0.6205262234375 0.417702165625 0.6232339625 0.44385326875000003 0.6409999453124999 0.44767791093750003 0.6423720203125 0.45088054062499994 0.645391071875 0.45757829375 0.6483549 0.461366528125 0.6517398796875 0.4643127640625 0.6525630625 0.4720172765625 0.6588023375 0.47542107343750006 0.6605221343750001 0.47984952812500004 0.6612536828125 0.48255818437500003 0.6653890265625 0.48914579375 0.6646198453125 0.49392166406250004 0.6625149984375 0.5033441375 0.6458070234375 0.5040207671875 0.6411406859375 0.5032883 0.6357974125 0.500670971875 0.6298870453125 0.4988043140625 0.6283134968749999 0.48610394531249995 0.61997029375 0.48407252968750003 0.6176830953125 0.4776126578125 0.6146643484375 0.469377459375 0.60829703125 0.4605751640625 0.603814575 0.43700436875 0.5874573828125 0.42948312499999997 0.5841825484375 0.4269759421875 0.5820051890625 0.42132135625 0.580303903125 0.41901534218750003 0.5768272875 0.41608639375 0.565225925 0.41610398593750003 0.5577049875 0.41506051250000003 0.5531852046875 0.4138893 0.5524533500000001 0.41123586875000007 0.5518131296875 0.40766761875 0.5526369250000001 0.4012632796875 0.556370546875 0.3960119484375 0.561842475 0.3791789890625 0.585523109375 0.373177903125 0.5964299453125 0.3694458125 0.6063118171874999 0.368732775 0.6129910609375 0.37222820625 0.6161930765625 0.3754305296875 0.6159548874999999 0.3804624875 0.61278866875 0.3834636421875 0.613849734375 0.38856903125 0.6131721875 0.39720595468750003 0.610426509375 0.40317154843749997 0.61130430625 0.40745406093750003 0.6168302359375 0.412065784375 0.6205262234375
0 0.5754729640625 0.7737293484375 0.574667371875 0.769154646875 0.573679125 0.7681299890625 0.5690127859375 0.7674533593749999 0.56259024375 0.772193434375 0.55110025 0.791884359375 0.5352003125 0.8130945265625 0.5354017875 0.8150525125 0.53909869375 0.820212515625 0.5531532375 0.82899476875 0.5549464640624999 0.8280796453124999 0.55575144375 0.8261398625 0.5544882906249999 0.8206685468750001 0.5552198390624999 0.8162400921874999 0.5719241421875 0.7865756609375001 0.5747781296875 0.7794021390625 0.5754729640625 0.7737293484375
0 0.736506809375 0.5964873046875 0.7428380234375 0.593522253125 0.7505413125 0.5867325578125 0.7532129484375 0.586366325 0.778063571875 0.5909021703125 0.790049371875 0.5896384046875001 0.7957400609375 0.5860695437500001 0.7992530859375 0.581750621875 0.8030400953125 0.572106634375 0.8008797171875001 0.5605783953125 0.7955540375 0.553789925 0.79134495625 0.5507526671874999 0.7845191578125 0.5483195265624999 0.7660003625 0.5473331140625 0.756374884375 0.5457968921874999 0.752037453125 0.5400330796875 0.74771853125 0.53652005625 0.7401605734375 0.532000884375 0.7339753015625 0.5301715546875 0.7223736328125 0.5298432609375 0.710644225 0.5333028953125 0.702959140625 0.5390861375 0.7004158546875 0.5421789265625 0.69650049375 0.549096359375 0.6952382593750001 0.55339676875 0.6963918796875 0.5616495609375 0.69507503125 0.5689693296875 0.6971801828124999 0.57700244375 0.7005660812500001 0.582985934375 0.704683834375 0.587798215625 0.711162215625 0.5930677515625 0.7169084359375 0.59625125625 0.7222702187500001 0.5977695796875 0.7300290406250001 0.597732253125 0.736506809375 0.5964873046875
1 0.527580090625 0.7301636593749999 0.5188685125 0.717391696875 0.51491551875 0.7132930671875 0.51167648125 0.7122869203125 0.50408241875 0.713037896875 0.49372539218749995 0.7159301296875 0.48798039531250004 0.7257755921875 0.4865719125 0.7316131421875001 0.48732258437500003 0.7359499609375 0.49063535781249995 0.7427020234375 0.496637971875 0.7480813984375 0.499291709375 0.7519788609375 0.502805346875 0.7541744234375 0.5128880796875 0.7533500171874999 0.5204454265625 0.751354703125 0.5236656484375 0.74685281875 0.528550440625 0.7354520124999999 0.527580090625 0.7301636593749999
0 0.6613765234375 0.46424666875 0.6616687140625 0.45791514843750003 0.6602775171874999 0.45297451874999994 0.657971503125 0.449497903125 0.653890465625 0.445929959375 0.6476502734375 0.443862746875 0.6429108109375 0.44395468749999994 0.6249964390625 0.4488422328125 0.6176399546875 0.4462810484375 0.606623890625 0.4463186828125 0.5921864390625 0.45215745625 0.58514188125 0.4585445078125 0.5831110765624999 0.46277179375 0.58168469375 0.47287303906249994 0.5841375703125 0.48132699843750004 0.58887764375 0.48774954218750005 0.59231815625 0.490713675 0.6022000281250001 0.4944457671875 0.61422254375 0.49442633750000003 0.62783650625 0.48827655625000005 0.6348625546875 0.47963871406249997 0.654387190625 0.47412884687499995 0.6594006390625 0.46871183906249997 0.6613765234375 0.46424666875