1 0.42043395625 0.43312170937500005 0.42014443906250004 0.42898142968749997 0.41573167343749995 0.42537421093749994 0.4120716953125 0.41853277499999997 0.40765892812500004 0.41492555624999994 0.40390355624999996 0.4137197375 0.400793671875 0.411245096875 0.3979494828125 0.40557029843750003 0.3921895328125 0.40719675781250003 0.387834646875 0.41141707031249997 0.383248125 0.41932463125 0.385566040625 0.427973071875 0.391327659375 0.43687017812500006 0.395117090625 0.4385630890625 0.3972136109375 0.4440454328125 0.4003405265625 0.44676361875000004 0.401212528125 0.445234221875 0.40907923906250004 0.44223675937499995 0.41040427187499995 0.440186209375 0.417523315625 0.43699629375000004 0.42043395625 0.43312170937500005
0 0.5915693578125001 0.6475362890625 0.5968762765625 0.6464309828125 0.6025510734374999 0.64358679375 0.6061412609375 0.63893048125 0.60689405 0.6356962625 0.60640016875 0.62863343125 0.5906550640625 0.5609633984375 0.5934856734375 0.5524444109375 0.5988368937499999 0.5449728515625 0.5998502578125 0.5419651484375 0.59879604375 0.5373888671875 0.5951990656249999 0.5349482875 0.589217721875 0.5334086499999999 0.5675932265625 0.5356549921875 0.5477706140625 0.5426700703125 0.5428264546875 0.5454631671875 0.5394116906249999 0.5491282656250001 0.5394917234375 0.55377266875 0.54219966875 0.5574991 0.54685598125 0.5610892875 0.5554941796875 0.5656247171875 0.5584116109374999 0.5688470265625 0.5654453875 0.5994367484375 0.57596371875 0.6378591218749999 0.581379609375 0.6453119843749999 0.5851690421875 0.6470048953124999 0.5915693578125001 0.6475362890625
1 0.4016110171875 0.4579326703125 0.40846269375000005 0.44741934531250005 0.41166630312499997 0.433734803125 0.4074681421875 0.426196790625 0.404879409375 0.42417518125000003 0.4003763703125 0.42277690625000003 0.392717475 0.41474668125 0.3914605640625 0.41777141406249996 0.38937083437500003 0.4193859625 0.3901644734375 0.42373572812500004 0.388369378125 0.426063884375 0.3821563984375 0.42821149687500004 0.379165725 0.427441678125 0.377755540625 0.42827449843750004 0.372346440625 0.42791852812500003 0.37117980156249997 0.42873431875 0.374340778125 0.43193959687500005 0.373395534375 0.43592148281250004 0.374557053125 0.438532365625 0.37077953125 0.4405096734375 0.370564925 0.44444046875 0.38367377187499996 0.4604106484375 0.3841949234375 0.4608636796875 0.387224778125 0.45869391718749997 0.39435573125 0.45917421875000003 0.4016110171875 0.4579326703125
0 0.4181230578125 0.36157542343750004 0.4209945171875 0.3606404203125 0.426158403125 0.3504898546875 0.4273301625 0.3462473921875 0.42564749218750003 0.343183478125 0.42278115156249996 0.34069180781249997 0.419546934375 0.33993901875 0.41770586875 0.3381098640625 0.41422810468750004 0.33737410625 0.39822052812500003 0.3289487296875 0.39502037031250004 0.3286830328125 0.3679050734375 0.3154054375 0.3619066984375 0.3136222546875 0.357878840625 0.3085197 0.3590506 0.3042772375 0.3582177796875 0.302867053125 0.355334409375 0.3001318359375 0.343218446875 0.294860646875 0.3400182890625 0.29459495 0.33705655625 0.297738896875 0.3337780359375 0.3033523625 0.3282241203125 0.3184249375 0.327047240625 0.3260940734375 0.33124540156250004 0.3336320875 0.33267261718749996 0.3330428125 0.3396792359375 0.3352449671875 0.3723552390625 0.340546878125 0.39411764531250004 0.35077246875 0.39734674375 0.35495193125 0.40454581875000006 0.3564064171875 0.41241931875000004 0.360505846875 0.4181230578125 0.36157542343750004
0 0.47921189062499997 0.45470891875 0.4769961578125 0.4475217546875 0.47419281875 0.449430940625 0.472811575 0.45417752499999997 0.46995714531250005 0.4553560734375 0.4602323390625 0.4562808359375 0.4530622046875 0.45874011406250004 0.4369030234375 0.45864639062499996 0.43378289687500005 0.46302509687500004 0.4344232625 0.46518294843749997 0.43728960156249996 0.46767461875 0.44365585625000004 0.46771892187499997 0.449269321875 0.470997440625 0.45496115000000004 0.46839679843750004 0.46151985937499995 0.46769343281250003 0.4728081234375 0.4681277640625 0.47878946874999995 0.4696674015625 0.47981986406250005 0.46690324531250005 0.47921189062499997 0.45470891875
0 0.44853254218750005 0.7894515281250001 0.45283800625000004 0.79502414375 0.45756410937499997 0.8101120796875 0.46173333124999993 0.813736328125 0.466360703125 0.8134127515625 0.47295859374999993 0.8097698031249999 0.4744760796875 0.8069715859375 0.4804336046875 0.8011707859375001 0.4827890328125 0.796356078125 0.4840680953125 0.79014821875 0.489816134375 0.784851540625 0.492398078125 0.7797762578125 0.4941812625 0.77377788125 0.494785896875 0.7649250765625 0.49274046875 0.760173371875 0.4887756125 0.759471675 0.4782469265625 0.7629000171875 0.4694452125 0.76302601875 0.4417798234375 0.745381628125 0.42449151562500004 0.732640546875 0.4025417734375 0.7197359515625 0.3938030609375 0.7242628109375 0.385365775 0.73660016875 0.384142925 0.74011199375 0.3847100484375 0.7447223359375 0.3860810515625 0.746829096875 0.395773465625 0.755940809375 0.4043776046875 0.7599891484375 0.411101496875 0.7651479140624999 0.416663871875 0.767695796875 0.42058954687499994 0.771337075 0.4349093328125 0.780125209375 0.43912964531250004 0.7844800968750001 0.44853254218750005 0.7894515281250001
0 0.335519915625 0.4297594796875 0.34233408125000003 0.4327093015625 0.3441921765625 0.4347820015625 0.3501054 0.43534745625 0.3541724375 0.4375104296875 0.35989320625 0.4388235515625 0.365246096875 0.44187555625 0.368146496875 0.44485431875000003 0.37817785000000004 0.448313384375 0.380398703125 0.45207387499999996 0.385491015625 0.4548993640625 0.392412484375 0.4558837890625 0.4008344078125 0.45382645000000005 0.40074246718750006 0.445511828125 0.3992249796875 0.4483100453125 0.39431488125 0.45159023437499995 0.3870817453125 0.4496486578125 0.383694253125 0.4467039546875 0.3830181359375 0.44053492031249997 0.38426482812499996 0.437364059375 0.3906924140625 0.4312856515625 0.3847843125 0.42729352499999995 0.3809148484375 0.42095621093749996 0.3778560546875 0.4192122078125 0.369388159375 0.4171122359375 0.3629248421875 0.4121799859375 0.35762304375 0.40985861874999996 0.3508770015625 0.4078829796875 0.344532896875 0.4046555515625 0.33884618906249997 0.4038295203125 0.33573630468750004 0.4013548796875 0.3322244796875 0.4001320296875 0.3306491109375 0.39510271874999997 0.332120628125 0.3881471890625 0.3291861671875 0.3846813359375 0.30791085156250003 0.374421684375 0.30502236250000003 0.375113140625 0.3010864453125 0.3783252078125 0.2955155 0.3931542375 0.2889925203125 0.40486826093749995 0.28679036562500004 0.41187488125 0.2871820640625 0.41747643593749995 0.2893228859375 0.416592525 0.3064460109375 0.4234714734375 0.3112385671875 0.4290100296875 0.3144046640625 0.42878863437500003 0.3164092421875 0.42595635468750004 0.3196996734375 0.42401310781249996 0.322673315625 0.42453938124999996 0.32606080625 0.4274840828125 0.335519915625 0.4297594796875
0 0.5005435296875 0.42727516562499995 0.488109109375 0.41394993125 0.48751983593750003 0.41252271562500004 0.4889692015625 0.408750315625 0.48866265468750003 0.4043664890625 0.47450638281249996 0.39091692031249997 0.47008849531249997 0.3907363765625 0.46470833437500003 0.39429417187500004 0.45666107812499995 0.40170952031249996 0.4497242484375 0.411005115625 0.44736882187499993 0.415819821875 0.45323774375000003 0.42275153125 0.46409679531250003 0.431047453125 0.46967620156249995 0.43383888125 0.474496028125 0.4327676359375 0.48886178437499994 0.44571308125 0.49476821875 0.43918164375 0.5020626859374999 0.4350005125 0.502016715625 0.4308432015625 0.5005435296875 0.42727516562499995
0 0.40918999375 0.42632112343750006 0.4096889953125 0.42995728125 0.414503703125 0.432312709375 0.4173921921875 0.431621253125 0.41996389531249995 0.433399315625 0.42490293437500004 0.43403289218749996 0.432340434375 0.4388970203125 0.44704513125 0.44618981875 0.4510559578125 0.45104882812499997 0.45759251562500003 0.45352858906250004 0.46125761406250004 0.4569433515625 0.4652224703125 0.4576450484375 0.47494727656249996 0.45672028750000004 0.47752409843750004 0.45507167812500005 0.47780682656250006 0.452115065625 0.4758635796875 0.4488246359375 0.47705236875 0.44482571875000004 0.47613439687500003 0.44219780468750003 0.47443469531250004 0.4388903453125 0.4699538078125 0.43430894374999995 0.4561040828125 0.42524320156249995 0.4486274015625 0.4233186546875 0.445902425 0.419348678125 0.4419035078125 0.41815988906249996 0.4172628515625 0.4017724078125 0.4037588546875 0.3941509125 0.40294818593750004 0.3895576015625 0.40483867343749996 0.381593828125 0.4043907625 0.37868830781249996 0.40213072812500006 0.37786739687500004 0.3990327515625 0.37906297499999997 0.3960420796875 0.37829315625 0.386605121875 0.3728346328125 0.3826743265625 0.372620028125 0.376190528125 0.38139447031249996 0.3754547703125 0.384872234375 0.3734331609375 0.3874609671875 0.3699059734375 0.39651813593749996 0.367238878125 0.4003756890625 0.3651321171875 0.40174669218750003 0.36491751250000004 0.40567748750000004 0.3756743828125 0.412512134375 0.378343146875 0.41917814687500005 0.38102215156249997 0.4189908125 0.386039553125 0.4137452265625 0.395963603125 0.41916968906249996 0.3978779109375 0.418546353125 0.40145785624999997 0.42074338750000007 0.404918590625 0.4212356 0.40918999375 0.42632112343750006
1 0.534448378125 0.681143728125 0.538196959375 0.67525265625 0.5396684765625 0.6682971265625001 0.5388799578125 0.6605206890625 0.5359454968749999 0.657054834375 0.5265306890625 0.6484131828125 0.5210364359375 0.6468394843749999 0.512767784375 0.6510887375000001 0.50914865625 0.651831284375 0.506118803125 0.654001046875 0.5037293140625 0.6583286625 0.5055703796875 0.6601578156250001 0.5073892921875001 0.6651700984375 0.506002928125 0.67334335625 0.506309475 0.6777271828125 0.509209875 0.6807059453125001 0.51710040625 0.685048921875 0.522753053125 0.6853878609375 0.5297477640625 0.6839197953125 0.534448378125 0.681143728125
1 0.38782763125 0.47431491562500006 0.3855659265625 0.46297044062500003 0.3867547171875 0.45897152343750003 0.38917314531249997 0.4585576734375 0.38245949375 0.4465455609375 0.384917103125 0.4431921296875 0.38534119375000003 0.4387572125 0.3887729875 0.435335659375 0.388483471875 0.4311953796875 0.3811430328125 0.43121919999999997 0.379036271875 0.432590203125 0.3778372421875 0.443442465625 0.37877224374999996 0.446313925 0.37596890625 0.4482231109375 0.37383320468750003 0.44568035000000006 0.3671382515625 0.4444353484375 0.36446436718749997 0.44119600937500003 0.3652341859375 0.4382053375 0.36450866875 0.4348297546875 0.3584370515625 0.4354990609375 0.355543440625 0.43961719062500004 0.35011218906249997 0.44244434843749997 0.3420649328125 0.4498596984375 0.33530352812499997 0.458164078125 0.3338541625 0.46193647968749996 0.33412152812499996 0.4692598875 0.3359523515625 0.4779423890625 0.3389327828125 0.485565553125 0.341884275 0.4892749546875 0.35120202031250003 0.49302865625000003 0.3628700734375 0.495394325 0.3689246609375 0.4944814734375 0.3786767375 0.48694691093750003 0.3861687796875 0.4785914390625 0.38782763125 0.47431491562500006
0 0.4974121421875 0.753483540625 0.5017346359375 0.7592997015625 0.50812983125 0.7632577687500001 0.5142525390625 0.7633191 0.5156627234375 0.7624862796875 0.5183638796875 0.75911581875 0.5195697 0.7553604468749999 0.519993790625 0.7509255296874999 0.5187352109375001 0.7434266984375 0.500500103125 0.68914656875 0.49737318750000004 0.6864283828125 0.49753158124999997 0.6851936234375 0.50585644375 0.6782483359375 0.5090906625 0.6790011234375 0.5163357078125 0.6846129203125 0.52344963125 0.6848496765625 0.53067085625 0.6831210359375001 0.5343972859375 0.680413090625 0.5377098671875 0.6752867171875 0.5391183828125 0.66393033125 0.5376111359375 0.659875203125 0.5262139015625 0.650882703125 0.5214162250000001 0.648770821875 0.51504485 0.65215319375 0.5094841437500001 0.6601288765625 0.505485228125 0.6589400875 0.501559553125 0.6552988078124999 0.4968402390625 0.6473077640625 0.49112459062499997 0.64256796875 0.484831578125 0.6400711765625 0.4698850046875 0.643318975 0.46466323750000005 0.645642009375 0.4568935890625 0.6535274203125 0.454243525 0.6576285203125 0.45370022031249996 0.660358615625 0.45407488906250004 0.6657166265625001 0.45594489375 0.6714595453125 0.4560981671875 0.673651459375 0.4546488015625 0.6774238609375 0.45573707812500003 0.6824872328125 0.459345965625 0.68859803125 0.465185946875 0.691615975 0.47619148281249996 0.69500691875 0.49486259062500004 0.74852235 0.4974121421875 0.753483540625
1 0.4888158140625 0.4415557703125 0.48854499687499997 0.4481826015625 0.4929696734375 0.4554600390625 0.5006115390625 0.46324671874999995 0.5113343484375 0.46959427343750004 0.5192640609375 0.47099766875000004 0.5236478859375 0.470691121875 0.5297927453125 0.4675693265625 0.53225035625 0.46421589531249996 0.53629190625 0.44851486406249996 0.534529203125 0.44080654687500004 0.5315777125000001 0.43709714687499995 0.5227521796875 0.42988271093749997 0.517223865625 0.42782192031250005 0.505012509375 0.42818634843750003 0.5006797734374999 0.4292235328125 0.49359312187500004 0.42237697656249995 0.4927092109375 0.42023615468750003 0.48989396249999995 0.4184751203125 0.48820617187500004 0.41883787968749997 0.48782126249999996 0.42033321562500003 0.48842756718749997 0.4220039765625 0.4909822390625 0.42353849375 0.4916055734375 0.42545279999999996 0.4933614859375 0.426064225 0.49551421875 0.42885053281249996 0.4977401921875 0.42918435156249995 0.49823919375000003 0.43282050937500005 0.4923549109375 0.43616882031250004 0.4918797296875 0.43987309999999996 0.4888158140625 0.4415557703125
1 0.5699184984375 0.37641347812500003 0.5652332453125 0.3689095265625 0.5591378078125 0.36223839375 0.556061984375 0.3602508453125 0.5452267515625 0.3592953609375 0.5320020296875 0.362667490625 0.5268143234375 0.36547761875 0.5220064062499999 0.3702190828125 0.5190395546875 0.376789703125 0.5163281578125 0.3870135109375 0.516827159375 0.39064966874999996 0.5247244796875 0.40208953750000004 0.53339161875 0.41053873281250003 0.551153440625 0.40905196874999994 0.56231058125 0.40411125937500003 0.56546476875 0.40021964531250004 0.5694960765625 0.39137196093750004 0.5708654109375 0.3829551578125 0.5699184984375 0.37641347812500003