0 0.747962015625 0.49237604062500007 0.744823190625 0.4987644453125 0.74270451875 0.5010636625 0.7374027203125 0.5033850281250001 0.7327753484375 0.5030614515625 0.7264653046875 0.5058017890625 0.7205520812499999 0.5063672421875001 0.6971308234375 0.512316309375 0.68626153125 0.5137588859375 0.6795206078125 0.5191611968750001 0.677316784375 0.5226781421875 0.6786929078124999 0.5239980546874999 0.6829269124999999 0.540446753125 0.6846538843750001 0.54374909375 0.6905041062499999 0.5475844953125 0.696349209375 0.547993225 0.7251625374999999 0.5419317343750001 0.7652743703125 0.542289259375 0.77075159375 0.54095910625 0.777587909375 0.5411924124999999 0.7892900234375 0.5383396515625 0.7930794546875 0.536646740625 0.7947450953125 0.533826371875 0.7958231296875 0.5219096515625 0.7949749484375 0.5130398171875 0.7891212750000001 0.4952541765625 0.7815048984375 0.48517685312500003 0.7754162499999999 0.4847510921875 0.76472238125 0.48718488281249994 0.7536606328125 0.487879790625 0.747962015625 0.49237604062500007
1 0.331808846875 0.5778125953125001 0.33093005625 0.5833800890624999 0.332713240625 0.5893784656250001 0.337979309375 0.5980677546875001 0.345794928125 0.6017958546875 0.3504223015625 0.6021194328125 0.35807440625 0.6011860984374999 0.36188086875000003 0.5992496421875 0.372763740625 0.58361328125 0.371540890625 0.58010145625 0.36380018281250004 0.56830228125 0.3603513578125 0.5651242734374999 0.35480089375 0.5640019374999999 0.3452515125 0.5640683890625 0.3389585 0.56656518125 0.334687096875 0.5716507046875 0.331808846875 0.5778125953125001
0 0.46916305312500006 0.409004215625 0.45721227343750004 0.40841327187500004 0.45495223749999997 0.4092341828125 0.4515306859375 0.4126659765625 0.450144434375 0.4394900875 0.45053958437499997 0.44783876874999995 0.45418086406249997 0.45176444375 0.46670900781249997 0.4545983921875 0.4736815671875 0.4528833296875 0.4779529703125 0.44779780625 0.4815158859375 0.44584431718750006 0.4906122375 0.4452567125 0.49591915625 0.44636201875000003 0.5043018984375001 0.4454797765625 0.5604196406249999 0.44793549062500004 0.5640234078125 0.43839801874999995 0.5643929546875001 0.4296133359375 0.5636231359375 0.4266226640625 0.5622470125000001 0.42530275156249997 0.5557904859375 0.42313810937499996 0.4802231328125 0.418832871875 0.47929491874999997 0.41460744062500005 0.4768543390625 0.4110104625 0.46916305312500006 0.409004215625
1 0.28549480781250003 0.22166354843749997 0.282027284375 0.229252653125 0.2829776484375 0.2366612125 0.29045778125 0.248686903125 0.2961717609375 0.2544706734375 0.29949625156250004 0.255926828125 0.30834905625000003 0.2553221921875 0.315599221875 0.25313706874999997 0.3217235984375 0.24255217187500003 0.32264157187500003 0.23992425781249999 0.32235884375 0.23696764531249997 0.32097760000000003 0.2322210609375 0.3159039859375 0.22427943906249997 0.31045058281250004 0.218269153125 0.3064635765625 0.2157877234375 0.2982000453125 0.21496514375000003 0.2907233640625 0.2168896921875 0.28549480781250003 0.22166354843749997
1 0.579460978125 0.5956195921874999 0.5694466546875 0.5988351109375001 0.5672087703125 0.6028391484375 0.5658650390625 0.6115557093749999 0.5642999125 0.62343836875 0.5644736671875 0.6349531484375001 0.5820975765624999 0.6489118453125 0.586345159375 0.651166759375 0.589460165625 0.6521187921875 0.6023629781250001 0.6495947296875 0.6206987125000001 0.639374259375 0.622546565625 0.6304482124999999 0.6235581484375 0.6089821125 0.6232073 0.6069996843750001 0.6200531125000001 0.6031080703125 0.616728621875 0.6016519140625001 0.5978358921875 0.588338703125 0.593922128125 0.5883097640625 0.5848479281250001 0.5920804953125 0.579460978125 0.5956195921874999
0 0.5545064171874999 0.44850094531250007 0.514966828125 0.4469597515625 0.5057461437499999 0.44582550468750004 0.498615190625 0.4463058078125 0.4950863359375 0.447772203125 0.49314308906250004 0.45106263281250003 0.49020695937500003 0.465052053125 0.490268290625 0.4711747609375 0.49131571718749995 0.473695371875 0.49523460156250004 0.47715098593749994 0.5033448593750001 0.480165478125 0.546469515625 0.48293631093749995 0.5548181984375 0.4825411609375 0.557672628125 0.48371970937500003 0.5588103249999999 0.4884492640625 0.5618963906250001 0.4933150609375 0.57294393125 0.494821790625 0.5811365187499999 0.4946604625 0.589592503125 0.49623070937499997 0.5923225999999999 0.49568740624999996 0.594146634375 0.494101796875 0.5963112749999999 0.48764527031249993 0.5991145 0.4545570875 0.5984195921875 0.4434953390625 0.595910890625 0.44087254531250003 0.5886556046875 0.43963099687499996 0.5652581671875 0.438239625 0.561008915625 0.4465082765625 0.5586977890625 0.4480598234375 0.5545064171874999 0.44850094531250007
0 0.7011278453124999 0.451656346875 0.699881175 0.4554849609375 0.7006561140625001 0.46190230625 0.694719071875 0.46980819843750005 0.6809204375 0.47814330156249996 0.66312800625 0.4910938671875 0.6514310140624999 0.49737330156250004 0.649107978125 0.50259506875 0.64923743125 0.50774359375 0.6605853578125 0.5239555359375 0.6645893953125 0.5261934187499999 0.670293134375 0.5251238421875 0.678183665625 0.5207808671875 0.684992709375 0.514404371875 0.6927980890625001 0.511279125 0.7212281765624999 0.49319873281250004 0.724330203125 0.49317091093750004 0.729479796875 0.49769153125 0.733620078125 0.4979810484375 0.7437536140625001 0.4930607078125 0.7519728421874999 0.4875170328125 0.7577566124999999 0.481803053125 0.758952190625 0.47870507812499996 0.7586132515624999 0.47305243125 0.753863215625 0.4604834359375 0.744712321875 0.44785144062500004 0.73347681875 0.43703156875 0.7304129046875001 0.43534889843749996 0.726012046875 0.43528589687499997 0.7094151953125001 0.44513848749999996 0.7011278453124999 0.451656346875
1 0.7406643234375 0.544239409375 0.7328300046875 0.551278421875 0.7300709671875001 0.5557354890624999 0.7287391453125001 0.5607818328125 0.727400534375 0.5729250671874999 0.7314148125 0.582016296875 0.7377402171874999 0.5895559796875001 0.7488462671875 0.5952273265625 0.7615617453125 0.59538226875 0.7695425484375 0.5932482359375 0.7779150515625 0.585512646875 0.7831725484375001 0.5768250265625 0.785439371875 0.5689072234375 0.785417221875 0.565724096875 0.7846644328125 0.562489878125 0.7807404265625 0.555607590625 0.7691711046874999 0.5425617453125 0.7658857953125 0.544045171875 0.762142334375 0.5415807734375 0.7528364984375 0.54166425625 0.7406643234375 0.544239409375
0 0.5560888015625001 0.5063694796875 0.5224760140625 0.49006904687499997 0.5186303703124999 0.4890659234375 0.49547814843750004 0.4771680171875 0.48613313125 0.47431191874999995 0.4779326015625 0.46908848281250004 0.468151584375 0.4654676859375 0.46524606406249996 0.465019775 0.45987614375 0.468315325 0.4553322546875 0.47729758437500003 0.456039071875 0.4846891125 0.463474903125 0.49034855000000005 0.4935537140625 0.5046887046874999 0.49811296406250005 0.505986465625 0.5066251625 0.5102527484375 0.5089073468749999 0.512614965625 0.5333624515625 0.5233802937500001 0.5363752749999999 0.5257936015625 0.547459175 0.5282818218750001 0.5477759625 0.530751340625 0.54493689375 0.5398528125000001 0.5457067125 0.542843484375 0.5496426296875 0.546055553125 0.557350946875 0.5478182546875 0.5664013265625 0.5513879609375001 0.5727846109375 0.5511001125 0.57722631875 0.5435791296875 0.5802408109375 0.535468871875 0.5823424515625 0.5334132031250001 0.5863651875 0.5248839750000001 0.59076259375 0.5109967375 0.5895056828125 0.5079720046875 0.5749678390625 0.49887910468749996 0.5727878359374999 0.4950556125 0.5690835562500001 0.4955307953125 0.5667724296875 0.4970823421875 0.56154899375 0.505282871875 0.5586867062499999 0.5065511421875 0.5560888015625001 0.5063694796875
0 0.58170955625 0.738458378125 0.5794444015625 0.7358526140625 0.577342759375 0.737908284375 0.5710156875 0.7408921671875001 0.5628356390625 0.749375425 0.5679160421875 0.7502201546875 0.5696021640625 0.761106478125 0.5686995546875 0.7740144109375 0.5653461234375 0.776472021875 0.5611547515625 0.7769131421875 0.5600613546875 0.7785498421875 0.5595709249999999 0.7995629125 0.560901078125 0.805040134375 0.562990809375 0.806654684375 0.5903190421875 0.8078314499999999 0.602111428125 0.8071876328125 0.6054137671875 0.8054606609375 0.6060609218749999 0.796205915625 0.6053438640625 0.7819610406249999 0.6043304984375 0.7789533375000001 0.5974039109375 0.7765110890625 0.595801271875 0.7749306015624999 0.594661790625 0.7457272421875001 0.591071603125 0.7410709296875 0.58170955625 0.738458378125
1 0.39181228749999997 0.3287058640625 0.3908091640625 0.3325515078125 0.3920711953125 0.3390029140625 0.39860441562500004 0.357570284375 0.402370028125 0.3632178109375 0.40809591718749993 0.3653313609375 0.41453029218750004 0.3643128765625 0.41596941718749997 0.36123193124999997 0.41604432812500003 0.35316085625000004 0.4126363546875 0.342398865625 0.40878047031250003 0.3345423953125 0.408095803125 0.33033399218750004 0.40450561562500004 0.3256776796875 0.40090351875 0.3246915859375 0.39464456718749996 0.3267012859375 0.39181228749999997 0.3287058640625
1 0.4823064140625 0.5325364218749999 0.48137653125 0.5388345546875 0.4817938328125 0.5503663640625 0.4856769890625 0.564832634375 0.4905870890625 0.5681128234374999 0.5117687937500001 0.576691359375 0.516396165625 0.5770149375 0.519160321875 0.5759845421875001 0.5236412109375 0.571403140625 0.5381313015625 0.5601795468749999 0.53929281875 0.5575686625 0.5395261234375 0.5507323468750001 0.536918578125 0.5285236984374999 0.5349480609375 0.525204328125 0.5202910046875 0.51781625 0.509535803125 0.51412733125 0.5048573390625 0.5145343921875 0.5023026671874999 0.516068909375 0.4823064140625 0.5325364218749999
1 0.312253146875 0.42348463281250004 0.3086102 0.430082521875 0.307753559375 0.43883314531249995 0.31026738125 0.44488261093750003 0.3143276296875 0.44981653125000004 0.321049853125 0.4551813296875 0.3251220125 0.45644503125 0.3345470609375 0.4546567265625 0.3415707109375 0.4522110265625 0.3455934484375 0.4436817984375 0.34634790625 0.43639245156250006 0.3447060859375 0.4318723828125 0.33522649375 0.42044108593749996 0.33146600312499996 0.41822023281250004 0.3275522375 0.4181912921875 0.318387765625 0.41975308125 0.3151194859375 0.4209929609375 0.312253146875 0.42348463281250004
1 0.415134475 0.23317620468750003 0.41077791875 0.2394794578125 0.40869842968750003 0.24471825468750003 0.40720142499999995 0.2556267296875 0.41037097187500005 0.2697983640625 0.4223643859375 0.2872791265625 0.42687254531249996 0.289307525 0.42892309375000004 0.2879824921875 0.42987512656250004 0.2848674875 0.43710826249999996 0.282925909375 0.439782146875 0.2796865703125 0.4544698125 0.27263731875 0.4634980421875 0.273023896875 0.46478389375000007 0.272134865625 0.46680717187500004 0.2642000328125 0.4667577484375 0.2544071046875 0.46066565 0.24003110625000001 0.4539553359375 0.23099608749999997 0.447164990625 0.226605471875 0.43183862968750003 0.2252890109375 0.4269166203125 0.22567904218749998 0.4196153625 0.22859480312499997 0.415134475 0.23317620468750003
0 0.44831304375 0.2731857421875 0.43290664999999995 0.276513684375 0.42856200468749994 0.27914671874999997 0.42781266718750005 0.28986273906250004 0.42422593124999997 0.29915666406249997 0.4245256890625 0.30186972968750003 0.42602614531249994 0.30491149375000004 0.434730796875 0.3099254453125 0.43679158749999997 0.31545375937500003 0.435699975 0.3415642625 0.42969837499999997 0.3993919453125 0.43009864531249997 0.4111673015625 0.43398347031249995 0.41511000625000005 0.44553743125 0.4178758328125 0.450284015625 0.4164945890625 0.452436746875 0.41370828125000003 0.4555193609375 0.40462384062499995 0.4551633921875 0.3992147390625 0.45739949375 0.3707368984375 0.46286803125000003 0.3170324640625 0.46408064062500004 0.31369094375 0.47065637968749996 0.3141507640625 0.4757657234375 0.311081728125 0.4787853359375 0.3063981453125 0.478729125 0.303702109375 0.47656103125 0.2962083984375 0.476392396875 0.2881202921875 0.47506224374999995 0.28264306875 0.471562328125 0.2801957 0.4671171703125 0.27376644375 0.4513548078125 0.27168528593749997 0.44831304375 0.2731857421875
0 0.4990756921875 0.6497142828125 0.49319140937499995 0.646365971875 0.48456 0.6438045109375 0.48081141875 0.6379134375 0.47710201718749995 0.6349619468750001 0.47567992343750004 0.6377993453124999 0.475514740625 0.6436614781250001 0.471825821875 0.6544166796875001 0.47119057656249996 0.6600012046875 0.47025390468749995 0.6733962296875 0.4716488421875 0.6989464 0.47273032812500004 0.70097991875 0.47654191093750004 0.702470134375 0.48418889531250003 0.698110128125 0.4931336421875 0.6891908703125 0.4954277375 0.68788286875 0.5018621140625 0.686864384375 0.5092536421875 0.6861575656250001 0.5691948765625 0.6864332765625 0.581803053125 0.684622821875 0.5871559421875 0.6815708171875 0.5893427359375 0.6782974171875 0.58921495 0.6626253265625001 0.5886154359375 0.6571991953125 0.5855974921875 0.6513592140625 0.5773339609375 0.650536634375 0.5545138875 0.6513882671875 0.545293203125 0.6502540203125 0.501494121875 0.6501281328124999 0.4990756921875 0.6497142828125
1 0.2601139546875 0.4411308046875 0.2597903765625 0.445758178125 0.2625307140625 0.45206822031250005 0.267428903125 0.45901862812500005 0.2737662171875 0.4628880921875 0.28522990625 0.463444975 0.2894893984375 0.4620296703125 0.291574009375 0.4602175453125 0.2962592625 0.45271359218749996 0.2982195390625 0.44917961718750005 0.2978176 0.4479278265625 0.29494101875 0.4435661515625 0.291379771875 0.4349960734375 0.2837514859375 0.42858896875 0.2729673453125 0.428813815625 0.268237790625 0.4299515140625 0.2627656875 0.43470833906250006 0.2601139546875 0.4411308046875
0 0.1871833125 0.525115190625 0.18240945625 0.5198866343749999 0.177647509375 0.5109878578125 0.167091553125 0.500949715625 0.161626240625 0.49860965 0.15407631718749998 0.4980817078125 0.1419944140625 0.5028658046875 0.139354590625 0.5056180515625 0.137932496875 0.5084554515625 0.13776731250000002 0.5143175828125 0.1403373453125 0.5230630859375001 0.152766759375 0.5413085468750001 0.1540066390625 0.5445768265625001 0.17345803437500001 0.570900153125 0.17870707187499998 0.5798329890625 0.1800031640625 0.585797303125 0.1796455265625 0.5909117671875 0.1768916109375 0.598795509375 0.17650503125 0.6078237375 0.1773770328125 0.6093531343749999 0.18282531562499998 0.611936746875 0.1896786625 0.61192650625 0.1968947671875 0.610228475 0.20428117499999998 0.6060949828125 0.2092883375 0.6044872234375 0.22230524218749997 0.5968316671875 0.2297938328125 0.5912369 0.23409929687500003 0.5856642843750001 0.23593524062500001 0.5804084578125 0.23596418125000002 0.5764946921874999 0.23516030156249998 0.5739911109375 0.2303183234375 0.5697367390625 0.2153547203125 0.5667324875 0.2125513828125 0.5648233015625 0.2064984640625 0.5533868843749999 0.1935478984375 0.5355944546875 0.1871833125 0.525115190625
0 0.5370811046874999 0.7536929109375 0.5383039546874999 0.7572047359375 0.5459373609375 0.7670385140625 0.5496757015625 0.766076240625 0.5532845890625 0.7599654421875 0.5707432 0.7447889015625 0.576079059375 0.7419804437499999 0.5805258875 0.737886134375 0.5837549859375 0.733706671875 0.5856931109375 0.72698956875 0.5844021406250001 0.7244519281249999 0.58342795625 0.72438380625 0.575951275 0.7263083531250001 0.559999909375 0.7374297640624999 0.552443196875 0.7439987140625 0.5376874093749999 0.7520221515625 0.5370811046874999 0.7536929109375
1 0.41751808125 0.5245796640625 0.3972101609375 0.5420043296875 0.39664815781249996 0.55004134375 0.40275906875 0.5886476 0.40547725625000003 0.5917745156249999 0.41330990625 0.5952590703125 0.4453319640625 0.6063087953124999 0.4477503921875 0.60672264375 0.45178337031250004 0.6050467640625 0.4822026765625 0.57951863125 0.484735196875 0.5748009859375001 0.484181653125 0.56521754375 0.47970577187499996 0.53822825 0.476909221875 0.529222171875 0.44594649999999997 0.5170228390625 0.43432441875 0.5152311953125001 0.42907371093749996 0.516821925 0.425165065625 0.5202196578125 0.41751808125 0.5245796640625