0 0.744873046875 0.65966796875 0.749267578125 0.663330078125 0.75146484375 0.6640625 0.769287109375 0.663330078125 0.7732421875 0.66533203125 0.794921875 0.6875 0.802978515625 0.69384765625 0.828369140625 0.718505859375 0.833984375 0.720458984375 0.837646484375 0.722900390625 0.845703125 0.722900390625 0.8544921875 0.71826171875 0.859619140625 0.712158203125 0.860595703125 0.70947265625 0.85986328125 0.703369140625 0.853515625 0.693115234375 0.825927734375 0.66650390625 0.8154296875 0.65771484375 0.802490234375 0.644287109375 0.79541015625 0.6396484375 0.79541015625 0.618896484375 0.790771484375 0.6142578125 0.786376953125 0.612548828125 0.782470703125 0.6123046875 0.7607421875 0.622314453125 0.7587890625 0.62451171875 0.7568359375 0.6337890625 0.751708984375 0.63916015625 0.7490234375 0.644775390625 0.7431640625 0.652587890625 0.742919921875 0.65673828125 0.744873046875 0.65966796875
1 0.380615234375 0.536865234375 0.388916015625 0.54150390625 0.396728515625 0.54296875 0.401611328125 0.54248046875 0.408203125 0.53759765625 0.4140625 0.530517578125 0.414306640625 0.52490234375 0.411376953125 0.51318359375 0.40869140625 0.51025390625 0.404052734375 0.508056640625 0.396240234375 0.50634765625 0.388427734375 0.507080078125 0.380859375 0.51416015625 0.377685546875 0.5205078125 0.377685546875 0.527099609375 0.380615234375 0.536865234375
1 0.718505859375 0.457763671875 0.726806640625 0.46337890625 0.732177734375 0.4658203125 0.741455078125 0.463134765625 0.748046875 0.459716796875 0.755126953125 0.4541015625 0.756591796875 0.44873046875 0.756591796875 0.44091796875 0.755615234375 0.43701171875 0.750244140625 0.43115234375 0.745849609375 0.428955078125 0.738037109375 0.427978515625 0.731689453125 0.42919921875 0.71923828125 0.436767578125 0.71728515625 0.440185546875 0.717041015625 0.45166015625 0.718505859375 0.457763671875
0 0.595703125 0.721923828125 0.60400390625 0.7294921875 0.60693359375 0.730712890625 0.615966796875 0.7314453125 0.623046875 0.72998046875 0.630615234375 0.726806640625 0.63671875 0.720703125 0.63916015625 0.71533203125 0.639892578125 0.708251953125 0.638427734375 0.70068359375 0.630615234375 0.690673828125 0.623046875 0.68603515625 0.61962890625 0.68505859375 0.615234375 0.684326171875 0.60693359375 0.684814453125 0.599365234375 0.688232421875 0.593994140625 0.6943359375 0.5908203125 0.7041015625 0.590576171875 0.70947265625 0.595703125 0.721923828125
1 0.73046875 0.39990234375 0.74951171875 0.413818359375 0.751953125 0.4150390625 0.755615234375 0.415283203125 0.77978515625 0.406005859375 0.787353515625 0.398681640625 0.790771484375 0.392822265625 0.792724609375 0.384765625 0.791259765625 0.36962890625 0.7861328125 0.36083984375 0.78173828125 0.357666015625 0.771240234375 0.3525390625 0.762451171875 0.3515625 0.75244140625 0.354736328125 0.747802734375 0.354736328125 0.74560546875 0.35693359375 0.73828125 0.359130859375 0.73046875 0.368896484375 0.728515625 0.386962890625 0.72802734375 0.39306640625 0.73046875 0.39990234375
0 0.404052734375 0.33154296875 0.412109375 0.357666015625 0.4140625 0.3603515625 0.413330078125 0.363525390625 0.410888671875 0.365966796875 0.407470703125 0.372314453125 0.407958984375 0.37939453125 0.4130859375 0.390869140625 0.413818359375 0.404541015625 0.41943359375 0.409912109375 0.430908203125 0.4130859375 0.443359375 0.41162109375 0.4541015625 0.40771484375 0.458740234375 0.40478515625 0.462890625 0.400146484375 0.466796875 0.392822265625 0.466796875 0.38818359375 0.460693359375 0.37255859375 0.458740234375 0.363037109375 0.454833984375 0.35791015625 0.45068359375 0.35546875 0.447998046875 0.355224609375 0.44482421875 0.352294921875 0.431396484375 0.314208984375 0.4287109375 0.310546875 0.423828125 0.307861328125 0.414306640625 0.306884765625 0.406982421875 0.310302734375 0.404296875 0.3134765625 0.40185546875 0.318603515625 0.40234375 0.328369140625 0.404052734375 0.33154296875
0 0.56396484375 0.4208984375 0.571533203125 0.43115234375 0.576171875 0.433349609375 0.587646484375 0.427490234375 0.607666015625 0.412109375 0.615234375 0.407958984375 0.6220703125 0.402099609375 0.6318359375 0.39599609375 0.63623046875 0.3916015625 0.644775390625 0.38623046875 0.650146484375 0.38427734375 0.67041015625 0.38525390625 0.673828125 0.383544921875 0.673828125 0.378173828125 0.666015625 0.35791015625 0.66357421875 0.35400390625 0.662109375 0.3525390625 0.657958984375 0.35107421875 0.6552734375 0.351806640625 0.6533203125 0.34619140625 0.649658203125 0.340576171875 0.642822265625 0.33447265625 0.638427734375 0.333984375 0.634765625 0.339599609375 0.634033203125 0.3466796875 0.629150390625 0.358154296875 0.6240234375 0.360595703125 0.62109375 0.364013671875 0.6162109375 0.366455078125 0.60986328125 0.3720703125 0.607666015625 0.372802734375 0.5830078125 0.391357421875 0.575927734375 0.395263671875 0.57373046875 0.39794921875 0.568115234375 0.401123046875 0.56103515625 0.408203125 0.560791015625 0.41357421875 0.56396484375 0.4208984375
1 0.697021484375 0.529296875 0.699462890625 0.533203125 0.700927734375 0.534423828125 0.713623046875 0.537353515625 0.720458984375 0.535400390625 0.7314453125 0.52490234375 0.732666015625 0.515869140625 0.7314453125 0.51318359375 0.731689453125 0.51025390625 0.7265625 0.50634765625 0.72021484375 0.503173828125 0.712158203125 0.50244140625 0.70849609375 0.50341796875 0.70361328125 0.507080078125 0.69482421875 0.5166015625 0.6943359375 0.521484375 0.697021484375 0.529296875
0 0.301025390625 0.41015625 0.313720703125 0.422607421875 0.326416015625 0.429443359375 0.33056640625 0.430419921875 0.333740234375 0.42919921875 0.345458984375 0.418212890625 0.349609375 0.413818359375 0.3505859375 0.410888671875 0.349853515625 0.404541015625 0.345947265625 0.39892578125 0.345947265625 0.395751953125 0.34716796875 0.39306640625 0.357666015625 0.38134765625 0.35888671875 0.378173828125 0.364501953125 0.37255859375 0.36572265625 0.36962890625 0.37353515625 0.360595703125 0.37646484375 0.35498046875 0.390625 0.337646484375 0.397216796875 0.327392578125 0.397705078125 0.321533203125 0.390625 0.31103515625 0.388671875 0.3095703125 0.384521484375 0.30908203125 0.37548828125 0.31396484375 0.362548828125 0.33154296875 0.357177734375 0.3369140625 0.343994140625 0.356689453125 0.337646484375 0.36328125 0.33349609375 0.369873046875 0.323974609375 0.38134765625 0.322021484375 0.38232421875 0.31103515625 0.379150390625 0.3056640625 0.38037109375 0.304931640625 0.381103515625 0.3046875 0.387939453125 0.298095703125 0.399658203125 0.297607421875 0.405029296875 0.301025390625 0.41015625
1 0.512939453125 0.73583984375 0.528076171875 0.7509765625 0.533447265625 0.7548828125 0.53955078125 0.756103515625 0.544921875 0.755859375 0.559814453125 0.75048828125 0.564697265625 0.748046875 0.568115234375 0.744384765625 0.572265625 0.733154296875 0.573974609375 0.721435546875 0.57421875 0.712158203125 0.564453125 0.701904296875 0.554931640625 0.694091796875 0.552490234375 0.68994140625 0.548828125 0.689453125 0.53466796875 0.6953125 0.521484375 0.697998046875 0.519287109375 0.69921875 0.516845703125 0.704345703125 0.51171875 0.727783203125 0.511474609375 0.733154296875 0.512939453125 0.73583984375
0 0.658935546875 0.679443359375 0.661376953125 0.6845703125 0.666015625 0.69091796875 0.672607421875 0.698486328125 0.681640625 0.706298828125 0.689697265625 0.7109375 0.694091796875 0.711181640625 0.70458984375 0.705078125 0.7216796875 0.68896484375 0.723388671875 0.68359375 0.720947265625 0.6748046875 0.7216796875 0.67138671875 0.728271484375 0.6650390625 0.7333984375 0.662841796875 0.73681640625 0.658447265625 0.742431640625 0.654296875 0.748046875 0.647216796875 0.75244140625 0.645263671875 0.755615234375 0.641845703125 0.76123046875 0.63232421875 0.760986328125 0.62451171875 0.755859375 0.618408203125 0.747314453125 0.6123046875 0.740478515625 0.610107421875 0.732666015625 0.611328125 0.72607421875 0.615478515625 0.72021484375 0.623291015625 0.716796875 0.62548828125 0.707275390625 0.63671875 0.69873046875 0.64404296875 0.693115234375 0.647216796875 0.689208984375 0.647705078125 0.684814453125 0.646728515625 0.6826171875 0.6474609375 0.677978515625 0.65087890625 0.673828125 0.652587890625 0.665771484375 0.658203125 0.661376953125 0.662841796875 0.658935546875 0.66845703125 0.658203125 0.677001953125 0.658935546875 0.679443359375
1 0.442626953125 0.62158203125 0.45068359375 0.625 0.454833984375 0.625244140625 0.4580078125 0.6240234375 0.47021484375 0.6162109375 0.4716796875 0.613037109375 0.47021484375 0.59521484375 0.466552734375 0.592041015625 0.458740234375 0.588134765625 0.45166015625 0.5859375 0.437255859375 0.59326171875 0.435546875 0.5966796875 0.434814453125 0.602783203125 0.4345703125 0.615234375 0.442626953125 0.62158203125
0 0.601806640625 0.527587890625 0.607421875 0.537841796875 0.611328125 0.537841796875 0.614990234375 0.540771484375 0.62255859375 0.543701171875 0.62451171875 0.54736328125 0.631591796875 0.5537109375 0.650146484375 0.566650390625 0.6572265625 0.57421875 0.662109375 0.5810546875 0.6640625 0.585205078125 0.66357421875 0.58984375 0.664306640625 0.591796875 0.679443359375 0.602294921875 0.68115234375 0.60302734375 0.685302734375 0.6025390625 0.688720703125 0.599853515625 0.705078125 0.5810546875 0.708740234375 0.574951171875 0.708984375 0.571044921875 0.707763671875 0.569091796875 0.697509765625 0.559814453125 0.68994140625 0.556396484375 0.684814453125 0.5595703125 0.681396484375 0.560546875 0.677001953125 0.55859375 0.65771484375 0.54248046875 0.6513671875 0.53857421875 0.642333984375 0.530517578125 0.63525390625 0.526123046875 0.6171875 0.51171875 0.612060546875 0.509521484375 0.60986328125 0.509765625 0.6025390625 0.51611328125 0.600341796875 0.52001953125 0.60009765625 0.522216796875 0.601806640625 0.527587890625
1 0.350341796875 0.609130859375 0.3505859375 0.615478515625 0.3525390625 0.618896484375 0.3583984375 0.624267578125 0.384033203125 0.63623046875 0.39208984375 0.638916015625 0.400390625 0.636962890625 0.423828125 0.62060546875 0.426513671875 0.618408203125 0.427734375 0.615966796875 0.433349609375 0.61279296875 0.4345703125 0.60693359375 0.43408203125 0.603271484375 0.43505859375 0.600830078125 0.43408203125 0.59716796875 0.434814453125 0.59521484375 0.433349609375 0.5927734375 0.43212890625 0.571044921875 0.4306640625 0.56591796875 0.427734375 0.562744140625 0.423828125 0.560546875 0.41845703125 0.558837890625 0.416259765625 0.556884765625 0.400146484375 0.549560546875 0.3955078125 0.548583984375 0.392333984375 0.54638671875 0.388427734375 0.545654296875 0.3603515625 0.5625 0.349365234375 0.5712890625 0.348388671875 0.57958984375 0.347900390625 0.595947265625 0.350341796875 0.609130859375
0 0.453125 0.73828125 0.460205078125 0.740478515625 0.487060546875 0.76806640625 0.4931640625 0.770751953125 0.49609375 0.76953125 0.49658203125 0.765625 0.494140625 0.759521484375 0.470947265625 0.732666015625 0.466796875 0.721923828125 0.462646484375 0.722900390625 0.452880859375 0.73291015625 0.45166015625 0.73583984375 0.453125 0.73828125
1 0.72412109375 0.505859375 0.7333984375 0.51416015625 0.740478515625 0.513427734375 0.747802734375 0.509521484375 0.75146484375 0.5068359375 0.755615234375 0.501708984375 0.755859375 0.489013671875 0.7548828125 0.48681640625 0.748046875 0.479736328125 0.740234375 0.476318359375 0.736083984375 0.475830078125 0.731689453125 0.477294921875 0.720458984375 0.483154296875 0.716552734375 0.489501953125 0.71630859375 0.501220703125 0.72412109375 0.505859375
1 0.297607421875 0.61865234375 0.298828125 0.622802734375 0.302734375 0.629638671875 0.31005859375 0.63623046875 0.318359375 0.638916015625 0.330078125 0.638916015625 0.337890625 0.635986328125 0.34619140625 0.629638671875 0.35107421875 0.620849609375 0.35009765625 0.60693359375 0.3466796875 0.593994140625 0.3427734375 0.58837890625 0.333740234375 0.584228515625 0.322021484375 0.58349609375 0.312744140625 0.586181640625 0.302734375 0.59521484375 0.298095703125 0.607421875 0.297119140625 0.6123046875 0.297607421875 0.61865234375
0 0.548095703125 0.48291015625 0.5478515625 0.486328125 0.54638671875 0.4892578125 0.546875 0.492431640625 0.548583984375 0.494140625 0.552734375 0.494140625 0.56005859375 0.4921875 0.56396484375 0.494873046875 0.596435546875 0.58935546875 0.598388671875 0.59228515625 0.60302734375 0.594482421875 0.607177734375 0.594482421875 0.61572265625 0.59228515625 0.619873046875 0.58642578125 0.61962890625 0.578857421875 0.61669921875 0.5693359375 0.61376953125 0.5634765625 0.60595703125 0.536376953125 0.600341796875 0.52197265625 0.5966796875 0.51611328125 0.593505859375 0.501953125 0.591552734375 0.49853515625 0.587158203125 0.484130859375 0.590087890625 0.480712890625 0.59814453125 0.47705078125 0.599853515625 0.47509765625 0.599609375 0.471923828125 0.593505859375 0.467529296875 0.591552734375 0.46044921875 0.58837890625 0.454345703125 0.584228515625 0.452880859375 0.55126953125 0.46435546875 0.548095703125 0.466552734375 0.546875 0.468994140625 0.546875 0.478271484375 0.548095703125 0.48291015625
0 0.63818359375 0.35888671875 0.64306640625 0.35791015625 0.643310546875 0.356201171875 0.646484375 0.35498046875 0.64453125 0.35302734375 0.64599609375 0.35009765625 0.650390625 0.35107421875 0.654296875 0.353271484375 0.6647136234375 0.351318359375 0.68603515625 0.35107421875 0.705810546875 0.349609375 0.709716796875 0.3515625 0.711181640625 0.35498046875 0.711181640625 0.357666015625 0.714599609375 0.359619140625 0.731689453125 0.359375 0.741943359375 0.357666015625 0.746337890625 0.35498046875 0.74658203125 0.351318359375 0.748046875 0.348876953125 0.74951171875 0.342529296875 0.75 0.322265625 0.748046875 0.3115234375 0.744140625 0.305908203125 0.740234375 0.303955078125 0.716796875 0.303466796875 0.712646484375 0.30517578125 0.7109375 0.314453125 0.705810546875 0.317626953125 0.699951171875 0.317138671875 0.650146484375 0.319580078125 0.645263671875 0.32275390625 0.634521484375 0.343994140625 0.63134765625 0.357421875 0.63818359375 0.35888671875
1 0.5087890625 0.609619140625 0.529052734375 0.62158203125 0.533203125 0.62353515625 0.537109375 0.623046875 0.557861328125 0.60986328125 0.56103515625 0.60693359375 0.5625 0.599609375 0.560546875 0.57421875 0.554443359375 0.568603515625 0.545166015625 0.56298828125 0.5341796875 0.559814453125 0.52490234375 0.562255859375 0.51025390625 0.5712890625 0.505126953125 0.57763671875 0.505859375 0.60693359375 0.5087890625 0.609619140625