0 0.355224609375 0.65673828125 0.360595703125 0.66259765625 0.365966796875 0.663818359375 0.3759765625 0.662109375 0.397216796875 0.655029296875 0.424072265625 0.64501953125 0.4443359375 0.638916015625 0.462890625 0.630859375 0.467041015625 0.630859375 0.473876953125 0.640380859375 0.478271484375 0.644287109375 0.482666015625 0.64404296875 0.48828125 0.638916015625 0.498046875 0.634765625 0.501953125 0.63037109375 0.501708984375 0.62109375 0.49951171875 0.615478515625 0.499267578125 0.610595703125 0.49951171875 0.60791015625 0.501708984375 0.603759765625 0.49951171875 0.600830078125 0.499267578125 0.59814453125 0.496826171875 0.5966796875 0.493408203125 0.589111328125 0.4931640625 0.586181640625 0.49072265625 0.584228515625 0.4853515625 0.586669921875 0.47998046875 0.586181640625 0.475341796875 0.588134765625 0.470458984375 0.587646484375 0.46728515625 0.586181640625 0.464111328125 0.58642578125 0.458984375 0.58984375 0.45849609375 0.603088378125 0.456787109375 0.606689453125 0.455078125 0.60791015625 0.45166015625 0.60693359375 0.435302734375 0.6123046875 0.415771484375 0.620361328125 0.364990234375 0.636962890625 0.357421875 0.6416015625 0.355224609375 0.645751953125 0.353759765625 0.650634765625 0.355224609375 0.65673828125
1 0.676025390625 0.57666015625 0.701171875 0.59765625 0.709228515625 0.59716796875 0.72509765625 0.593017578125 0.736572265625 0.58642578125 0.7392578125 0.5830078125 0.742431640625 0.5712890625 0.743896484375 0.56884765625 0.74365234375 0.55712890625 0.73974609375 0.54833984375 0.729248046875 0.539306640625 0.720458984375 0.533935546875 0.71728515625 0.532958984375 0.710693359375 0.533203125 0.685791015625 0.539306640625 0.6787109375 0.54541015625 0.679443359375 0.54833984375 0.67724609375 0.554443359375 0.67529296875 0.568115234375 0.676025390625 0.57666015625
0 0.568115234375 0.54443359375 0.5732421875 0.55712890625 0.576171875 0.561767578125 0.580322265625 0.564208984375 0.584716796875 0.563720703125 0.596435546875 0.56005859375 0.65576171875 0.53662109375 0.665771484375 0.53125 0.670654296875 0.531494140625 0.68603515625 0.536865234375 0.691162109375 0.53515625 0.692138671875 0.52978515625 0.691650390625 0.52490234375 0.68603515625 0.507080078125 0.67822265625 0.48974609375 0.675048828125 0.48681640625 0.673583984375 0.482666015625 0.67041015625 0.480224609375 0.669677734375 0.478515625 0.666015625 0.478515625 0.664306640625 0.4814453125 0.661376953125 0.483642578125 0.65234375 0.4990234375 0.642333984375 0.504150390625 0.613525390625 0.51513671875 0.603759765625 0.52001953125 0.592041015625 0.52392578125 0.5869140625 0.52734375 0.570556640625 0.533447265625 0.5673828125 0.53662109375 0.56689453125 0.539794921875 0.568115234375 0.54443359375
1 0.687744140625 0.457763671875 0.697021484375 0.46875 0.702392578125 0.469482421875 0.712890625 0.46826171875 0.720458984375 0.462890625 0.72509765625 0.45458984375 0.725830078125 0.448486328125 0.72314453125 0.44140625 0.718505859375 0.435546875 0.708740234375 0.430908203125 0.6982421875 0.434326171875 0.69287109375 0.441162109375 0.687744140625 0.454345703125 0.687744140625 0.457763671875
0 0.626953125 0.736083984375 0.62890625 0.739013671875 0.63134765625 0.747314453125 0.6357421875 0.757080078125 0.63720703125 0.76904296875 0.638671875 0.770751953125 0.64306640625 0.77099609375 0.654052734375 0.767578125 0.655029296875 0.764404296875 0.64794921875 0.754638671875 0.642578125 0.740478515625 0.630615234375 0.71630859375 0.626220703125 0.71142578125 0.622802734375 0.710693359375 0.621826171875 0.712158203125 0.6220703125 0.72119140625 0.626953125 0.736083984375
0 0.411865234375 0.337646484375 0.414794921875 0.341064453125 0.424560546875 0.357666015625 0.427490234375 0.360595703125 0.43115234375 0.362060546875 0.437255859375 0.36083984375 0.445068359375 0.355712890625 0.450927734375 0.348388671875 0.4521484375 0.345703125 0.45263671875 0.339111328125 0.454345703125 0.3369140625 0.5078125 0.302490234375 0.51318359375 0.297607421875 0.515869140625 0.29345703125 0.515869140625 0.287109375 0.513671875 0.282470703125 0.50927734375 0.277587890625 0.505615234375 0.275634765625 0.50146484375 0.27587890625 0.486328125 0.284423828125 0.4404296875 0.314208984375 0.4384765625 0.31494140625 0.436279296875 0.314453125 0.43115234375 0.3115234375 0.422607421875 0.314453125 0.414306640625 0.319580078125 0.408203125 0.327392578125 0.407958984375 0.329345703125 0.411865234375 0.337646484375
0 0.334228515625 0.507568359375 0.341796875 0.51513671875 0.351318359375 0.52197265625 0.355712890625 0.52392578125 0.361328125 0.528076171875 0.376708984375 0.533203125 0.384765625 0.53173828125 0.392578125 0.521728515625 0.401123046875 0.50439453125 0.401611328125 0.501220703125 0.396728515625 0.49267578125 0.396728515625 0.4892578125 0.404052734375 0.477783203125 0.40576171875 0.473388671875 0.411865234375 0.466064453125 0.414306640625 0.4599609375 0.4208984375 0.451416015625 0.421875 0.447998046875 0.423828125 0.446044921875 0.424560546875 0.43701171875 0.42333984375 0.4345703125 0.420166015625 0.4306640625 0.41064453125 0.4248046875 0.404052734375 0.42236328125 0.400390625 0.42236328125 0.396484375 0.423828125 0.392333984375 0.427734375 0.380126953125 0.4482421875 0.37158203125 0.4599609375 0.36572265625 0.47216796875 0.36279296875 0.4736328125 0.3525390625 0.473388671875 0.349609375 0.47412109375 0.333740234375 0.499267578125 0.333251953125 0.504638671875 0.334228515625 0.507568359375
1 0.532470703125 0.67724609375 0.534912109375 0.682861328125 0.53857421875 0.68603515625 0.549560546875 0.68896484375 0.556640625 0.689208984375 0.564453125 0.682861328125 0.56884765625 0.676513671875 0.5703125 0.6689453125 0.570068359375 0.663818359375 0.5654296875 0.655517578125 0.560546875 0.651611328125 0.55322265625 0.649169921875 0.544677734375 0.648193359375 0.541015625 0.64990234375 0.53369140625 0.658447265625 0.53076171875 0.659912109375 0.5302734375 0.66162109375 0.530029296875 0.665771484375 0.532470703125 0.67724609375
1 0.661376953125 0.362060546875 0.6630859375 0.363525390625 0.67333984375 0.365478515625 0.689208984375 0.364013671875 0.69873046875 0.35791015625 0.7001953125 0.35498046875 0.699951171875 0.35009765625 0.695556640625 0.33837890625 0.6943359375 0.337158203125 0.690185546875 0.33642578125 0.676513671875 0.337158203125 0.665771484375 0.341796875 0.662109375 0.34521484375 0.66015625 0.35205078125 0.65966796875 0.3564453125 0.661376953125 0.362060546875
0 0.63037109375 0.60107421875 0.62890625 0.605224609375 0.626220703125 0.60693359375 0.625732421875 0.61279296875 0.626953125 0.617431640625 0.634033203125 0.630615234375 0.64013671875 0.63232421875 0.654541015625 0.6298828125 0.666015625 0.62548828125 0.677734375 0.618896484375 0.677734375 0.61474609375 0.670166015625 0.593505859375 0.66552734375 0.593017578125 0.66162109375 0.59423828125 0.65869140625 0.591796875 0.65576171875 0.586669921875 0.64892578125 0.56640625 0.64599609375 0.56298828125 0.641845703125 0.561767578125 0.626708984375 0.56689453125 0.624267578125 0.56982421875 0.624267578125 0.580322265625 0.63037109375 0.60107421875
0 0.521484375 0.62158203125 0.529541015625 0.62890625 0.53369140625 0.63037109375 0.534912109375 0.633056640625 0.537841796875 0.63427734375 0.551513671875 0.6484375 0.556640625 0.649658203125 0.5634765625 0.65380859375 0.57080078125 0.66455078125 0.571044921875 0.66845703125 0.569580078125 0.67431640625 0.571044921875 0.677001953125 0.5947265625 0.694091796875 0.599365234375 0.69384765625 0.602783203125 0.6904296875 0.6044921875 0.685791015625 0.6083984375 0.6826171875 0.619140625 0.669921875 0.624755859375 0.662353515625 0.62939453125 0.65380859375 0.631103515625 0.64892578125 0.630615234375 0.644287109375 0.62255859375 0.636474609375 0.614990234375 0.631103515625 0.604248046875 0.626220703125 0.598876953125 0.628173828125 0.59619140625 0.630859375 0.592041015625 0.63134765625 0.587890625 0.629638671875 0.56494140625 0.612548828125 0.559814453125 0.610107421875 0.54443359375 0.5966796875 0.53857421875 0.593017578125 0.53369140625 0.591552734375 0.531494140625 0.592041015625 0.528076171875 0.59814453125 0.524658203125 0.600341796875 0.521240234375 0.604248046875 0.5185546875 0.6103515625 0.5185546875 0.61572265625 0.521484375 0.62158203125
1 0.474365234375 0.6923828125 0.479248046875 0.697509765625 0.494140625 0.703369140625 0.50244140625 0.705078125 0.51318359375 0.700439453125 0.525634765625 0.68896484375 0.5279541015625 0.6844482421875 0.532958984375 0.682861328125 0.533935546875 0.68115234375 0.532958984375 0.674560546875 0.531005859375 0.67138671875 0.5302734375 0.66259765625 0.527587890625 0.65771484375 0.525390625 0.647705078125 0.51953125 0.644775390625 0.502197265625 0.638916015625 0.49951171875 0.639404296875 0.494140625 0.6376953125 0.490234375 0.6376953125 0.487548828125 0.641357421875 0.48291015625 0.643310546875 0.46728515625 0.660888671875 0.470703125 0.681640625 0.474365234375 0.6923828125
0 0.737548828125 0.4462890625 0.739990234375 0.44970703125 0.743896484375 0.45166015625 0.749267578125 0.451904296875 0.76513671875 0.444091796875 0.77099609375 0.443359375 0.783447265625 0.447998046875 0.802490234375 0.452392578125 0.837646484375 0.462646484375 0.846435546875 0.462646484375 0.854736328125 0.46044921875 0.85791015625 0.457763671875 0.861328125 0.452880859375 0.864501953125 0.443115234375 0.864013671875 0.439697265625 0.862060546875 0.436279296875 0.8544921875 0.430908203125 0.828125 0.42431640625 0.810302734375 0.418212890625 0.79443359375 0.4150390625 0.783203125 0.41064453125 0.778564453125 0.410400390625 0.77490234375 0.4072265625 0.771484375 0.396240234375 0.7685546875 0.39501953125 0.763427734375 0.38916015625 0.759033203125 0.389404296875 0.755615234375 0.39111328125 0.75048828125 0.39599609375 0.74658203125 0.4013671875 0.73974609375 0.413818359375 0.738525390625 0.419189453125 0.7392578125 0.428955078125 0.736328125 0.434326171875 0.736083984375 0.44140625 0.737548828125 0.4462890625
1 0.685302734375 0.43798828125 0.694580078125 0.43896484375 0.707275390625 0.432861328125 0.717041015625 0.43310546875 0.720458984375 0.431884765625 0.7255859375 0.426513671875 0.7265625 0.42236328125 0.729736328125 0.417236328125 0.732177734375 0.41015625 0.733154296875 0.405029296875 0.732666015625 0.396240234375 0.728271484375 0.38818359375 0.716796875 0.378173828125 0.708984375 0.375 0.697265625 0.37548828125 0.686279296875 0.37890625 0.677490234375 0.383544921875 0.673583984375 0.38916015625 0.67041015625 0.39599609375 0.667724609375 0.408447265625 0.665771484375 0.4130859375 0.666015625 0.419189453125 0.685302734375 0.43798828125
1 0.638427734375 0.48681640625 0.641357421875 0.487548828125 0.646240234375 0.4912109375 0.6533203125 0.489990234375 0.657958984375 0.4912109375 0.66162109375 0.4892578125 0.669189453125 0.480712890625 0.669921875 0.4677734375 0.66845703125 0.46240234375 0.66650390625 0.459228515625 0.662109375 0.455322265625 0.65478515625 0.4521484375 0.64599609375 0.453125 0.63671875 0.45751953125 0.634765625 0.45947265625 0.631591796875 0.466064453125 0.630859375 0.471435546875 0.630859375 0.48095703125 0.638427734375 0.48681640625
0 0.329833984375 0.34326171875 0.332275390625 0.346435546875 0.337646484375 0.35791015625 0.345703125 0.3681640625 0.353515625 0.374755859375 0.361083984375 0.378662109375 0.3671875 0.37841796875 0.375732421875 0.37255859375 0.388427734375 0.360595703125 0.390625 0.35498046875 0.39013671875 0.347900390625 0.423095703125 0.31494140625 0.427734375 0.313720703125 0.430419921875 0.308837890625 0.430908203125 0.302001953125 0.4296875 0.296142578125 0.427490234375 0.29150390625 0.420166015625 0.28466796875 0.41259765625 0.282470703125 0.40771484375 0.283203125 0.404296875 0.28466796875 0.38427734375 0.30126953125 0.374755859375 0.310546875 0.368896484375 0.314697265625 0.3642578125 0.316162109375 0.357666015625 0.313232421875 0.353271484375 0.31298828125 0.334228515625 0.32763671875 0.328857421875 0.334228515625 0.32861328125 0.3388671875 0.329833984375 0.34326171875
0 0.423583984375 0.49267578125 0.4375 0.521484375 0.44384765625 0.5263671875 0.447509765625 0.52685546875 0.45263671875 0.525634765625 0.467041015625 0.520751953125 0.47021484375 0.5185546875 0.470947265625 0.516357421875 0.470703125 0.50732421875 0.4697265625 0.50439453125 0.47021484375 0.500732421875 0.497802734375 0.487060546875 0.50048828125 0.484619140625 0.5146484375 0.47802734375 0.5185546875 0.47509765625 0.529296875 0.47021484375 0.532958984375 0.46728515625 0.552734375 0.456787109375 0.558349609375 0.45166015625 0.560302734375 0.448486328125 0.559326171875 0.44287109375 0.5546875 0.43408203125 0.552734375 0.432373046875 0.54541015625 0.432861328125 0.52490234375 0.442138671875 0.500244140625 0.456787109375 0.486328125 0.463134765625 0.484130859375 0.46533203125 0.458984375 0.478271484375 0.454345703125 0.476806640625 0.451171875 0.47216796875 0.44287109375 0.467529296875 0.439453125 0.468994140625 0.43798828125 0.47314453125 0.43505859375 0.476318359375 0.42626953125 0.48046875 0.42236328125 0.484375 0.421875 0.48681640625 0.423583984375 0.49267578125
1 0.492919921875 0.595703125 0.496337890625 0.603759765625 0.501708984375 0.6064453125 0.511962890625 0.607666015625 0.521240234375 0.60693359375 0.523193359375 0.6044921875 0.529541015625 0.60107421875 0.52880859375 0.598876953125 0.53173828125 0.595703125 0.532958984375 0.59228515625 0.531494140625 0.583740234375 0.525390625 0.57275390625 0.521484375 0.570556640625 0.513671875 0.5693359375 0.505615234375 0.569580078125 0.501708984375 0.571044921875 0.49462890625 0.58154296875 0.48974609375 0.58544921875 0.48779296875 0.589111328125 0.487548828125 0.59228515625 0.492919921875 0.595703125
1 0.55322265625 0.38671875 0.55517578125 0.39306640625 0.558837890625 0.39990234375 0.560546875 0.40771484375 0.562744140625 0.410888671875 0.565185546875 0.418701171875 0.569091796875 0.422119140625 0.572509765625 0.42333984375 0.594970703125 0.42822265625 0.608154296875 0.43017578125 0.61083984375 0.429931640625 0.614990234375 0.427490234375 0.624267578125 0.4189453125 0.642578125 0.398193359375 0.6455078125 0.392333984375 0.6455078125 0.387451171875 0.642578125 0.37744140625 0.63623046875 0.361328125 0.630859375 0.3505859375 0.627197265625 0.347900390625 0.60693359375 0.342529296875 0.591552734375 0.339599609375 0.583740234375 0.340087890625 0.57666015625 0.345703125 0.559814453125 0.36376953125 0.552978515625 0.3720703125 0.552490234375 0.374267578125 0.55224609375 0.38134765625 0.55322265625 0.38671875
1 0.25732421875 0.5625 0.260009765625 0.577392578125 0.263427734375 0.583740234375 0.267333984375 0.587890625 0.27880859375 0.59375 0.290771484375 0.594482421875 0.299072265625 0.592041015625 0.310546875 0.58349609375 0.31591796875 0.573486328125 0.316650390625 0.564208984375 0.314453125 0.552490234375 0.306640625 0.542724609375 0.30029296875 0.538818359375 0.290771484375 0.53662109375 0.28515625 0.53662109375 0.275146484375 0.539306640625 0.263916015625 0.54833984375 0.259521484375 0.5556640625 0.25732421875 0.56005859375 0.25732421875 0.5625