1 0.3259212640625 0.833956821875 0.3233734515625 0.8385318296875001 0.3215486796875 0.8472057749999999 0.3218914390625 0.8518903171875 0.3256384390625 0.8588253421875001 0.33305548906250004 0.8636922359374999 0.33906493125 0.8648628359374999 0.34640535156249996 0.8639838140625 0.353612390625 0.8603782375 0.35817575 0.853350965625 0.36007683125 0.8471656937500001 0.3628529390625 0.8435422171875 0.3629475328125 0.8385099531250001 0.361539925 0.8348136593750001 0.35533970625 0.8274213781249999 0.34906381406250003 0.8240549093749999 0.3375207578125 0.8258675640625001 0.3305227796875 0.8281738859375001 0.3288875109375 0.8300405421875 0.3286024609375 0.8321083687499999 0.3259212640625 0.833956821875
0 0.49045003749999994 0.5411007296875 0.487689953125 0.536965384375 0.4867385921875 0.5329213687500001 0.4793163234375 0.5230771296875 0.47830900156249995 0.5187952296875 0.475716803125 0.515373534375 0.4749333296875 0.51204316875 0.47125960781250004 0.5083653859374999 0.467343175 0.5014852796875 0.463296578125 0.498393103125 0.45839230937500003 0.495996371875 0.455110634375 0.4972410140625 0.45283566249999996 0.4962530703125 0.4461044296875 0.49802870625000006 0.43599877343750004 0.506081246875 0.4348615984375 0.5088445187499999 0.43663322187500003 0.510948753125 0.43946844374999994 0.5208300125 0.45593526406249996 0.540902621875 0.4668636765625 0.5569682359375 0.4673487890625 0.5601156390625001 0.4663235390625 0.5633546765624999 0.4630421765625 0.5678565609375 0.46322892656250003 0.570821 0.4775141484375 0.5913878875 0.480814684375 0.592394034375 0.48432020624999994 0.592100925 0.4978009109375 0.5842859609375 0.50522161875 0.5778439890625 0.509174528125 0.576196703125 0.5179562609375 0.56794299375 0.5187205609375 0.565765328125 0.5175827625 0.562014115625 0.5154939140625 0.557476128125 0.5095637703125 0.55180395 0.507754734375 0.548455378125 0.501209628125 0.5466809671874999 0.49913964218749995 0.54439376875 0.4940863453125 0.5435341765625 0.49045003749999994 0.5411007296875
1 0.4986430640625 0.540733884375 0.502688321875 0.5466075375 0.5171424734375 0.5531939218749999 0.5252889187500001 0.5488929 0.5292947546875 0.5437504890625 0.53213090625 0.534856865625 0.5310762828125 0.53158141875 0.52448124375 0.5227618374999999 0.518615034375 0.5180411921875 0.5064811828125 0.5199636875 0.5031075421875 0.5212083296875 0.500079409375 0.5271375140625 0.49770318125 0.5346769625000001 0.4986430640625 0.540733884375
0 0.5574679406249999 0.4769377078125 0.5566490453124999 0.47887749062499996 0.5516603484375 0.4815130234375 0.5418508703125 0.49075498125 0.5380721515625 0.49311591562499996 0.5357268921875 0.49615378593750004 0.5218967 0.5078115984375 0.51880693125 0.5120206796875 0.517318228125 0.5176203453125 0.522028825 0.526824365625 0.5263850671875 0.529093053125 0.529810671875 0.5328257546875 0.5363819171875 0.532587259375 0.5414823515625 0.53042749375 0.551813171875 0.5223200328125001 0.5538790875 0.5180927468750001 0.5566713 0.51695794375 0.571729990625 0.5040190796874999 0.576010909375 0.497284609375 0.5865291015625 0.5019133140625 0.58967505 0.5011993578125 0.592653078125 0.496514509375 0.59321115 0.49237885937500003 0.6038213140625001 0.4854608140625 0.60702313125 0.484984740625 0.6092566546875 0.4814711046875 0.6068731109375001 0.4734929125 0.5965215921875 0.45980613124999997 0.583266121875 0.4467783859375 0.5769553937499999 0.44595550937499995 0.5738653140625 0.4469073484375 0.5547303515625 0.46528142499999997 0.5550658765625001 0.46996596718749994 0.5574679406249999 0.4769377078125
0 0.361935275 0.4184537546875 0.36010152500000003 0.42161966875 0.3613687578125 0.4258466484375 0.36450767812499996 0.4281520515625 0.369745271875 0.42948740937499996 0.3729033203125 0.43404360156250005 0.3719784625 0.450787375 0.370485190625 0.4553805890625 0.3702027234375 0.467220140625 0.3686906421875 0.47281980625 0.3661405265625 0.497944721875 0.3640428015625 0.5086864921875 0.3648946328125 0.5187692265625 0.3655944015625 0.5206173734374999 0.367768946875 0.5221360015625 0.37845199531249996 0.5235074640625 0.384010625 0.5207620921875 0.38866036249999997 0.504438859375 0.3934210625 0.46253345625 0.3930047109375 0.45861748437500005 0.39464909531250003 0.45248713125 0.3961790375 0.4361092859375 0.39916621406249997 0.43343734375 0.403288003125 0.432265825 0.408184803125 0.4289166421875 0.40863687656250003 0.41127625625 0.4077101234375 0.408476575 0.40602716875 0.4068481078125 0.3922243265625 0.40542203125 0.3859656125 0.40306201562500005 0.3677763734375 0.4038688296875 0.3659050015625 0.40904765000000004 0.365546346875 0.4151412875 0.361935275 0.4184537546875
1 0.5674322453125 0.5531708203125 0.5652120203125001 0.5709577625 0.5658530265625 0.5790825093749999 0.5682259484375 0.5825591250000001 0.583253396875 0.5937202125 0.5898441796875 0.596501075 0.5960203234375 0.5953659671875 0.6126654015625 0.5883741859375 0.6153767703125 0.586763615625 0.61812560625 0.5831401406250001 0.620628396875 0.566542615625 0.6199686578125 0.5594243203125 0.6184053375 0.5550143765625 0.6099499374999999 0.54764060625 0.597238896875 0.5397182515625001 0.5889914453125 0.5408169515625 0.5837757109374999 0.5427388343749999 0.574229403125 0.54813794375 0.5696349984375 0.5494193015625 0.5674322453125 0.5531708203125
0 0.3449281234375 0.9187349171875001 0.34039300156249996 0.9210227265625001 0.3297674625 0.9221948578125 0.3258984109375 0.9208227828125001 0.3096081890625 0.9205315109375001 0.306627746875 0.9197083265625 0.29683525781250003 0.9211914640625001 0.273658709375 0.920717840625 0.270622709375 0.9196567734375 0.2646805484375 0.9202611968750001 0.2561655703125 0.9239584078125 0.2507608765625 0.931205359375 0.2488550578125 0.940409990625 0.2496328625 0.94374035625 0.2523174125 0.94763781875 0.2576303359375 0.948680375 0.2766047984375 0.9496118671874999 0.280344009375 0.9482573859375 0.2862493390625 0.94966586875 0.292802321875 0.9484209203124999 0.3111104046875 0.9497550546875001 0.31699700937499997 0.9489127500000001 0.33934050625 0.949075365625 0.341339953125 0.9511246812499999 0.3483202171875 0.965818221875 0.35302231875 0.9675013031249999 0.35951358437500003 0.9652681890625001 0.3734216203125 0.9625952453125001 0.37719766250000003 0.9592278578125001 0.3776786453125 0.9558607765625 0.380880696875 0.951121009375 0.381435653125 0.9469853578125 0.38495232343749997 0.9414220999999999 0.384988228125 0.92963746875 0.3818582890625 0.9140652125000001 0.3804512484375 0.912381825 0.378007653125 0.9116866859374999 0.3588665203125 0.91004154375 0.3530351640625 0.907864490625 0.349295953125 0.9092189718749999 0.3467786921875 0.9125496453125 0.3449281234375 0.9187349171875001
0 0.4980807484375 0.3654102078125 0.5001666109375 0.3699481953125 0.4985284296875 0.373827759375 0.48326147031250005 0.3880658796875 0.476614571875 0.3923301859375 0.47253733125 0.3977654 0.4663930625 0.40091341406250003 0.465927790625 0.40327404375000003 0.45293224218750006 0.4152428640625 0.4482964890625 0.4215564859375 0.447626521875 0.42521637031250004 0.4491165140625 0.4293884296875 0.45509406874999997 0.43529849218749994 0.4598051609375 0.4379880265625 0.47121841406250004 0.43013665312500005 0.4820913640625 0.41889999375000003 0.4878259296875 0.41509324843749995 0.49251756562500004 0.40901750937500003 0.49557101875000004 0.406821334375 0.5001141546875 0.4055399765625 0.50123086875 0.400525915625 0.514878171875 0.38916090625 0.5220656828125 0.39153912812499997 0.53295778125 0.3858105 0.53831969375 0.37933211875 0.537406740625 0.37327519531250003 0.5311494609375 0.36291847499999996 0.5274065828125 0.3600092625 0.5231048796875 0.35472121562500003 0.5156750015625 0.349140671875 0.509269846875 0.3500928171875 0.4985086609375 0.36180524375 0.4980807484375 0.3654102078125
1 0.3947038609375 0.6893324828125 0.3905526203125 0.68902178125 0.383367515625 0.69315804375 0.3810596296875 0.69744025 0.379813246875 0.7062422390624999 0.3772263296875 0.7125922703125 0.3736353328125 0.7309466125 0.3752552109375 0.7345879859375 0.375646603125 0.7395104124999999 0.381734721875 0.7491534828125 0.38899546093750004 0.75727761875 0.40027718125 0.7662431421875 0.4036839203125 0.76772505625 0.406159725 0.7674137421875 0.41088816718750004 0.7690968234375 0.41986075781250004 0.7693155843749999 0.44836011718749996 0.7625971781249999 0.45346018906249996 0.7571801687499999 0.46088573125 0.736702775 0.46417948750000004 0.724679953125 0.4656305140625 0.7145787078125 0.46341460156250003 0.7073141656249999 0.44252597343750005 0.6834906484375 0.43422287343750005 0.6763547609375 0.41447262656249995 0.6823403953125 0.41203417187499997 0.6838960453125 0.40000888593750006 0.685873459375 0.39883626875 0.6873923953125 0.3947038609375 0.6893324828125
1 0.305745571875 0.5356465515625 0.3074470109375 0.54604029375 0.3130591359375 0.55330453125 0.32248765156250003 0.5592142859375 0.33219905625 0.559798975 0.337602528125 0.5585907406249999 0.3474455046875 0.5521302578125 0.351299171875 0.545505628125 0.355398134375 0.5355688375 0.3531678796875 0.527297840625 0.345703946875 0.5176914859374999 0.3392985953125 0.513611365625 0.32758438437500004 0.5122216984375 0.3206505328125 0.5135215671875 0.313150271875 0.5189570859375 0.30782293125 0.525911234375 0.305745571875 0.5356465515625
1 0.32028437187500003 0.45902685937500004 0.31291590625 0.46268735625 0.3007351859375 0.46667767656250003 0.2976154390625 0.474144 0.29552989687500003 0.48488577031249996 0.29560564375 0.4906316859375 0.297316853125 0.49676173125 0.3021297390625 0.5029463921875 0.3168495375 0.5129180625 0.33337279531249997 0.510958546875 0.338316271875 0.50684079375 0.3411922796875 0.5059438734375 0.344218521875 0.503509815625 0.3491623140625 0.5026493046875 0.3518877734375 0.5000322828125 0.35427315625 0.4797017484375 0.35440437812500003 0.47591382031249996 0.352975253125 0.470973190625 0.35077561875 0.468210225 0.3455871453125 0.46586841406249996 0.3431054265625 0.46191603125 0.3403045359375 0.46204438124999997 0.33614995312499996 0.45972077499999997 0.330867659375 0.459153984375 0.32028437187500003 0.45902685937500004
1 0.5119499203125 0.5469543421874999 0.508657959375 0.5461860781250001 0.5077689359375 0.5478879765625 0.510077453125 0.5521331609375 0.512480075 0.55134608125 0.51662341875 0.5524253531250001 0.5182317578125 0.5548223906249999 0.5173806937500001 0.557768625 0.51914055 0.561885765625 0.518705765625 0.5654907296875 0.52288706875 0.5678143375 0.5310987859375 0.577255934375 0.5338988671875 0.5781340375 0.5422420156250001 0.5772732203125 0.5511714671875 0.5745275421875 0.5544057 0.5652861953125 0.5554644296875 0.5577834625 0.55482103125 0.5561732 0.5462877734375 0.5475550921875 0.54142543125 0.545634128125 0.5310012000000001 0.5464585343749999 0.52657395625 0.5441898468749999 0.5201798265625001 0.5488750015625 0.5125933203125 0.54856460625 0.5119499203125 0.5469543421874999
0 0.4873730890625 0.8808788812499999 0.48375443125000006 0.8862042546875 0.48300477031250005 0.890632709375 0.4836051875 0.8942558796875 0.4816366625 0.8989589312499999 0.48135589218749997 0.904284 0.486026459375 0.9175138296875 0.48863334218750004 0.920935525 0.4822794078125 0.9526850703124999 0.48017966718749994 0.957918809375 0.479262109375 0.9714053406250001 0.4828074015625 0.983134746875 0.48702710624999995 0.9879470265625001 0.49404087187499995 0.99263095625 0.5006979953124999 0.9936367984375 0.506304775 0.9923736453125 0.5152488187500001 0.9845957015625 0.51851083125 0.9755922390625 0.523777425 0.9468438484374999 0.5238707015624999 0.9418115828125 0.5267760703125 0.92913003125 0.529682378125 0.92622020625 0.5314450671875 0.9260736515625 0.5360577890625 0.9227793875 0.543932834375 0.9137389031250001 0.5428252734375001 0.9014602999999999 0.54044288125 0.8924756531250001 0.537273203125 0.886675125 0.530484240625 0.8796854859375 0.5209388390624999 0.874068534375 0.5124814015625 0.8719649109375001 0.50336789375 0.8725147203124999 0.494329634375 0.8755532015625 0.4873730890625 0.8808788812499999
0 0.441838525 0.4652005015625 0.438196575 0.4637735078125 0.43644969375000003 0.4606628203125 0.4268800578125 0.4545701015625 0.4245576640625 0.4566015171875 0.424334915625 0.4589072265625 0.42446710625 0.48117723593750006 0.428928909375 0.5067223859375 0.4310473484375 0.5092474671875 0.4369001625 0.508167278125 0.4421580484375 0.50346391875 0.4491255359375 0.5006269109375 0.45079754687499995 0.49799168437499997 0.4555353765625 0.495411071875 0.46432430625 0.4981734234375 0.4756220296875 0.5051260421875 0.47705249531250005 0.502545734375 0.49154449843750003 0.49273606875000003 0.500648909375 0.49141769062499996 0.5061674468749999 0.49216744375 0.5095675421875 0.4903921140625 0.5179288390625 0.49024494843750005 0.5248778421875 0.48841439375 0.5266428984375 0.4872613859375 0.5274414671875001 0.483070815625 0.5262882703125 0.470554328125 0.524373784375 0.4634727484375 0.520378759375 0.4616249078125 0.5047711515625 0.4634196640625 0.493771359375 0.4631644953125 0.49061280625 0.4648849046875 0.4835892421875 0.4642267859375 0.46015919062500005 0.46629675312499996 0.441838525 0.4652005015625
0 0.46049348749999996 0.45032154999999996 0.4639861265625 0.4552985890625 0.46715935468750003 0.457841875 0.47190938750000005 0.45727416875 0.48737952656249994 0.45203920468750003 0.492373315625 0.4481593359375 0.49710498437500006 0.4518553234375 0.49958335781249996 0.4525504625 0.508707665625 0.44874341093750003 0.5199532671875 0.4419534109375 0.5192580984374999 0.43684802187500005 0.5177370140625001 0.43368241406249997 0.5034657250000001 0.41033405156249997 0.49841495937499997 0.407461553125 0.488933884375 0.4108477578125 0.481874834375 0.41469121875 0.46084868281249997 0.4344561859375 0.45831490312499995 0.443294890625 0.46049348749999996 0.45032154999999996