1 0.44179289062500005 0.24414446406249998 0.4305281765625 0.257586125 0.41838124062500004 0.276765378125 0.41345472812499995 0.286604371875 0.41504759062499996 0.29454031875000003 0.42314502656249997 0.31211256718749997 0.428041940625 0.32535227031249997 0.4364381375 0.33872030625 0.44352691875000005 0.3421589296875 0.47206544531250005 0.3436201484375 0.49211533125000007 0.3425242703125 0.496638815625 0.340582578125 0.4995812625 0.337822790625 0.5176781671875 0.3113988203125 0.519027009375 0.3053673859375 0.5226564453125 0.302045434375 0.52504205625 0.29639752812500003 0.5246153734375001 0.29005912500000003 0.5109340328124999 0.2598093375 0.5031338671875 0.247361475 0.4960583984375 0.24171210312500002 0.4741945375 0.23980465781250002 0.44941411249999996 0.24089980312499998 0.44456673281250003 0.24213860625 0.44179289062500005 0.24414446406249998
1 0.47543210937499997 0.233211059375 0.4718748171875 0.23750422499999999 0.47362659999999995 0.2397791390625 0.48277945312500004 0.24080285625000003 0.491814425 0.2430661109375 0.49578951406250005 0.24265779687500003 0.5018692796875001 0.24547008906249998 0.5066799671875 0.252831478125 0.5084966578125 0.25804554999999996 0.5115040875 0.25798211718749997 0.5117644625 0.2650744484375 0.5142615734375 0.26727280468750003 0.5151628265625 0.2733173640625 0.5189148359375 0.2778416734375 0.5240515546875 0.2905702515625 0.5255295328125 0.28796358125 0.5345264609375 0.28286618125 0.5385806375 0.2785219765625 0.540059365625 0.27125100625 0.540703996875 0.246881734375 0.5390447328125 0.23846018125000001 0.5366393875 0.2347794875 0.5322465000000001 0.23130294999999998 0.5178256171875 0.22100093906249998 0.5103991859375 0.21734503125 0.5017559015625 0.218723825 0.4897515421875 0.2238846578125 0.47543210937499997 0.233211059375
1 0.42699967812499995 0.8606093171874999 0.422895840625 0.8715857671875 0.42320840156250006 0.8838280062500001 0.42768760156249996 0.902025853125 0.43252275781250005 0.9071764921875 0.44318986718750003 0.9127113921875001 0.45224550781249995 0.914974646875 0.4568720375 0.9135185609375001 0.4633074546875 0.9101586953125 0.47094904687500005 0.9039748765625 0.4738324953125 0.902697428125 0.48015051406250003 0.8959127984374999 0.4854470671875 0.88432314375 0.4855667203125 0.8737550078125 0.48252774218749994 0.8642470375 0.47795506093749995 0.8568601296875 0.4678256078125 0.8493062437500001 0.4566470140625 0.8460331312499999 0.445441496875 0.8471815156250001 0.43842954062499995 0.8498640109375 0.42699967812499995 0.8606093171874999
1 0.48705240781250003 0.4239508265625 0.4894357953125 0.4411388140625 0.49209981718750007 0.44455118593750004 0.4952282671875 0.44521616249999996 0.5049313062499999 0.45012473281250004 0.511161734375 0.45121188281249996 0.516796128125 0.44916811250000005 0.5264613546875 0.44205172656249997 0.5304127703125 0.436250703125 0.528824353125 0.4216825109375 0.5269295875 0.41598283281250004 0.522224053125 0.41253181562499996 0.5063700078125 0.40726450468750003 0.503652278125 0.4080308265625 0.4978719015625 0.41107133124999995 0.4877157703125 0.42069230625 0.48705240781250003 0.4239508265625
1 0.4448464203125 0.342082371875 0.44067591562499997 0.34300181093750004 0.4377869234375 0.3418257078125 0.43417960312500004 0.33630466718749996 0.433461275 0.3319597296875 0.42875669375000003 0.32090525468750003 0.423397928125 0.3131093 0.4216599125 0.3086236375 0.419463890625 0.30688536875 0.4108871640625 0.31120332031250003 0.4050688953125 0.315483359375 0.40220525937499996 0.319214359375 0.400216596875 0.3287471171875 0.3998861296875 0.3513657265625 0.40201650781250003 0.3548291375 0.41421248281249995 0.363150078125 0.41648682499999995 0.36561675625 0.429245234375 0.372161515625 0.43230430000000003 0.3725836890625 0.440384234375 0.3683167765625 0.447522053125 0.3693018484375 0.46175965625000004 0.3639113390625 0.467917321875 0.362787740625 0.469291334375 0.354545559375 0.46852154218750003 0.3450507140625 0.4618417265625 0.3413182484375 0.4589131984375 0.342110090625 0.45599809843749994 0.340691184375 0.45287339062500004 0.3419941515625 0.4497621109375 0.341086371875 0.446663509375 0.34263214375 0.4448464203125 0.342082371875
0 0.6760340921875 0.6246602593749999 0.6745245734374999 0.626781321875 0.673322684375 0.6411446234375 0.6704847015625 0.642422071875 0.65935283125 0.64259924375 0.6161920796875 0.6468478984375 0.6089815703125 0.6466167546875 0.58207371875 0.649909521875 0.5750825374999999 0.64941005625 0.572374090625 0.6472372203125001 0.568220153125 0.65012460625 0.5603516671875 0.65069843125 0.5550503203125 0.649777525 0.5469742796875 0.657737525 0.5483395343749999 0.67060609375 0.5504797906250001 0.676765859375 0.5522078968749999 0.6790407734375 0.5583990562500001 0.6813419406250001 0.584997053125 0.679799834375 0.5913177484375 0.6786507171875 0.5936007937500001 0.6791494499999999 0.5969547078125 0.6780637656249999 0.5992635109375 0.6788053015625 0.6031333546875 0.6779113812500001 0.6140716609375 0.6782453359375 0.6178899859375 0.676865809375 0.6197086203125 0.677658384375 0.6235784625 0.6767644640625 0.6253713375000001 0.6773142359375 0.637574078125 0.675552646875 0.641327634375 0.6758982625 0.6434303625 0.674697371875 0.6521371406250001 0.6750182015624999 0.6745624359375 0.672683153125 0.6777805578125 0.6738209765625001 0.6789412140625 0.6754185203125 0.6811064906250001 0.6864853890625 0.6837759296875 0.6906261703125 0.6901996625 0.690448265625 0.6918769890625 0.6875732734375 0.6942248046875 0.6863468640625 0.7113034875 0.6838320796875 0.7147869390625 0.6792961109375 0.7143762671875 0.666082659375 0.70947974375 0.6339429515624999 0.708474384375 0.629137928125 0.70682355625 0.6275914234375 0.6955886484375 0.6267973812500001 0.6874750765625001 0.6273967265625 0.6823157796875 0.6254790875 0.68039410625 0.6237153 0.6760340921875 0.6246602593749999
1 0.3864740203125 0.25042302968749997 0.3822651125 0.26312462187499996 0.3834682984375 0.2671757171875 0.3871186203125 0.2726967578125 0.3961923484375 0.2813494546875 0.40435425468749997 0.2839575890625 0.41151149687500005 0.2820035046875 0.41440850781250005 0.2829368046875 0.4174119546875 0.2801770171875 0.42012479531249997 0.27474639375 0.42467638750000003 0.26986554375 0.42679367187499995 0.2659683 0.4281833046875 0.2623904171875 0.4276285140625 0.25729155000000004 0.4209098359375 0.2469268375 0.4152750828125 0.24185275781249999 0.4122723953125 0.2399482453125 0.40518158125000003 0.24017718906250002 0.394955228125 0.241951903125 0.3890411796875 0.24598913906250003 0.3864740203125 0.25042302968749997
1 0.444807965625 0.3692376828125 0.44252492656250003 0.385671009375 0.44249768906250003 0.39009250624999997 0.443677021875 0.3939007984375 0.4493505375 0.39921768125 0.4586830953125 0.40539130625 0.46211671093750006 0.4065163703125 0.47060202812499996 0.4049202921875 0.4810102953125 0.39993809687500004 0.483569434375 0.3977149546875 0.485745046875 0.3896390171875 0.48565428125 0.37712845625 0.483241903125 0.37369056562499997 0.47539429687499996 0.36712101874999997 0.465531453125 0.36075563125 0.4627612671875 0.356372046875 0.4556807078125 0.36150809375000004 0.4488921484375 0.364650675 0.444807965625 0.3692376828125
0 0.49400957968750003 0.62210155625 0.49074132812500004 0.6268548078125 0.4823659125 0.6473508890625 0.48299484843749996 0.653178165625 0.48665467968750004 0.6613955609375 0.4800777390625 0.6775343109375 0.4799197515625 0.6807417921875001 0.48350096562499995 0.688230778125 0.48818507499999997 0.6919245984375 0.49573011874999995 0.6940981671875 0.500690515625 0.693344971875 0.5058613140625 0.6898698999999999 0.5091295640625 0.6851166484375 0.514235975 0.6740381203125 0.5228052984375 0.6716881124999999 0.52814680625 0.6674591140625 0.5335549609375 0.6568406718750001 0.5348285703125 0.6522915765625 0.5385168640625 0.646758875 0.539607034375 0.6405101578125 0.5387025609375 0.6344655984375 0.530397553125 0.6252507359374999 0.52684179375 0.622668853125 0.51971679375 0.6197158359375 0.5109251 0.617669865625 0.5023954625 0.6180519265625 0.4987079203125 0.618920328125 0.49400957968750003 0.62210155625
0 0.598463728125 0.521560715625 0.5975832578125 0.52263400625 0.598074453125 0.5272472671874999 0.60057181875 0.534352725 0.6015926203124999 0.5462756015625 0.6005304406249999 0.5503135703125001 0.5956753015625 0.553763121875 0.59399191875 0.5566381140625001 0.587867778125 0.5621832078125 0.570685315625 0.5853231390625 0.5637324109375 0.59242713125 0.5579443546875 0.6011286671875 0.5527523890625 0.6060860765625 0.551560946875 0.6089100281250001 0.5421476000000001 0.6209335171875 0.5408785984375 0.6230290609375 0.5403209140625 0.6294695421875 0.541381609375 0.6347601734375 0.5435687421875001 0.63895199375 0.558104596875 0.6516820375 0.5633733765625 0.6521173375 0.569937009375 0.6506998984375 0.5711676 0.645908 0.5751681234375 0.64377454375 0.5778612390625 0.641040275 0.583183209375 0.6326325828125 0.5857337640625 0.630895046875 0.5882459109375 0.62646115625 0.5936838453125 0.621478228125 0.5957557578125 0.6175809828125 0.598966665625 0.6150384796874999 0.6181560390625 0.5897264468750001 0.622661796875 0.585331203125 0.6258601500000001 0.5803351484375 0.628139625 0.573716028125 0.6335642625 0.5709438484375 0.642742709375 0.57072803125 0.6478563734375 0.5697065125 0.6503810750000001 0.5677261734375 0.65624520625 0.569081646875 0.6593911109375 0.5682642859375 0.661683140625 0.5640987187500001 0.6587972468750001 0.5580155125 0.6519632765625001 0.54988706875 0.642617903125 0.541528215625 0.618684228125 0.5246180109374999 0.611849515625 0.5211538671875 0.6044837140625 0.5197087078125 0.6007941640625 0.520091503125 0.598463728125 0.521560715625
0 0.51957605 0.788525290625 0.5247610796875 0.7943788203125 0.5509768703125 0.8169887031249999 0.553174346875 0.8209377203124999 0.5537789125 0.82652219375 0.55521335625 0.8280942171874999 0.5572666421875 0.8283756671875 0.5680092265625001 0.8154961703125 0.5698792671875 0.809413696875 0.5694188953125 0.807496790625 0.5468215046875 0.7926186984375 0.5290283812500001 0.7777413375 0.5211839921875 0.7753504859375 0.516866384375 0.7775094609375001 0.51624754375 0.7788000359375 0.5169970562499999 0.783387778125 0.51957605 0.788525290625
0 0.2832879140625 0.608446065625 0.27752726562499996 0.61517965625 0.2745429484375 0.6199073890625 0.2722847234375 0.6267693109375 0.2635538234375 0.6313555859375 0.246105353125 0.6383173859375 0.2403580296875 0.6428402296875 0.23732190156250002 0.6470823546875 0.234453784375 0.6552348515624999 0.236190184375 0.666838365625 0.2430122046875 0.6747240062500001 0.24781138125000002 0.6776638984375001 0.254452809375 0.679185615625 0.2663745234375 0.6764783343749999 0.28872728125 0.6640990375 0.29141257187499997 0.6635755171875 0.3010501546875 0.6674873546875 0.3081068125 0.6682296234375 0.31473565937500003 0.6672977906249999 0.3221949671875 0.664807059375 0.32683945468750003 0.6616258312500001 0.3313026078125 0.6567449796875 0.33577908437500004 0.64965338125 0.33814093125 0.643762671875 0.3394132671875 0.637002828125 0.338778959375 0.628722 0.33509594374999996 0.622229746875 0.3334757453125 0.614050996875 0.3308430109375 0.610395821875 0.3247988921875 0.605129978125 0.3213356984375 0.6030337015625 0.312048209375 0.6000675578125 0.299646875 0.6006151296875 0.2886200109375 0.6047026718749999 0.2832879140625 0.608446065625
1 0.5480752203125 0.7266032140625 0.5489109125 0.731919365625 0.5575671437499999 0.74110870625 0.5622540109374999 0.7443169203125 0.5703541296875 0.7437430953125 0.5805393234375 0.7412399703125 0.5832487093750001 0.7380200968749999 0.5845374890625 0.7334710015625 0.5886152109375 0.7264304421875 0.5895857765625 0.718967709375 0.5888561546875 0.7146227703125 0.5854974625 0.7095618171875 0.57652225625 0.7021231359375 0.5653680203125 0.70276039375 0.557652790625 0.704522715625 0.5548108140625 0.706528575 0.5523135703125 0.7116908734375 0.5480752203125 0.7266032140625
0 0.34610675 0.493535325 0.341508784375 0.49499141093750004 0.336181028125 0.4989776078125 0.33343205625 0.5036798203124999 0.33236338125 0.5077177890625 0.3326621296875 0.5128421765625 0.3350447109375 0.51873361875 0.3384305703125 0.522312234375 0.3450596015625 0.525801896875 0.3657039921875 0.5246549796875 0.3753413546875 0.5305347609375 0.390501925 0.531917221875 0.402094565625 0.5280214437499999 0.410379378125 0.521275459375 0.41271143437499996 0.5173526953125 0.4151482796875 0.5097368437500001 0.41470684843749994 0.5009448890625 0.409980325 0.491858359375 0.4066204765625 0.48852254687499996 0.39771215625 0.4847769546875 0.38186118593749996 0.4839566609375 0.37123243125 0.48750755625000003 0.36499281093749997 0.492324240625 0.34610675 0.493535325