1 0.27461112656250003 0.49041922031249996 0.27150429531250003 0.49544080625 0.2696685453125 0.49904104218749995 0.26930526875 0.5024484078125 0.271566259375 0.5076574421875 0.2804800953125 0.5182288765624999 0.28262489999999996 0.5197695109375 0.28676424218749996 0.52015835 0.298317065625 0.5181188890625 0.3025842140625 0.5148478484375001 0.30810850156249997 0.5035591578124999 0.30772276249999997 0.5006142140625001 0.30474683593749996 0.49489163593749996 0.29937359375 0.48786389375 0.29533649687499997 0.48454715156250006 0.289968675 0.484359703125 0.283843315625 0.4848786703125 0.2773887609375 0.48782903437499997 0.27461112656250003 0.49041922031249996
1 0.3657386125 0.511190303125 0.3661638546875 0.519999571875 0.36913978125 0.5257221515625 0.3719654390625 0.5287522984375 0.3801503984375 0.5322138859375001 0.386982171875 0.5324524562499999 0.3919472140625 0.5301829453125 0.3992359890625 0.5243302390625 0.40209340625 0.5124598406249999 0.401951659375 0.5095234171875 0.3996991890625 0.504070390625 0.39643666875 0.4995592515625 0.3862742125 0.4967614765625 0.377229471875 0.49693420625 0.3694697546875 0.5022818874999999 0.3671545421875 0.5056210906249999 0.3657386125 0.511190303125
1 0.187077665625 0.5626036328125 0.17797018281250002 0.571568590625 0.17203459375000002 0.5806443140625 0.1701647640625 0.5852205171875 0.17132198125 0.5940553484375 0.177625490625 0.6094214171875 0.18520318125 0.6162818515625 0.192908678125 0.6194824062500001 0.21661849375000003 0.6190889234375 0.21984151093749998 0.6177357375 0.224908796875 0.6125383234374999 0.23312551718750002 0.6010993640625 0.2365104203125 0.59511033125 0.2364027546875 0.5911979406250001 0.234244009375 0.5830610046875 0.22620699531250002 0.56836726875 0.219125809375 0.561279884375 0.21452404375 0.5601420296875 0.1979155546875 0.5600506265625 0.19079718750000002 0.5610234953125001 0.187077665625 0.5626036328125
0 0.4514068765625 0.5483824265624999 0.45078256562499996 0.55226925625 0.44660604375 0.5599406703125 0.4289332828125 0.5693393906249999 0.4277667671875 0.5817574171875 0.42471647968750004 0.59215534375 0.42459719375000005 0.59557123125 0.4269263484375 0.5988283296875 0.4383312265625 0.608021015625 0.45114351093750005 0.6118884828125 0.4591867234375 0.6124136484375 0.4623927 0.6115484453125 0.46745146562500006 0.6065950234375 0.47319418437499994 0.596046828125 0.47824442968750003 0.591337396875 0.479155334375 0.586239128125 0.47830717187499994 0.5825451687500001 0.468956475 0.5704927421875 0.476940821875 0.5517169859375 0.47972155625 0.5420425125 0.482053809375 0.5382153265625 0.48379893437500004 0.530214715625 0.48667029375000004 0.52494061875 0.4878763109375 0.51838691875 0.4901659625 0.515779690625 0.4940845515625 0.5015034546875 0.49382661875 0.49489863125 0.49194284687499995 0.49287853437500007 0.483522415625 0.48916443281250005 0.4791135203125 0.48949904999999994 0.475603909375 0.4920636765625 0.4663910828125 0.5110408234375 0.4556004390625 0.540223028125 0.4514068765625 0.5483824265624999
0 0.47009279531250003 0.4540063609375 0.46682717656249995 0.45657950625000004 0.46548793125000004 0.45995279062499994 0.46294576875000004 0.46279549062500003 0.40088584374999997 0.4840800953125 0.3970555578125 0.488832128125 0.3987402625 0.503548325 0.40413054531250003 0.510088084375 0.41235810781250004 0.5123297124999999 0.41434412343749993 0.5114219078125 0.41866239375000003 0.506686915625 0.42579780156249997 0.5052260640624999 0.42824624062499994 0.5050672765625001 0.43210750937500003 0.5064235625 0.4397309015625 0.5049797500000001 0.4590093609375 0.498568575 0.4654724359375 0.49537421875 0.47037783437499997 0.49481264999999997 0.4788269265625 0.4907104890625 0.485153675 0.491420003125 0.4867764140625 0.493919565625 0.4863875765625 0.4980589078125 0.4873720640625 0.497848996875 0.48768421875 0.49590558125 0.48893825937499996 0.494972215625 0.49777309062499997 0.49381499843750004 0.49874905781249995 0.49384907968749997 0.50202861875 0.4978722359375 0.50301310625 0.497662325 0.5050332046875 0.49577855312499997 0.5058759453125 0.49263222031250004 0.5028434765625 0.4815332984375 0.49607754374999996 0.4654182140625 0.4973741875 0.4632648890625 0.496568628125 0.45835096875000003 0.4972014578125 0.454220146875 0.494333196875 0.452409959375 0.4918367359375 0.4469484140625 0.49213185 0.44549298281249994 0.4821537421875 0.4444116703125 0.4765163671875 0.44494767812499997 0.47252729374999997 0.4472512703125 0.47009279531250003 0.4540063609375
0 0.38229984687499996 0.5616036796875 0.374761659375 0.560607571875 0.370832228125 0.5612032218749999 0.3658501453125 0.563960715625 0.36371928124999997 0.5690163828125 0.364549625 0.5942071921875 0.36845194062500003 0.6363612468750001 0.3665991515625 0.6404494671875 0.36210505312499996 0.643224003125 0.36053885625 0.6461007828125 0.3599796109375 0.6551199624999999 0.361295615625 0.6664032328125 0.36335521718749997 0.6703837874999999 0.3657269734375 0.6724209265625001 0.3727430953125 0.6743759609375 0.3815182828125 0.6749266859375 0.3987425625 0.6713752515625 0.40273163749999996 0.6690716578125 0.40481137812499995 0.6654799421875001 0.4056882 0.6613576421875 0.4054813890625 0.65328886875 0.403189415625 0.6419715171875 0.40061627031249997 0.638705896875 0.3943832453125 0.6353124734375 0.3937109125 0.63357896875 0.38966685 0.5884884890625 0.386722684375 0.5678653640625 0.38229984687499996 0.5616036796875
1 0.46541048125 0.406206409375 0.46568235625 0.419407534375 0.46801150937499997 0.4226646328125 0.4704088265625 0.4239697953125 0.469313575 0.4273516 0.47058465624999996 0.42593025156250003 0.4732685671875 0.426023975 0.475092696875 0.4297520171875 0.479399346875 0.43234530312499997 0.49008386875000004 0.4341841515625 0.514585303125 0.4321082875 0.5163188078125 0.4314359546875 0.5166735640625 0.4282725796875 0.51904841875 0.4232254328125 0.519820675 0.40810645624999997 0.5121694 0.3963576640625 0.5060301 0.390280328125 0.49950196093750004 0.388342334375 0.48165647187499994 0.3886963140625 0.47345137187499997 0.3928069953125 0.4676916125 0.403843175 0.46541048125 0.406206409375
0 0.394726425 0.3316726828125 0.3870124078125 0.3287161203125 0.38239360312500004 0.3280662484375 0.375241153125 0.330015084375 0.3729600234375 0.33237832031250003 0.37055108593749997 0.33840143437500003 0.36985861249999996 0.3442402 0.3704798234375 0.3474376546875 0.37322027812499997 0.35290772187499997 0.3776857171875 0.357949446875 0.38230452187499997 0.35859931875 0.40515997812500004 0.368680446875 0.40774164375 0.3717020734375 0.409270659375 0.376885546875 0.41205371562500004 0.381135653125 0.4242502109375 0.3886459578125 0.43660007500000003 0.391764409375 0.4397634484375 0.392119165625 0.44546898593749995 0.3896312234375 0.452051346875 0.38302098125 0.456522984375 0.373894134375 0.45888389687500003 0.3622506875 0.45833085 0.3571012953125 0.4566004453125 0.35068934375 0.45332088437499996 0.3466661875 0.430431346875 0.33756102656250003 0.42577845937500003 0.3378871234375 0.41807838437499995 0.3415268609375 0.41491501093750005 0.3411721046875 0.394726425 0.3316726828125
0 0.3085515828125 0.3369692328125 0.30642071875 0.3420249 0.30396608125 0.3563522578125 0.30016600000000004 0.3882214734375 0.2978593078125 0.391316684375 0.29090824843749996 0.394494 0.2868765734375 0.398017553125 0.2849897015625 0.40308174062499996 0.2850292046875 0.408946065625 0.2877526171875 0.414904115625 0.2967857390625 0.42205966406249995 0.309328471875 0.4266505859375 0.3212755546875 0.42731207656250003 0.3311289546875 0.42496898125 0.335370540625 0.4224299171875 0.3386872828125 0.4183928203125 0.3408351859375 0.41284916875000005 0.34125810625 0.40773385937500006 0.33806375 0.401270784375 0.3347415875 0.3984675890625 0.332228084375 0.3934940265625 0.3321320375 0.38225335781249997 0.335055296875 0.35450644531250003 0.3336540875 0.34566309375 0.3310073578125 0.33750911562499997 0.3281817 0.33447896875 0.3207031546875 0.3317749171875 0.31753125937500004 0.331664153125 0.3123477875 0.33319316875 0.3085515828125 0.3369692328125
1 0.392150946875 0.3914336578125 0.3820674953125 0.4003645359375 0.3762171109375 0.4070003390625 0.372335703125 0.4132163234375 0.36972537656250004 0.41801095781250003 0.3693791390625 0.420930340625 0.386451596875 0.456704203125 0.390026271875 0.459271928125 0.395124540625 0.46018283125000004 0.42513554375 0.46123083906250006 0.43039569999999994 0.457505896875 0.436314246875 0.44891815625 0.4420879484375 0.4444782796875 0.4441676890625 0.4408865640625 0.4454589109375 0.43189294531250005 0.44806923750000005 0.4270983109375 0.44974619843749997 0.4210496359375 0.446350453125 0.41335808125 0.435950203125 0.3963832140625 0.434049390625 0.3948511 0.43042359374999994 0.3937473265625 0.42780784531249993 0.3917016671875 0.4197987140625 0.390200534375 0.39906792343749997 0.3892323109375 0.392150946875 0.3914336578125
0 0.4595175046875 0.337111 0.4588931953125 0.3409978296875 0.46110306406249996 0.347670815625 0.4720369984375 0.356358478125 0.477444321875 0.3624102515625 0.47820728125 0.36854413125 0.47938463750000004 0.3698066921875 0.4832799875 0.3701870109375 0.487983996875 0.3683969625 0.49205827500000004 0.3636534515625 0.49225424375 0.3580416375 0.4915648703125 0.3567961171875 0.487661 0.35665979062500003 0.4847757 0.3553375859375 0.471807725 0.34193739375 0.466096765625 0.3375850421875 0.46102405781250005 0.3359421640625 0.4595175046875 0.337111
0 0.3183607953125 0.6087173453125 0.307513609375 0.6325232078125 0.3049714453125 0.63536590625 0.304372696875 0.6385207609375 0.299682628125 0.6469071093750001 0.297761675 0.652947265625 0.29234273125 0.6542237671875 0.28624293437500004 0.6540107578125001 0.2830284375 0.655119953125 0.27735388125 0.6637162125 0.27627566875 0.666610034375 0.2764003765625 0.6700344406250001 0.27338726874999997 0.672372115625 0.2686972015625 0.6807584656250001 0.2681069734375 0.6836693265625 0.2686515 0.689062709375 0.272620434375 0.6943313859375 0.28316010937499997 0.700318096875 0.289106540625 0.7049229609375 0.296324053125 0.708106475 0.30793341875 0.71144335625 0.31524465625000003 0.711942959375 0.318938615625 0.7110947984375 0.321951721875 0.7087571234375 0.33142558125 0.6893005140625 0.3341807546875 0.6803580171875 0.3345355125 0.6771946421874999 0.3336617890625 0.674232659375 0.3323000828125 0.6712536328125001 0.33039926875000003 0.6697215187500001 0.32957666875 0.6652955828125 0.3345192484375 0.6566737625 0.33858810625 0.64508995625 0.35039421875 0.621806159375 0.3517845859375 0.6169689234375 0.35168544062499996 0.612812540625 0.35103866875 0.6103470609375 0.34563134375 0.6042952859375 0.3384393921875 0.6003797953125 0.328452765625 0.5995424765624999 0.3249942765625 0.60064315 0.3222166421875 0.6032333375000001 0.3183607953125 0.6087173453125
0 0.15211559218749998 0.33956791875 0.1477237390625 0.3394145515625 0.1285816046875 0.34192185625 0.1256111 0.343039571875 0.12333849062499999 0.345158815625 0.12195664375 0.349752059375 0.12187686093750001 0.359032271875 0.1228838109375 0.365174671875 0.1288581234375 0.3829721390625 0.1311787578125 0.38647322968750003 0.13427396875 0.388779921875 0.141542603125 0.390499484375 0.16187913437499998 0.3887667578125 0.16511919218749999 0.3869255875 0.1684444546875 0.38264449843750004 0.17441954531249998 0.3794331 0.1859468078125 0.378125615625 0.190894809375 0.37634408750000004 0.20144610312500003 0.3750025203125 0.212789015625 0.371978571875 0.2174333828125 0.37189646718749997 0.2212040265625 0.368852378125 0.22092905156249998 0.362735540625 0.2173861375 0.34526726874999997 0.214046934375 0.34295205625 0.2106480875 0.34234478749999997 0.159381128125 0.3483717671875 0.157009371875 0.34633462812500004 0.1556987875 0.3418916515625 0.15211559218749998 0.33956791875
1 0.32181929375 0.5306654984375 0.32499660937499997 0.5376165562499999 0.330943040625 0.5422214203125 0.338160553125 0.545404934375 0.3403564796875 0.54548161875 0.351784596875 0.54001775 0.35359478437499997 0.537149490625 0.3545738515625 0.5300992859375 0.3547357390625 0.5254634406250001 0.3529712515625 0.5200274546875 0.3499186421875 0.516500803125 0.34106135000000004 0.5113057109375 0.3371745203125 0.5106814015625 0.3300135515625 0.5128742296875 0.32551093125 0.51589275625 0.3225458484375 0.523850765625 0.32181929375 0.5306654984375
1 0.597801259375 0.420601175 0.592586028125 0.43703073750000004 0.592390059375 0.4426425515625 0.6048018859375001 0.4579776375 0.6090914953125 0.4610589078125 0.6127172921875 0.46216267968749997 0.620769025 0.462443853125 0.6359646859375 0.46102018125 0.638708240625 0.4594059625 0.639653225 0.4533317265625 0.64326508125 0.44783919843750003 0.6496235890625 0.433648165625 0.6504097859375 0.4251254890625 0.6429939828125 0.413629209375 0.6356006421875 0.40848523906249995 0.6222492500000001 0.40606468281249997 0.6099644515625 0.40807858281250003 0.6054447921875 0.41158509531250004 0.6028429859375 0.4161357375 0.597801259375 0.420601175
1 0.565853040625 0.40507244218749994 0.5623945515625 0.40617311562499997 0.561015803125 0.40368207500000003 0.5600398359375001 0.40364799375000004 0.560425575 0.4065929375 0.565254290625 0.4082272953125 0.5666330390625001 0.4107183375 0.5656624921875 0.41752455 0.5635657109375 0.42160424843750005 0.5629638625 0.4318433875 0.5679087640625 0.43714614531249996 0.573392771875 0.44100199375000004 0.57802861875 0.44116388124999995 0.590809921875 0.43892302968749997 0.5947254109375 0.431731078125 0.597514665625 0.42181261406250004 0.5976595125 0.41766475156249994 0.591823846875 0.40988799374999996 0.5886945546875 0.40855726875 0.587298765625 0.40655421093750005 0.58003013125 0.4048346484375 0.572701853125 0.40482302812500004 0.5676461875000001 0.402692165625 0.565853040625 0.40507244218749994
0 0.4850963640625 0.430101353125 0.4826734859375 0.429528165625 0.4752631046875 0.4248721796875 0.4696799515625 0.4168599484375 0.4602548921875 0.42092802812499996 0.45342311874999996 0.42068945781249995 0.450208621875 0.4217986515625 0.44760681562500004 0.42634929374999997 0.44489114531249996 0.44115611718750003 0.4478353109375 0.46177924218750005 0.4523603921875 0.46511302499999996 0.456752246875 0.46526639062499997 0.4722685828125 0.46165531406250004 0.4761554125 0.46227962343750006 0.476745640625 0.4593687609375 0.4794551125 0.45873050937500004 0.48281445625 0.453473453125 0.48576792031249993 0.452843721875 0.48845183125 0.45293744687500004 0.4905966359375 0.45447808125 0.48998936718749997 0.45787692656249995 0.4913851546875 0.459879984375 0.49151838124999997 0.4630604 0.4957344078125 0.4612533109375 0.4958025703125 0.459301375 0.4944153015625 0.4570543265625 0.4993547828125 0.45551679062500006 0.5156766796875 0.45681963124999997 0.518142159375 0.4561728609375 0.54058089375 0.457200728125 0.5633147421875 0.4567731640625 0.5662937671875 0.45541145624999996 0.5688955734375 0.4508608140625 0.57039670625 0.442851684375 0.5700280078125 0.43941875625 0.5655199671875 0.435596990625 0.561170715625 0.4342236640625 0.514551221875 0.4330842546875 0.5104204 0.4324514234375 0.508284115625 0.43066679687500004 0.49702640625 0.43125082656249997 0.4850963640625 0.430101353125
0 0.42950880312499995 0.50388991875 0.426126996875 0.502794665625 0.42368707812500006 0.5027094625 0.41625655625 0.5056257453125 0.4147414828125 0.5070385734375 0.4123495859375 0.5125737046875 0.4131830296875 0.5306802265624999 0.40665179218749997 0.53582651875 0.4053295875 0.5387118203125 0.40632181875000006 0.5592667828125 0.407918996875 0.5624983203125 0.41220860625 0.5655795890624999 0.4177692984375 0.567239509375 0.4297078609375 0.5681449921875 0.4445859453125 0.5618244421874999 0.44775241875000005 0.5550949140625 0.44614439843750003 0.5381827890624999 0.4455231875 0.5349853328124999 0.44388340781249996 0.5329737546875 0.4373978703125 0.5298158015625 0.43628015624999994 0.526845296875 0.43534446875 0.5116666765625 0.43306643593749994 0.5069456265625 0.42950880312499995 0.50388991875
1 0.628222796875 0.36791984218749996 0.6263498671875001 0.37958033125 0.628304125 0.3935730734375 0.6384549609375 0.40369912656249995 0.6456895140625 0.40639465625 0.6537242062499999 0.4071638125 0.661154728125 0.4042475296875 0.6681824703125 0.3988742875 0.67518775 0.387148734375 0.675241971875 0.37860049687499997 0.6733101765625 0.37096006406250004 0.6683737953125 0.3654133140625 0.6626287546875 0.36203693124999997 0.6556126328125 0.36008189687500003 0.643395996875 0.3601438609375 0.6401900203124999 0.3610090640625 0.628222796875 0.36791984218749996
1 0.5630676625000001 0.38689775625 0.560244325 0.3977921875 0.560215665625 0.4056084484375 0.56254481875 0.408865546875 0.5675919656249999 0.411240403125 0.5765119999999999 0.407643265625 0.5824018875 0.40687178749999997 0.58775266875 0.4075472203125 0.59150085 0.39815082031250004 0.5922785265625 0.3898721375 0.591143771875 0.38738961562499996 0.58783865 0.38409843593750004 0.581117640625 0.3806879703125 0.57527035625 0.3802394890625 0.568126428125 0.381944334375 0.5641203124999999 0.38473591093750004 0.5630676625000001 0.38689775625