1 0.251022640625 0.4934193390625 0.2524899359375 0.49970902968750003 0.2555711046875 0.5045808796875 0.2563762546875 0.507989909375 0.268337959375 0.5126771453125001 0.276170615625 0.512528296875 0.2863201234375 0.5066123484375 0.2900237328125 0.5016274171874999 0.29010181875 0.4954034796875 0.289470909375 0.49003324375 0.2854476078125 0.48471955 0.2752427796875 0.47914284531250007 0.26758436093750004 0.477330490625 0.26272110312499997 0.4793332421875 0.25436573125 0.485365703125 0.251022640625 0.4934193390625
1 0.3788878578125 0.602457178125 0.377414565625 0.610388521875 0.3776347 0.6164244125 0.37932108750000004 0.6310007640624999 0.3807601015625 0.6337948984375 0.3885006890625 0.6393923765625 0.40658176093750004 0.64688295625 0.4118301046875 0.6474712984375001 0.419745796875 0.6428716703124999 0.43887527187500003 0.6291143359375 0.4395829203125 0.6235202890625 0.43574745937500003 0.6000123921875 0.43220199062500003 0.5927882546875 0.4093411890625 0.58256008125 0.40047640781249993 0.5844670953125 0.390377365625 0.5908606562500001 0.3807528703125 0.598600521875 0.3788878578125 0.602457178125
0 0.5095168515624999 0.2144902515625 0.504209046875 0.20738840625 0.477592840625 0.19807047656250001 0.4727663140625 0.199306053125 0.46829694374999997 0.207105890625 0.46403016875 0.2221864078125 0.46073639843749997 0.2292340625 0.45676352343750004 0.244126534375 0.45772369687500003 0.24906991875 0.46046248749999996 0.2516402390625 0.480152696875 0.259008525 0.48563962656250004 0.25940882187500003 0.4890270859375 0.2566239 0.4911663421875 0.2525791984375 0.493796225 0.2521315734375 0.50416706875 0.2545530453125 0.543026425 0.26818211718749996 0.55180364375 0.269770659375 0.557557521875 0.26423658437499997 0.5627001296875 0.24509637187500002 0.5616732203125 0.24163658125 0.5549837375 0.2362421421875 0.5477942765625 0.2319909703125 0.5432405640625 0.23078773125000002 0.531997371875 0.2241900515625 0.512843440625 0.2166844796875 0.5095168515624999 0.2144902515625
0 0.2391512703125 0.4799528390625 0.23348428124999998 0.46853750156249996 0.230074659375 0.4560954078125 0.21959542812500002 0.43519016875 0.21689715 0.43238104218749995 0.21000979687500002 0.42894780624999995 0.20514232968749999 0.4279326125 0.1981574078125 0.42847254531249995 0.1921824265625 0.43022150000000003 0.1876888578125 0.43452578124999997 0.18636503437500002 0.4429854953125 0.1870187546875 0.4493617109375 0.1888376125 0.45623053281250003 0.193649853125 0.46572043281250003 0.20607846406250002 0.49876320781250005 0.209512753125 0.5052201703125 0.212399178125 0.5165547640625 0.21032995468750001 0.5261069859374999 0.2076587390625 0.5290441859375 0.20599746875 0.5331904078124999 0.20488056718749997 0.5406949 0.2057870484375 0.54238153125 0.20810204062499998 0.5446115265625 0.2165683765625 0.546626921875 0.2303830328125 0.5462634734375 0.2376266078125 0.5445295125 0.25096390625 0.5393241984375 0.26457513593750004 0.5316800703125 0.267489725 0.5287936296875 0.2696165703125 0.522498159375 0.2660729296875 0.51302325 0.2614641140625 0.5108140296875 0.2527026765625 0.5089866796875 0.24749776406250001 0.50365799375 0.2435555578125 0.49484874218749997 0.24349793437499997 0.49159199062500003 0.2391512703125 0.4799528390625
1 0.6145550984375 0.584896621875 0.6122692640625 0.590663721875 0.6109188921875 0.6003682234375 0.6140015109375 0.6097416124999999 0.6175322750000001 0.61471498125 0.6234650859374999 0.620434753125 0.6309379984375 0.6249754890625 0.6395277453125 0.626752078125 0.65156285625 0.624498959375 0.6567629296875 0.62183055 0.6614875687499999 0.617815834375 0.6676728515625 0.6071145625 0.6678020578125 0.6006518187500001 0.668882134375 0.5968816890624999 0.6674344828125001 0.590592 0.6615111375 0.5801318828124999 0.6501944671875 0.5720506109375 0.639395928125 0.569817184375 0.6302691140625 0.5716734390625 0.62116365 0.5757804625 0.6145550984375 0.584896621875
0 0.3825243296875 0.1814502046875 0.37681082187500003 0.1912470125 0.3748866421875 0.20008281874999997 0.3712285328125 0.20631253749999998 0.3716351328125 0.2091424375 0.370439021875 0.214634965625 0.36112181875 0.242154146875 0.35894112968749997 0.24394807968749999 0.3527571703125 0.2441626796875 0.3461938171875 0.2472937078125 0.342061740625 0.25217711875000004 0.339100978125 0.257553134375 0.3391069 0.26104869218750004 0.342106715625 0.268410115625 0.3388918515625 0.27847571718749997 0.33973577499999996 0.2816459421875 0.3534547109375 0.29497515625 0.36596920312500003 0.29856988125 0.3777437828125 0.29851677187500003 0.38295852343750003 0.2933587875 0.3872773359375 0.285269384375 0.3899993578125 0.28333816562499997 0.392886834375 0.2759501859375 0.393364315625 0.2690605921875 0.38999454375 0.2598752484375 0.38717794843750003 0.257543734375 0.3857194046875 0.25249883125 0.40304184374999996 0.19643949375 0.40414930625 0.19017979062499998 0.403767503125 0.1813647578125 0.4008409765625 0.176015296875 0.39316183125 0.1701790140625 0.388971828125 0.1718056734375 0.3883371265625 0.17354595625 0.3823990359375 0.1796770453125 0.3825243296875 0.1814502046875
1 0.35735062968750003 0.43866330312499996 0.35198201875 0.43529582031249997 0.3399989390625 0.43079663124999995 0.3347395421875 0.43044709531249997 0.3263473078125 0.435184009375 0.31944399218749997 0.43773590625000003 0.3100125640625 0.4437533734375 0.30013140781250003 0.45067530468749994 0.2965641015625 0.4554214296875 0.29510809375 0.4668483296875 0.295386465625 0.48787243281250003 0.298497059375 0.500502571875 0.304719346875 0.5057954921875 0.33461305937499997 0.5202748359375 0.3428773265625 0.522000665625 0.35052510312499996 0.518356259375 0.3597803890625 0.5108044390625001 0.38329203437500003 0.49724436250000004 0.384237271875 0.49170107500000004 0.382937359375 0.4824441984375 0.382188115625 0.4600737890625 0.37861253125 0.4495929 0.3706371125 0.4441834671875 0.36631357656249997 0.4430309875 0.3632723015625 0.4406487125 0.35735062968750003 0.43866330312499996
0 0.4329089234375 0.48554848125000005 0.42642792656250006 0.48269437656249997 0.4248697734375 0.48286742968749996 0.413025496875 0.4931176453125 0.40140263125000003 0.5011678515625 0.3998503484375 0.5048364609375 0.40017137187499996 0.5103947421874999 0.4053121453125 0.519457790625 0.41397224374999997 0.531004634375 0.4175431203125 0.5332496234375 0.42141392499999997 0.538802121875 0.4282979421875 0.5444861265625 0.4319719125 0.5462535046875 0.43917456718750003 0.54576433125 0.4469840453125 0.5354183781249999 0.45010035156250006 0.5350722718750001 0.45937076093749996 0.5285264328125 0.46179934375 0.520798128125 0.4602962203125 0.5124964734375 0.46582588593749996 0.50566685 0.4748022359375 0.4993090578125 0.4815596765625 0.4914884453125 0.4854702875 0.489811025 0.492330821875 0.4815128015625 0.496102015625 0.4793070109375 0.5014407171874999 0.4721878234375 0.5021412796875 0.46659377500000004 0.49934361093749996 0.460766703125 0.492717328125 0.453888671875 0.4873610140625 0.45052118906249994 0.48124671875 0.4494910015625 0.4732193109375 0.4538010640625 0.437965309375 0.48560845312499995 0.4329089234375 0.48554848125000005
0 0.4630664359375 0.571285271875 0.4601016203125 0.5731657296875 0.458426675 0.57381639375 0.4511740640625 0.5695652234375 0.445785421875 0.5731888546875 0.43438447187499996 0.583301784375 0.432434315625 0.5863912640625 0.433017846875 0.590755515625 0.43937158125 0.6003111703124999 0.4478833625 0.605822121875 0.45697867499999995 0.6156973265625 0.4616090046875 0.617906546875 0.46818357343750006 0.6135307328125 0.4801255125 0.6032805171875 0.4808743921875 0.6021880078125 0.478594646875 0.59622365 0.47912971718749997 0.5925908078125001 0.482666228125 0.5880834875 0.497187909375 0.5753736828125 0.499413278125 0.5698453875 0.49846594062499994 0.5671527734375 0.49494829687499997 0.5621794046875 0.48718539375000003 0.55557594375 0.479486303125 0.5557247921874999 0.47390512500000004 0.559058859375 0.472896384375 0.5613453953125 0.46578082343749994 0.565858496875 0.4630664359375 0.571285271875
1 0.43934106406250006 0.5456778046874999 0.4421342984375 0.5529884703125 0.448173703125 0.5632097796875 0.4516834921875 0.5649263984374999 0.455952990625 0.5655505078124999 0.46475560781249997 0.5656046984375 0.47059724843749995 0.563804984375 0.47621598593750003 0.5559693796875 0.4800732640625 0.5537635890625 0.48128590937500004 0.5482710609375 0.4797544796875 0.5434649640625 0.472242375 0.5316943078125 0.45996111562499997 0.5274339234375 0.455871365625 0.5283441671875 0.44640491875 0.53364521875 0.44101264999999995 0.5392808140625001 0.43934106406250006 0.5456778046874999
1 0.6134154609375 0.501465871875 0.6092067703125 0.5008417625 0.6066541812499999 0.509047678125 0.6019683015624999 0.5153131640625 0.5993519015625 0.516766771875 0.5996543062499999 0.5200742828125 0.5957019640625 0.526492046875 0.5944179953125001 0.5312173984374999 0.6007718203125 0.5407730515625 0.6032535703125 0.54228663125 0.6072969140625 0.5483675015625 0.613977925 0.555245534375 0.62216615 0.5551982046874999 0.6417153484375 0.552267865625 0.6511355703125 0.5477339906250001 0.6527739171875 0.5460773453125001 0.6594194124999999 0.5319820359375 0.661357759375 0.5219014421875 0.6596189796874999 0.5157997984375 0.6528647234375 0.5069098015625 0.6431089890624999 0.49889428125 0.6346549796875001 0.49664008125 0.6227317375 0.4974096078125 0.6159432671875 0.4992450875 0.6134154609375 0.501465871875
1 0.3280814734375 0.2489434921875 0.3338383421875 0.25734088437499997 0.3398034453125 0.26128749687499997 0.3408337671875 0.26374130625 0.3458318609375 0.2602549609375 0.3470484875 0.2560072203125 0.3489519984375 0.2533953515625 0.3545236984375 0.2485269328125 0.35516671875 0.24566126562499999 0.3523717140625 0.24285213906249997 0.3500053890625 0.23813256875 0.3398021046875 0.229588678125 0.335929296875 0.22806010625 0.3317191515625 0.22920915625 0.326421478125 0.23637910468749998 0.3255324625 0.24268956875 0.3276625171875 0.2461135921875 0.3280814734375 0.2489434921875
0 0.6930950890625 0.48921036406249996 0.6859274046875 0.49046671406250003 0.6815935296875 0.4963053484375 0.6775771515625 0.50420670625 0.675649815625 0.5095469546875 0.675832775 0.5145768640624999 0.67672741875 0.5175082843750001 0.6803460968749999 0.5220040421875 0.693945015625 0.5275749656250001 0.7104697765625 0.5302594484375 0.7164158953124999 0.5287493000000001 0.7208902234375001 0.5234390359375001 0.7238254875 0.5158122515625 0.7255545265625 0.5066868796875 0.7249561265625 0.503567415625 0.721389378125 0.49883285156249996 0.72119108125 0.49504772968750005 0.7402992296875001 0.447102 0.7437537984375 0.437087159375 0.744963534375 0.43034984375 0.744365134375 0.4272303796875 0.740834978125 0.423501796875 0.731322109375 0.42027738281250004 0.7264205125000001 0.42050697656249997 0.720080203125 0.4261783375 0.6953765125 0.48693882187500004 0.6930950890625 0.48921036406249996
1 0.30223825312499997 0.20678347656249998 0.301641425 0.210655125 0.302557728125 0.21708210156250002 0.310906359375 0.23101699999999997 0.31460390781249997 0.2342679703125 0.3267473015625 0.2357492140625 0.3336800171875 0.231424159375 0.3380740515625 0.22683031250000002 0.3403737359375 0.222308 0.34136205625 0.21901548124999998 0.3408432625 0.21666319218750002 0.3378482171875 0.2090629625 0.3310499453125 0.198689371875 0.3235179578125 0.1951546171875 0.31444764375 0.1950496671875 0.3088419015625 0.196900140625 0.3056691640625 0.199497015625 0.30223825312499997 0.20678347656249998
0 0.56850531875 0.4768333203125 0.5630442921875 0.47868379375 0.560004934375 0.48104186406249994 0.5606495515625001 0.48392252343750003 0.564947740625 0.4898153484375 0.565907065625 0.49475873125 0.55845375 0.504677834375 0.5550692765624999 0.5074627546875 0.55065531875 0.5150237875 0.533980978125 0.5324947109375 0.524786884375 0.5457928578125 0.5218504734375 0.5476733171875 0.5171580796875 0.5541776078125 0.5122539265625 0.5581415640625 0.5093748515625001 0.563278775 0.502626971875 0.5710993875 0.498964059375 0.5728275671875 0.4990272578125 0.5795798750000001 0.50102193125 0.5832427046875 0.50581965625 0.5879922609375 0.5131934734375 0.5925329968749999 0.51684118125 0.5920496046875 0.5194324765625 0.5905959968750001 0.5850616984375 0.512750975 0.5886216609375 0.5115004062499999 0.5986078390625 0.5168383046875 0.6030697921875 0.51727436875 0.604604675 0.5148505453125 0.6081985249999999 0.5028745 0.6099241015625 0.5007402437499999 0.611535003125 0.4920924828125 0.6093496390625 0.48814008906249995 0.60574754375 0.48488911874999996 0.59075188125 0.472261328125 0.5816980984375 0.4661204875 0.5768243531249999 0.46759486875 0.57211089375 0.47184838906250004 0.56850531875 0.4768333203125
0 0.471339334375 0.5162792453125 0.4699219 0.5192314390625 0.47354334375 0.521476428125 0.48123533281249997 0.521566384375 0.49697929687500003 0.516579103125 0.5158682578125 0.512490503125 0.5237539124999999 0.5128700265624999 0.5221403921875 0.5038011953125 0.5193185421875001 0.49672933593749996 0.5171941578125 0.497039675 0.5119521234375 0.5021976593749999 0.500927425 0.5044150125 0.48878351093749994 0.5093965125000001 0.4782507 0.511715384375 0.471339334375 0.5162792453125
1 0.5307828953125 0.1720820296875 0.5216125828125 0.1729323015625 0.514339459375 0.17567224374999998 0.5083679156249999 0.1806779484375 0.5039067671875 0.18699419374999998 0.50195384375 0.19357923125 0.5018791625000001 0.2115346265625 0.5104135515625 0.218290365625 0.5293308437500001 0.22569441875 0.5365422890625 0.2279336265625 0.5409263375 0.22784131875 0.5441037421875 0.2297459828125 0.548764234375 0.227214859375 0.554735778125 0.22220915468750002 0.5571277 0.21596444374999998 0.5583438187499999 0.209227128125 0.5580863265625 0.202185253125 0.5567847484375 0.199919490625 0.555643309375 0.18870141093749998 0.553196765625 0.18345346875 0.5503325859375 0.180115971875 0.54271298125 0.175046865625 0.5307828953125 0.1720820296875
0 0.35764514062499997 0.6751163921875001 0.3535087859375 0.6707579203125 0.34827024687499997 0.6609276937499999 0.337364759375 0.644422475 0.3357097390625 0.6403327937500001 0.3324419703125 0.636654971875 0.32556605781250003 0.6332217375 0.31883570781250004 0.6338124296875 0.3120232015625 0.637131503125 0.3026683453125 0.645160934375 0.3005966765625 0.6512176000000001 0.3008091375 0.6537579359375 0.308307178125 0.6660569625 0.311182925 0.6738959984374999 0.3181222453125 0.6840815421875 0.32277155625 0.6942878593749999 0.327554665625 0.701526990625 0.332471571875 0.7057989359375 0.32951018125 0.7089241828125 0.3243738328125 0.71858370625 0.3252119109375 0.72175393125 0.33305621093750004 0.73362610625 0.335285203125 0.7385844828125 0.3413711921875 0.7468445890625001 0.3456929890625 0.7479970687499999 0.34916145468750004 0.7472241109375 0.38006538125 0.72996886875 0.389626815625 0.7209842156249999 0.39178063750000003 0.71219916875 0.388036303125 0.7036794828125 0.379022921875 0.687819146875 0.3748044140625 0.6861890546875 0.36713857656250004 0.687582690625 0.3606453140625 0.6847285859375 0.3603448171875 0.681421075 0.35764514062499997 0.6751163921875001
1 0.348169640625 0.1675915390625 0.34480954375 0.17214961875 0.34387640468749997 0.17869888750000001 0.3451363234375 0.1859438 0.34884491406249996 0.19743067187500002 0.35002403437499996 0.1991680640625 0.3530562234375 0.2007831625 0.362327596875 0.20366725312499998 0.3658215421875 0.2043778890625 0.36803027187500004 0.20382874375 0.3729251515625 0.20058120468750001 0.3741452375 0.1950886765625 0.379654975 0.18672470000000002 0.38011069062499997 0.18232468125 0.37777774218750004 0.172864765625 0.37527602656250003 0.16886161093750002 0.370316015625 0.1653568421875 0.36623251093750003 0.16377751093749998 0.358888959375 0.1627830921875 0.3533671390625 0.164155953125 0.348169640625 0.1675915390625
0 0.4170302796875 0.41414688593750004 0.4095590234375 0.4100837609375 0.3495131125 0.388253475 0.34189340625 0.388402321875 0.33683269843749997 0.3895871390625 0.33193215781249996 0.3935510953125 0.329750784375 0.40133015937499994 0.33030377187500004 0.41167954375000004 0.33201874375 0.41428563125 0.3387488421875 0.419441265625 0.3596019515625 0.4283081375 0.4100863875 0.4463856375 0.41491682343749997 0.4521411765625 0.42098410781249995 0.4638968390625 0.42217885937500005 0.465395425 0.425654375 0.46687323750000004 0.43076652031249996 0.465449615625 0.4373340703125 0.4560946515625 0.44502735937500004 0.43799040624999996 0.4484373453125 0.4209844515625 0.44854369375 0.4122709390625 0.4467048 0.40789169375 0.442539559375 0.407267584375 0.4381019453125 0.40908229062499996 0.42937169218750004 0.41673563125 0.42524269531250003 0.41711750312499996 0.4170302796875 0.41414688593750004