0 0.48832354687499996 0.6344042 0.496654734375 0.6427390828124999 0.501660259375 0.645909784375 0.5060094390625001 0.64498119375 0.510805271875 0.6390389453124999 0.5198995625 0.633411971875 0.5231048609375 0.6284604734375 0.5213939625 0.6193355406250001 0.51831206875 0.6141331671875 0.517296128125 0.6093486625 0.5171151984375 0.6066579875 0.5186527421875 0.6022149671875 0.51599554375 0.5996650765625 0.5153270828125 0.5970507859375 0.5126577703125 0.595985896875 0.5080481765625 0.5890454046875 0.5073411046875 0.586189978125 0.5045945749999999 0.58464281875 0.4996178109375 0.5878943921875 0.49417774375 0.5882523468749999 0.48985505937499996 0.5909070734374999 0.48490252187499994 0.59118864375 0.4815019125 0.5902383312499999 0.47837156406250003 0.5909759609374999 0.47379300156250004 0.59515388125 0.47539999374999997 0.60831183125 0.474263109375 0.6121359140625 0.472749790625 0.6136089328125001 0.46918263437499996 0.61317908125 0.45369970625 0.6210429125 0.43547251718749996 0.6320557234375 0.387394590625 0.65639683125 0.3805714109375 0.6621623453125001 0.37903386562499997 0.666605365625 0.37834344531249997 0.6716572140625 0.3807712578125 0.677456434375 0.38706071875000003 0.6824034453125 0.3926166140625 0.6827688953125 0.4023407578125 0.6795150796875 0.42242874375 0.6691994640625001 0.44766004062500003 0.6551118140625001 0.4669274 0.64591350625 0.4841795234375 0.6350534640625 0.48832354687499996 0.6344042
1 0.750323153125 0.51830993125 0.7449699843750001 0.5102401484375 0.7329176875 0.5029604156249999 0.723178103125 0.49903036093750003 0.7198151328125 0.4985623171875 0.7131941421875 0.4998346359375 0.6890106296875 0.5097585921875 0.682833946875 0.51689453125 0.684042775 0.5196735734375 0.6827994687500001 0.5260456734375001 0.6830139546875 0.5398547609375 0.685121359375 0.5481799046875 0.71388814375 0.564983725 0.721950078125 0.5632411187499999 0.737319390625 0.5566593453124999 0.7478579765625 0.54835368125 0.750024375 0.5445576812499999 0.7513557828125 0.5324867125 0.7524451109375 0.5298462109375001 0.750323153125 0.51830993125
0 0.6739932625 0.50441018125 0.690230053125 0.5073090515625001 0.6950878953124999 0.5048190765625 0.6952138015625 0.499361340625 0.6939517515625 0.49461502812499997 0.6855110265625 0.4778906 0.6749496890625 0.46199217031249995 0.6713106718749999 0.4595950484375 0.6691877859375001 0.4557249078125 0.665626128125 0.45381005625000004 0.6646227062500001 0.4522366875 0.660959415625 0.4528095671875 0.6597140484375 0.4559705296875 0.657131540625 0.45859904843750005 0.6505322984374999 0.475203646875 0.641331596875 0.48183335156249996 0.6142543390624999 0.4971910765625 0.605259175 0.5035414546875 0.5941555359375 0.509232828125 0.58956845625 0.5134107484375 0.5741727734375 0.521997984375 0.57150076875 0.5256292328125001 0.5715151765625001 0.5288403703125 0.5734712046875 0.533230971875 0.5806112 0.5449679515625 0.5842767624999999 0.5490912109375 0.588815296875 0.5508532953125 0.5931338828125 0.54968356875 0.6042762046875 0.5442333296874999 0.6599081734375 0.5118037265625001 0.66907019375 0.5049328875 0.6739932625 0.50441018125
1 0.706112765625 0.40215855312500004 0.6953029500000001 0.39910467031249997 0.6850527796875 0.40412281562499996 0.680637990625 0.411714815625 0.67750954375 0.4255381296875 0.678066853125 0.4289140171875 0.6894089984375 0.4383137890625 0.69505783125 0.43819696874999997 0.70566626875 0.4353490390625 0.7125819359375 0.42886012031250004 0.7160038671875 0.4199358859375 0.7157626828125 0.4137929390625 0.7118435515625 0.40722014062499995 0.706112765625 0.40215855312500004
0 0.6952638234374999 0.7368971156249999 0.68641825625 0.728359290625 0.6786113375 0.71521369375 0.6624198640625 0.6932127515625 0.65712091875 0.6890775109375 0.6534973296875 0.68888879375 0.6527338953124999 0.690488371875 0.6544512265625 0.69937216875 0.6618764296874999 0.7133175546875 0.6643548671875 0.7159056359375 0.6682062390625 0.7237223015625001 0.67429815625 0.7326802390625 0.67774293125 0.7442666953125 0.6795224625 0.7457254859375 0.68406808125 0.745279165625 0.6947779281249999 0.7401846375 0.6952638234374999 0.7368971156249999
0 0.4285345359375 0.355088409375 0.42797713125000003 0.348501384375 0.42934213593750004 0.3460638265625 0.4774990203125 0.3036997625 0.4821103765625 0.29803684218750004 0.4841445765625 0.2935174375 0.4831362265625 0.28724793125 0.48019557968750004 0.283010096875 0.475012371875 0.27887485624999997 0.47102915 0.2775186578125 0.46690524218749996 0.27840905625 0.4530810609375 0.28921668125 0.41177809375 0.3258152296875 0.40993553125000004 0.3268441703125 0.40765418750000004 0.3267056296875 0.40204665000000006 0.32461404374999997 0.3939417984375 0.32884438125000004 0.386430853125 0.3352067421875 0.38155029687500003 0.34387785625 0.38161569375000004 0.345845128125 0.38685213125 0.353432640625 0.3903334578125 0.356350225 0.4027652421875 0.3712197140625 0.40616900468750006 0.373655028125 0.4100746609375 0.37452895625 0.41600235156250004 0.3723684828125 0.423023565625 0.36608250625 0.4277368234375 0.35793185312500003 0.4285345359375 0.355088409375
0 0.403551475 0.5198081906249999 0.4035369734375 0.516597053125 0.397258228125 0.5089211734375 0.3967131828125 0.5055452859375 0.40225757343749996 0.49306618750000003 0.40327744374999996 0.4884584171875 0.408254646875 0.4802695703125 0.4097394125 0.4738592796875 0.41501356874999995 0.46438837499999996 0.41545174687499997 0.4608597203125 0.41710674374999995 0.45862510468749995 0.4164036828125 0.4495885390625 0.41478533124999994 0.4473681515625 0.4109669359375 0.4440064890625 0.40044612187500006 0.4397087421875 0.3934200296875 0.43832857656249996 0.3897329359375 0.4389014578125 0.38603362343750003 0.4409593390625 0.3824778265625 0.4454667609375 0.3734577859375 0.46763168750000006 0.36672329375 0.48054288125 0.3627705359375 0.49351623125 0.36005445156250004 0.4954213453125 0.34969165156250004 0.496784275 0.3468587703125 0.49796598281250004 0.3348913421875 0.525285353125 0.33525623125 0.530666703125 0.336706640625 0.533407553125 0.3455335265625 0.53969878125 0.35621006875 0.5449610687499999 0.360946040625 0.5462026921875001 0.3672614296875 0.54942356875 0.3835648015625 0.552081303125 0.3914428203125 0.5493741578125 0.397712415625 0.538265484375 0.403551475 0.5198081906249999
1 0.5955737328125 0.6508403765625 0.58946785625 0.643367440625 0.583825440625 0.6402731234375 0.575917034375 0.639007534375 0.566994609375 0.639379715625 0.5635163078125001 0.6416405390625 0.5573925359375 0.6512260203125 0.554625759375 0.6531311328125 0.55440258125 0.6548954609375001 0.5548263812500001 0.6590329453125 0.559194271875 0.6699843624999999 0.5626103578125 0.6751485453125 0.566881828125 0.6777104171875 0.5786254625 0.6788853953125 0.585926546875 0.6780189625 0.592908034375 0.6705273109375 0.5963840046875 0.66357035 0.59665695625 0.6558660171875 0.5955737328125 0.6508403765625
1 0.6669155859375 0.3087622171875 0.66253713125 0.3086880765625 0.6486252078125 0.31155023437499996 0.6383548593749999 0.31781224375 0.635152134375 0.3217610125 0.6342588546875 0.32881832499999997 0.6344720546875 0.3332351359375 0.6371386515624999 0.33851389374999996 0.6391306265625001 0.3396933578125 0.649971328125 0.340018371875 0.6660191796875 0.3360890828125 0.674798659375 0.3285712234375 0.6758257734375 0.32544845312500004 0.6747815453125 0.3206639484375 0.6683667703125 0.30977693125 0.6669155859375 0.3087622171875
0 0.6841112765624999 0.597972746875 0.694926928125 0.5896288890625 0.6942608921875 0.5855295968750001 0.683184065625 0.5657348171875001 0.67840579375 0.5659781953125 0.6746438609375 0.5677949421874999 0.67128370625 0.5658418984375 0.6674925875 0.5612363703125001 0.6573145703125001 0.5422915546875 0.6537977015624999 0.5393739703125 0.64939661875 0.538817559375 0.6348828 0.546249296875 0.6328793015625 0.549524834375 0.6345639828125 0.5598936328125 0.6440782656249999 0.5794352953125 0.64326011875 0.5837637390625 0.6408133640625 0.5858717953125 0.641258921875 0.591735415625 0.6432401359375 0.5961260187499999 0.6525293390625 0.60803973125 0.658987690625 0.608772875 0.6731903828125 0.6041081984375001 0.6841112765624999 0.597972746875
0 0.5956902890625 0.6514492062499999 0.59655385625 0.655269171875 0.5960165859375001 0.661285559375 0.5979083984375 0.6637088906249999 0.624319403125 0.67688370625 0.6289233453125 0.6759169218750001 0.631802425 0.672006346875 0.63277755 0.667157440625 0.63618403125 0.6634116156250001 0.6449229562500001 0.6491921546875 0.6493432625 0.6408385578125 0.6526313640625 0.631673190625 0.6535677890625 0.62658315 0.652343765625 0.622077971875 0.6430417875 0.6156219921874999 0.6346155203125 0.611500978125 0.623090109375 0.6083587296874999 0.6180240265625 0.6111280328124999 0.6157618921875 0.614200628125 0.61168535 0.6153321609375 0.607260496875 0.61429348125 0.5815825421875 0.601004090625 0.5760641843750001 0.599394775 0.5585415890625 0.5885384546875 0.5520966765625 0.585838040625 0.5469774765625 0.585155071875 0.54485573125 0.58598106875 0.542402365625 0.592544128125 0.5393297796875001 0.5952490296875 0.536528103125 0.599641875 0.5348077859375 0.606090359375 0.5356592124999999 0.6113953249999999 0.5395202359375 0.6167242578125001 0.5487448140625 0.6226979671875 0.5531309656250001 0.6234955125 0.554778428125 0.6259570359375 0.5579041296875 0.62670440625 0.57383238125 0.638551475 0.5791572328125 0.6389551171875001 0.58665694375 0.6419850328125001 0.5956902890625 0.6514492062499999
1 0.5626374640625 0.67361336875 0.560596546875 0.6672554953125001 0.5581160453125 0.664426278125 0.5559702109375 0.65586 0.552476525 0.651457415625 0.5486558359375 0.6419146140625 0.542268865625 0.6399376046875 0.5238232296875001 0.6368620015625 0.5211887953125001 0.6377643828124999 0.5154903 0.6369166625 0.5115447734375 0.637527734375 0.5094180781250001 0.6415648703125 0.5050452203125 0.644219596875 0.4920752140625 0.66402559375 0.49884738124999994 0.68398736875 0.504264815625 0.694024421875 0.510016915625 0.6983244140625 0.525996596875 0.7017819375000001 0.5346542375000001 0.702171353125 0.5447623515625 0.6959093421875 0.5555030421875 0.6826282124999999 0.5571231453125 0.67780439375 0.5619244812499999 0.6754540812500001 0.5626374640625 0.67361336875
0 0.828141253125 0.4102868203125 0.8369279359374999 0.408911909375 0.84487855 0.4054431671875 0.847626284375 0.4022941875 0.8502701765625 0.3969368015625 0.851896840625 0.3867949125 0.850867484375 0.3834954078125 0.848373684375 0.38042505625 0.83995690625 0.3763040421875 0.8125531015625 0.37391813749999997 0.793769221875 0.37067778281249997 0.7774018296875 0.3700255109375 0.7654785640624999 0.367441915625 0.7608024906249999 0.3679264296875 0.7566388234375 0.36536455624999997 0.7514821875 0.3550481765625 0.74836000625 0.35430080625000004 0.7423066578124999 0.34931560156249997 0.737951975 0.3502441921875 0.734805534375 0.352466825 0.730453121875 0.3580915546875 0.727398396875 0.3640075921875 0.7225358468749999 0.377374846875 0.7221659421875 0.3828707734375 0.7244444718749999 0.392401590625 0.7223660421875 0.3981648625 0.723243040625 0.4051959640625 0.7254806390625 0.409789509375 0.728462590625 0.4127834765625 0.73267704375 0.414101484375 0.738085340625 0.4135023953125 0.7527131421875 0.4033035984375 0.75845495625 0.40166358593749996 0.7716372515625001 0.40429735625 0.7913709015625 0.40565880625000006 0.828141253125 0.4102868203125
1 0.71604194375 0.3749417765625 0.7162083390625 0.3697251765625 0.7143067140625 0.36112070625000003 0.7085719203124999 0.3538507109375 0.695364025 0.34575920781249997 0.686954675 0.3438465984375 0.6751814296875 0.346162084375 0.664618171875 0.3512566125 0.6564725921875 0.3572130875 0.6534215453125001 0.36337026093749997 0.6513067421875001 0.3706185328125 0.6505851859375 0.383336521875 0.6493529578125 0.3882236203125 0.6505775109374999 0.3942138 0.67309419375 0.40976401406249996 0.682633021875 0.4092772578125 0.6944944515625 0.40126290156250005 0.704409771875 0.39997635625 0.7076709171875 0.39823599375 0.7119955984375 0.3921289953125 0.71231841875 0.38787693437500004 0.7147069625 0.38231660624999997 0.71604194375 0.3749417765625
1 0.6611405390625 0.4365127484375 0.6586188359375 0.43368353125 0.653471103125 0.4305128296875 0.64543419375 0.4285238359375 0.63656813125 0.43086328749999997 0.627756565625 0.4366550125 0.626068678125 0.4388896265625 0.6238817437499999 0.44589676406249995 0.62400319375 0.45131630625 0.6255517109375 0.46072056562499997 0.634276075 0.46532385 0.6374034859375 0.46558895 0.6430128953125 0.46844213281249997 0.6500844125 0.466128890625 0.655046075 0.466608915625 0.6584887984375001 0.4641069578125 0.66487053125 0.4544832859375 0.6635182078125 0.44158856249999995 0.6611405390625 0.4365127484375
0 0.36823363593749997 0.3797657484375 0.369546384375 0.37387591875 0.3679307609375 0.3669593921875 0.395772390625 0.3292502671875 0.40023420156249995 0.3273189453125 0.4021534765625 0.3220761359375 0.401556846875 0.3152479765625 0.3994001453125 0.3096517 0.39645731562500003 0.305413865625 0.3880192234375 0.29980785 0.3800735046875 0.2988215890625 0.37528902343750004 0.3003088328125 0.372091253125 0.30229033125 0.3546366828125 0.3218192453125 0.346554734375 0.3324718578125 0.3413334296875 0.3374877578125 0.33691043125000003 0.33966021562500004 0.329828459375 0.33779778125000004 0.325378825 0.338244103125 0.30859394375 0.35569117031249997 0.304250846875 0.3630420359375 0.30474321875 0.3676617890625 0.30666705312500003 0.37181125625 0.309622059375 0.3745640890625 0.3168372015625 0.385057203125 0.3265537890625 0.39392453125000004 0.33544316093750004 0.39921302812500004 0.3436605625 0.4018872328125 0.3497478921875 0.4006912984375 0.35739301874999996 0.393567340625 0.36823363593749997 0.3797657484375
0 0.4720430984375 0.5118170859375 0.4706032484375 0.5090762359375 0.47051155624999996 0.5053828296875 0.4959211578125 0.48756358125 0.4982188609375 0.4847321203125 0.5113283375 0.47600634375000006 0.5147688265625 0.472501653125 0.524732603125 0.46599850781249996 0.5279290750000001 0.462532009375 0.5460325671875 0.4490696578125 0.5508333375000001 0.443127409375 0.5522830437499999 0.4396871203125 0.5504180609375 0.4342937875 0.5443903921875 0.42633858125 0.5421677171875 0.4249561734375 0.5349245046875 0.426584203125 0.5158957203125001 0.43895545625 0.49356891562499994 0.4572809390625 0.4806648078125 0.465727390625 0.47881649375 0.46824133124999995 0.4557311125 0.48495525625 0.4508629 0.48423409531250006 0.44695635781250004 0.48014902812500004 0.437925459375 0.47686599531249996 0.43474111249999997 0.4788474921875 0.4339340359375 0.48317593593749997 0.43150826093749994 0.48676899375 0.42338067500000004 0.4922431984375 0.4200947796875 0.49671242812500005 0.41999322968749997 0.4992001609375 0.4226289140625 0.504720053125 0.4410984015625 0.5309970203125001 0.4482158140625 0.5348267250000001 0.451953365625 0.534736115625 0.4568844796875 0.532728409375 0.4705085109375 0.5256523828125 0.47333289531249995 0.5229856734375 0.473717109375 0.520700884375 0.4720430984375 0.5118170859375
1 0.5470768031250001 0.5895599 0.547771034375 0.5859930515625 0.5448910828125 0.577782484375 0.5368757109375 0.567886215625 0.5325282703124999 0.566327075 0.5243470859375 0.5663435453125001 0.516153503125 0.567845015625 0.5123987875 0.5699028968750001 0.506862784375 0.5813792640625 0.50250526875 0.5860012609374999 0.501102090625 0.5899238203125 0.501366296875 0.593096765625 0.5074082390625 0.5956324296875 0.5122050640625 0.603055190625 0.5181284609375 0.60486745 0.528804525 0.6044690593750001 0.5381665171875001 0.602294359375 0.5397672703125 0.599577475 0.54570074375 0.59520859375 0.5445966453125 0.59315295625 0.5470768031250001 0.5895599
1 0.5826233078125 0.41424966406249997 0.5961700140625 0.41411637343749996 0.598827440625 0.41345512656250005 0.6026061484375 0.4103945140625 0.610561684375 0.40050349843750005 0.6256453140625 0.37714263593749997 0.62765494375 0.37089709531250004 0.6268785015625 0.3660743984375 0.6223454312500001 0.3566461734375 0.613410215625 0.341724265625 0.60630954375 0.33195455625000003 0.6022057984375 0.329874953125 0.5810072890625 0.32773992343749997 0.5650992718750001 0.3272524015625 0.5573332828125 0.328956815625 0.551117903125 0.33561048437499996 0.537077909375 0.3560897125 0.5315346859375001 0.36535767343750003 0.5313938578124999 0.367604271875 0.5322745875 0.3746353734375 0.534109128125 0.379787571875 0.5370794140624999 0.3857515421875 0.5418431359375 0.3919304375 0.544801240625 0.399379409375 0.54751195 0.402170434375 0.55120539375 0.4095048296875 0.5556707203125 0.4122696453125 0.5592964203124999 0.41294063124999997 0.5826233078125 0.41424966406249997
1 0.33046136875 0.6013783640625 0.3297145125 0.5921006640625001 0.3256067796875 0.58086991875 0.316121946875 0.5724466687499999 0.30906210624999997 0.569581503125 0.29906014999999997 0.568900778125 0.293369553125 0.56977919375 0.283656503125 0.57399755 0.27372523125 0.584676371875 0.2704473328125 0.5925978734374999 0.26892594375 0.597282028125 0.2693178140625 0.5996933765625 0.2744298140625 0.613982490625 0.27891251875 0.619717309375 0.2835373734375 0.6232055296875 0.296106471875 0.627197740625 0.3083474796875 0.6260497375 0.31636779375 0.6223398609374999 0.3266248578125 0.6121051171875 0.33046136875 0.6013783640625