1 0.5041840765625001 0.6390033828125 0.49972541875000004 0.6336743125 0.49546153281249994 0.6310242484375 0.47558164375 0.6340744703125 0.468465059375 0.6516846875 0.46905469375 0.6562950296875 0.4709688359375 0.658124184375 0.47423225156250004 0.6645125890625 0.47997467968749996 0.670000053125 0.4858871140625 0.6708260828125 0.49699307656249997 0.6695896546875 0.5024575265625 0.6677537109375 0.5093917234374999 0.6511347078124999 0.508766678125 0.6460372734375001 0.5041840765625001 0.6390033828125
1 0.389426 0.5909972265625 0.38635081875 0.5797038421875 0.3823917375 0.573610075 0.37732122968750004 0.569549825 0.3710342828125 0.5660618203125 0.3666743734375 0.5648900609374999 0.35686063125 0.564823609375 0.3472744109375 0.567923253125 0.3366415125 0.5774572734375 0.3325913734375 0.5840960140625 0.3314221796875 0.58882556875 0.3320819875 0.6015069859375 0.3364313734375 0.6095320906249999 0.34085602812500004 0.61510470625 0.3445875859375 0.618032378125 0.3536101984375 0.621089503125 0.36319115625 0.6214165328125001 0.3742265984375 0.61748406875 0.385039778125 0.606958834375 0.388804625 0.59985003125 0.389426 0.5909972265625
0 0.4754613234375 0.69573755625 0.4757606359375 0.6998778375 0.48356598125000005 0.6993498953125 0.50859491875 0.67807803125 0.5232090578124999 0.6702369218750001 0.5221191765625 0.6656606421875 0.5132697515625 0.6552460484375 0.5090827265625 0.6533266203125 0.503761746875 0.6637207328125 0.478598975 0.690141121875 0.4754613234375 0.69573755625
0 0.6769110984375 0.5894278875000001 0.6953970578125 0.5631897125 0.70548438125 0.551480809375 0.7085958828125001 0.5463714656249999 0.71944121875 0.5348550171875 0.7230758921875 0.533625378125 0.7320632640625 0.5379002328125 0.736031184375 0.5378712921875 0.73763873125 0.5360472578125 0.7387351828125001 0.5340137390625 0.7385504484375 0.5279080609375 0.7395013625 0.5249871296874999 0.743958446875 0.5201929546875 0.7465070500000001 0.5141434874999999 0.74309514375 0.5080156578125 0.7379720937500001 0.5022505875000001 0.7172001328125 0.4892438109375 0.70893105 0.4881009921875 0.70450383125 0.488651084375 0.70213826875 0.49028266406250004 0.6994342703124999 0.49414021718749995 0.6878706421875 0.5025246296875 0.687371621875 0.5059853640624999 0.695556065625 0.51643401875 0.6950397765624999 0.51965120625 0.6677062640625 0.554086459375 0.6644859765625 0.5611612 0.6587102 0.5671885156250001 0.653354 0.5756342609375 0.6438520296875 0.585100159375 0.6325370109375 0.60399110625 0.632020721875 0.6072082937500001 0.63411171875 0.6122035453125 0.64378285 0.61912334375 0.6466025203125 0.6203972859375 0.6508173546875 0.620351315625 0.6557781281249999 0.6168275796875 0.659119278125 0.611457659375 0.6689769515624999 0.6000093328125 0.6718415375 0.5949170203125 0.6769110984375 0.5894278875000001
1 0.7353844234375 0.1957591921875 0.730942459375 0.1943438875 0.7227796078125001 0.1944017671875 0.71535559375 0.19759168437500002 0.7091606171875 0.2036360296875 0.7068286046875001 0.2101555578125 0.7064751453125 0.2158082046875 0.7070488046875 0.2201750015625 0.7061518671875 0.22537461718750001 0.7091178984375001 0.23104941562499998 0.7130874234375 0.23298587343750002 0.7262889984374999 0.235526965625 0.7383663546875 0.22615133906249998 0.7441883734375 0.2149925296875 0.7440036953125 0.205460178125 0.741273884375 0.199524803125 0.7353844234375 0.1957591921875
0 0.5838604984375 0.304473825 0.5896910765625 0.3062740390625 0.5946381749999999 0.30960365 0.6017887843749999 0.3125364421875 0.6063338421875 0.3136911703125 0.610758115625 0.3131410765625 0.617832828125 0.30800279375 0.627597675 0.2953367375 0.6339079984375 0.28290910625 0.6341599375 0.279465403125 0.6330348953125 0.27758515625 0.6273647953125 0.2745501828125 0.619679296875 0.26406746718749996 0.6187492390625 0.261439553125 0.6148064015625 0.2582853671875 0.60890161875 0.2589376421875 0.5991644015625 0.2649938984375 0.5954458734375 0.2650058078125 0.5901484953125 0.2602319515625 0.5824181109375 0.256115490625 0.5658892484375 0.24330628906250001 0.54428731875 0.2288893265625 0.5326710453125 0.21892264374999998 0.524378140625 0.2138660609375 0.5205163875000001 0.21535627656249998 0.518221415625 0.21796203906249997 0.5138902937500001 0.22682675312499997 0.5148324140625 0.2331248859375 0.5179607921875 0.23878265468749998 0.53248631875 0.24781433437499997 0.5783423078125 0.2825836328125 0.5813723468750001 0.28335345156249997 0.5822678921875 0.2854942734375 0.5808339578124999 0.2897537671875 0.5802955703125 0.2961540828125 0.58201245625 0.302888215625 0.5838604984375 0.304473825
0 0.8032228531250001 0.6608468421875 0.807214475 0.66791479375 0.8074225453125001 0.6708373453124999 0.81034084375 0.673329015625 0.8115650078125001 0.683523884375 0.8094547343749999 0.685381978125 0.8017107203125 0.68860595625 0.8014748859375 0.6922932046875 0.80930899375 0.7113340874999999 0.8144138328125001 0.7200387390625 0.8188545749999999 0.7229153203124999 0.8349720218750001 0.7218083453124999 0.8581121515625 0.7143453562500001 0.8730695781250001 0.7074443703125 0.8743492734375 0.7044196359375 0.8739279218749999 0.7020012078125 0.8641673593749999 0.6804005328125 0.8621420828125 0.6729527921875 0.859275803125 0.671191759375 0.8519063359375 0.6726768546875 0.8491440906250001 0.672377096875 0.845060559375 0.6675180890625 0.8424821296875 0.6628004437499999 0.8410568078124999 0.6567799171875001 0.8364652296875 0.6482847515625 0.8360091984375 0.64537923125 0.831769615625 0.6383283093750001 0.8307136296875001 0.6339955734375 0.8264046890625 0.6259704687500001 0.8227754875000001 0.613493415625 0.8190838421875 0.6071390703125 0.8167308234374999 0.6055875234375 0.8121981734375 0.6049198859375 0.8015532000000001 0.6058957390625 0.7983817281250001 0.6068477718749999 0.7893580203125 0.6130964828125001 0.7865905609375 0.6162233984375 0.7872893375000001 0.6225385609375 0.791776884375 0.629572453125 0.7918757046875 0.6344604015625 0.79563670625 0.6417889296875 0.7953835328125 0.6452326328125 0.7963008046875 0.6476170015625 0.7997670421875 0.6508052484375 0.802414828125 0.6564970765625 0.8032228531250001 0.6608468421875
0 0.478214509375 0.6322674671875 0.4754112984375 0.62805394375 0.4727578421875 0.6189354421875 0.46888382812499996 0.61724253125 0.45470925781249993 0.618456809375 0.4427006515625 0.621970303125 0.438346084375 0.6205549984375 0.43513719531249995 0.61416659375 0.43037171562500004 0.6140030796875 0.411142628125 0.6180104546875 0.40806255625 0.6204237625 0.40665048125 0.6251703484375 0.4075157734375 0.6407743171875 0.4097757296875 0.6513881546875 0.4136740953125 0.660421503125 0.418080896875 0.662567446875 0.4405467515625 0.6583386765625 0.4466076671875 0.6486241109375 0.45292450625 0.6459894078125 0.4733810921875 0.641653334375 0.4770218296875 0.6330832562500001 0.478214509375 0.6322674671875
0 0.6996605890625001 0.409640028125 0.7172516421874999 0.41382294062499997 0.725835284375 0.4147051828125 0.7320698515624999 0.41427942343749996 0.7443646 0.4109924453125 0.750906109375 0.40785361875000004 0.7549886671875 0.4053721890625 0.7577022437500001 0.401271090625 0.7577650453125 0.39514838124999996 0.7562164328125001 0.3945199265625 0.7538377234375 0.389298159375 0.749463953125 0.3842126359375 0.74524713125 0.381319025 0.74460885625 0.37940471875 0.7443873984375 0.3728119484375 0.74619416875 0.3560464609375 0.74564833125 0.3519232109375 0.7466511062500001 0.3484284171875 0.749192121875 0.3174180546875 0.74897590625 0.3073986109375 0.7443981171875 0.2959638640625 0.7387198734375 0.2936595265625 0.7299914796875 0.294255590625 0.724911390625 0.2968051421875 0.7178135578125 0.30267406406249997 0.7140396499999999 0.31296599375 0.713061265625 0.3238012265625 0.7135495453125 0.3306205109375 0.7113765640625 0.342271534375 0.708805915625 0.36936813125 0.7060870953125 0.376895903125 0.694849146875 0.38794229062499996 0.6910054828125001 0.3972600359375 0.6931522484375 0.40274237968750004 0.6972940750000001 0.4080884796875 0.6996605890625001 0.409640028125
1 0.607803659375 0.4376798578125 0.5989898984375001 0.430204846875 0.591076871875 0.4282973296875 0.5823398937500001 0.42889339218750006 0.57101410625 0.43186870468749994 0.564251446875 0.43551165156250005 0.5532310765624999 0.46024770156250006 0.5526916609375 0.4632213421875 0.553627309375 0.4692759296875 0.571603946875 0.489096871875 0.5759698125 0.4905121765625 0.5943026375 0.4873035609375 0.6031845109375 0.48522919218749994 0.6070040015625 0.48252124687500003 0.6168163921875001 0.45493076875 0.616821640625 0.4515040953125 0.6119321046875 0.4427824125 0.607803659375 0.4376798578125
1 0.5580087375 0.709408746875 0.556664025 0.6906557109375 0.5552808421875 0.6853658234375 0.5520918109374999 0.6828911828125 0.536513384375 0.6756324453125 0.5270685328125 0.6699133453125 0.5212370953125001 0.6690873140625 0.510162740625 0.6791424875 0.503362003125 0.68229834375 0.49505229999999995 0.692409728125 0.4964965453125 0.7160507109375 0.4976299828125 0.72135763125 0.504682175 0.728708309375 0.5136100765625 0.7342179234375 0.524146475 0.737659959375 0.5346182703125 0.7367011359375 0.5414190062500001 0.7335452796874999 0.5497758515625 0.72759120625 0.5565469109375 0.7205215859375 0.5580087375 0.709408746875
1 0.6926903531249999 0.3999220109375 0.6905413703125001 0.394926759375 0.6889655578125 0.3942983046875 0.6866462015625 0.3939644859375 0.683253221875 0.396394825 0.6784139812500001 0.39647485625 0.6741887328125 0.39798210156249997 0.6693264109375 0.4012452609375 0.666547428125 0.40510281406250004 0.6615448859375 0.4169411703125 0.6629680687499999 0.42247460468750003 0.6689713953124999 0.43137171093750004 0.685171403125 0.4332213484375 0.6907417796875001 0.4291764609375 0.699533021875 0.4168391015625 0.70035288125 0.414091975 0.6988942078125 0.4080714484375 0.69683395 0.404293928125 0.6926903531249999 0.3999220109375
1 0.46503426406250004 0.5100704203124999 0.4592965859375 0.507035446875 0.443129446875 0.5020197140625 0.4348197515625 0.5016075328125 0.42944873437500003 0.503687021875 0.41945053281250005 0.511221584375 0.41091031562499997 0.5215935453125 0.4120155578125 0.5335102640625 0.4155199265625 0.5508922968750001 0.41851098750000004 0.5541146046875001 0.42366198125 0.5559659109374999 0.4441786546875 0.5621534031250001 0.45150704062499997 0.56287725 0.4743827859375 0.5424722671875 0.473963740625 0.536627165625 0.47039124218749995 0.528794515625 0.46503426406250004 0.5100704203124999
0 0.6678848859375 0.30174740624999996 0.7162414859374999 0.3018361234375 0.731337740625 0.29443101562499996 0.7389867984375 0.2939030734375 0.7470723953125 0.29603710625 0.7501420328124999 0.29386734375 0.7510082296875 0.2920944 0.75409861875 0.2762179453125 0.7529960531250001 0.27115457187500003 0.7488635453125 0.26532138125000004 0.6727111640625 0.2683748265625 0.6649758359375 0.26768503906249996 0.6599943859375 0.2638683375 0.6534168828125 0.25502232187499996 0.6480799765625 0.25318804687499996 0.6446083078125 0.25318292656249997 0.6415731796874999 0.2558397796875 0.6383378796875 0.262670975 0.63653128125 0.2686693515625 0.635654709375 0.277295640625 0.6336410640625 0.2803714640625 0.6335392296875 0.2894337546875 0.6349454875 0.2917840609375 0.6356011421875001 0.30103880625 0.6373869890625 0.3087471234375 0.640234015625 0.3139348296875 0.6451119421875 0.31629025781250003 0.6493065859375 0.316000740625 0.6543329203125 0.31345118906249997 0.659823421875 0.3069538125 0.6678848859375 0.30174740624999996
0 0.1630654078125 0.30504470625 0.17579050624999998 0.309551196875 0.179637396875 0.3078174359375 0.1843044484375 0.3001534203125 0.1848552453125 0.2974233234375 0.1837001625 0.2916293125 0.182258453125 0.28879191406250004 0.17826136406249998 0.2849070890625 0.1228407359375 0.2591165984375 0.117362215625 0.25533395625 0.1152022484375 0.24936452031249998 0.11300255781249999 0.24633466718750002 0.0997888390625 0.2384355640625 0.0916634234375 0.235814440625 0.08205138437500001 0.23672217031249998 0.0735029109375 0.24563285625 0.0700134 0.25590775468750004 0.07033625 0.2639618 0.07429361718750001 0.27078620625 0.090625584375 0.2806728578125 0.0933415421875 0.2804855234375 0.09876826562499999 0.283537528125 0.1020125640625 0.283803225 0.11106173125 0.28195537187499997 0.11381221875 0.282255128125 0.130413546875 0.288941621875 0.1630654078125 0.30504470625
1 0.7051880328125 0.2027759390625 0.70289775 0.19925899375 0.70027825 0.1982115671875 0.6894834140625 0.20016160468750002 0.6840921859375 0.20297173124999998 0.6807965546875 0.2066198 0.6766531312499999 0.20910122968749997 0.6710565765625 0.2160856984375 0.6700388515625 0.21958049375000002 0.669410496875 0.22843329843750002 0.6726547640625 0.2345781578125 0.677334465625 0.23597643124999998 0.6906957031250001 0.2343431828125 0.7011896640625 0.2282528671875 0.70646938125 0.22740813593750003 0.709365 0.2252554046875 0.7108004328125 0.2205088203125 0.708908425 0.20497297187500002 0.7051880328125 0.2027759390625
0 0.5600524765625 0.6546722484374999 0.56390430625 0.6495118140625 0.5706825828125 0.6331363578125 0.5783034203125 0.60764751875 0.57614359375 0.601678084375 0.571756575 0.5992885953125 0.55113705625 0.5919004046875 0.543856428125 0.5906894640625 0.5400961093750001 0.59364095625 0.536456640625 0.59829726875 0.532259528125 0.598586784375 0.528102134375 0.5959367203125 0.5078330921875 0.589992775 0.4958322328125 0.585191646875 0.47839981875 0.5807651875000001 0.472491746875 0.5814174624999999 0.46799076250000005 0.5844200453124999 0.4638177953125 0.59205 0.46291136875000005 0.5967625234375 0.4636192 0.6067479062500001 0.469057640625 0.6134701296875 0.47415079687499995 0.6153214359375 0.4786465921875 0.6157455265625 0.5229000874999999 0.63104818125 0.5246058546875 0.634112096875 0.5252273640625 0.6428797484375 0.5276910640625 0.64613611875 0.55239891875 0.655200190625 0.5600524765625 0.6546722484374999
1 0.6784979265625 0.3967354328125 0.6906831234374999 0.3929613625 0.705379925 0.3789805140625 0.7088951031249999 0.372375834375 0.7113824640625 0.35482861875 0.71132355625 0.3470010890625 0.7101813234375001 0.3414506234375 0.7078864312500001 0.337203040625 0.6996306890625 0.3296939671875 0.6933006500000001 0.3247446875 0.6823877375 0.31839713125 0.673221990625 0.31560058281250003 0.66401636875 0.31574361562500003 0.64159421875 0.322668421875 0.636631734375 0.326435703125 0.6289427484375001 0.3303903171875 0.6264589 0.3339872953125 0.6259752921875 0.337691575 0.623662953125 0.3681978140625 0.621686953125 0.37543095000000004 0.6223560046875 0.3778323484375 0.6240685078125 0.38089626249999997 0.6300466890624999 0.3844012984375 0.6346243515625 0.3892262453125 0.6552455234375001 0.4024936 0.660058928125 0.4036312984375 0.666751246875 0.40317147656249996 0.6784979265625 0.3967354328125
0 0.783938025 0.48918782656250004 0.7802760906249999 0.4936005921875 0.7806910203124999 0.49944569375 0.7872644671875 0.5080481640625 0.796943109375 0.5183946359375 0.8008591781250001 0.52106173125 0.8050795515625 0.521015759375 0.8097477375000001 0.5167784171875 0.825282403125 0.50812151875 0.828501725 0.5044734515625 0.83491788125 0.5003604421875 0.8477726796875 0.488951296875 0.8482377812499999 0.4850034703125 0.8464777203124999 0.48120891875 0.8298175921875 0.46351176718750003 0.824860696875 0.46018215625 0.817139184375 0.4634061328125 0.8111362640625 0.4628406796875 0.7967704531249999 0.4459644390625 0.7676774640625 0.4176210578125 0.7656303859375 0.4167831171875 0.7602948328125 0.4186190609375 0.75030838125 0.42493589375 0.7452840265625 0.43115566406249994 0.7436691671875 0.436406371875 0.7436985468749999 0.4403201359375 0.7497827125 0.44552999375 0.7505019484375001 0.4486620296875 0.759231403125 0.4561370421875 0.7602324546875 0.45973913906249997 0.7667419468750001 0.4639407515625 0.7714291156249999 0.47047052031250003 0.783154834375 0.48165493281250005 0.784615790625 0.48473587812499996 0.783938025 0.48918782656250004
1 0.77398645 0.2268480296875 0.771009 0.22435635937499998 0.764454353125 0.22161602187499999 0.7553291390625 0.2219855703125 0.7452220390625001 0.2263370046875 0.7394811578125 0.23479977968750002 0.7363585968749999 0.24430997968749998 0.7362595062499999 0.249945596875 0.7374660484375 0.2525564796875 0.7477517890625001 0.2611640703125 0.75138205625 0.2621433734375 0.762425021875 0.2601763078125 0.7673963046875001 0.2586179703125 0.7713786515625001 0.2539446265625 0.7765074140625 0.24405463749999998 0.7781297453125 0.23489016562499998 0.77398645 0.2268480296875