1 0.561767578125 0.766845703125 0.562744140625 0.771484375 0.563232421875 0.776123046875 0.561767578125 0.783203125 0.56396484375 0.787109375 0.56884765625 0.7900390625 0.57763671875 0.791015625 0.583251953125 0.78955078125 0.587158203125 0.786865234375 0.5908203125 0.779052734375 0.592041015625 0.77099609375 0.590576171875 0.767822265625 0.5859375 0.762939453125 0.5810546875 0.75927734375 0.574951171875 0.756591796875 0.572265625 0.75732421875 0.568115234375 0.756103515625 0.558837890625 0.759033203125 0.558349609375 0.760009765625 0.561767578125 0.766845703125
0 0.51416015625 0.78662109375 0.519287109375 0.794677734375 0.52978515625 0.80029296875 0.532958984375 0.810302734375 0.539306640625 0.84228515625 0.542236328125 0.85205078125 0.548095703125 0.858642578125 0.553955078125 0.861328125 0.556884765625 0.86083984375 0.56103515625 0.85693359375 0.562744140625 0.85009765625 0.562744140625 0.843994140625 0.553466796875 0.794189453125 0.5595703125 0.788330078125 0.56494140625 0.786865234375 0.569091796875 0.7880859375 0.573486328125 0.78515625 0.577392578125 0.789306640625 0.5859375 0.787109375 0.58935546875 0.7822265625 0.59130859375 0.77587890625 0.59033203125 0.76806640625 0.580322265625 0.76025390625 0.574951171875 0.759765625 0.572021484375 0.762451171875 0.568603515625 0.76123046875 0.564697265625 0.765380859375 0.5625 0.76611328125 0.552490234375 0.751953125 0.545166015625 0.745849609375 0.542724609375 0.745361328125 0.5244140625 0.748046875 0.520263671875 0.751220703125 0.515380859375 0.75732421875 0.513427734375 0.763427734375 0.512451171875 0.77978515625 0.51416015625 0.78662109375
1 0.527587890625 0.57958984375 0.53369140625 0.5869140625 0.5390625 0.59033203125 0.55126953125 0.585205078125 0.5546875 0.5791015625 0.55615234375 0.57275390625 0.554931640625 0.568115234375 0.552734375 0.564453125 0.548095703125 0.560546875 0.545166015625 0.5595703125 0.531494140625 0.560546875 0.527587890625 0.563232421875 0.525390625 0.569091796875 0.524658203125 0.572265625 0.527587890625 0.57958984375
1 0.392822265625 0.603759765625 0.394775390625 0.607421875 0.3955078125 0.61181640625 0.399658203125 0.619140625 0.410888671875 0.622314453125 0.425537109375 0.623046875 0.43798828125 0.61083984375 0.441162109375 0.607177734375 0.442626953125 0.603759765625 0.442626953125 0.598876953125 0.436767578125 0.581298828125 0.428466796875 0.576171875 0.411376953125 0.57373046875 0.407470703125 0.57421875 0.392822265625 0.58935546875 0.3916015625 0.591552734375 0.392822265625 0.603759765625
0 0.439697265625 0.83447265625 0.4443359375 0.841064453125 0.452880859375 0.84716796875 0.464599609375 0.85791015625 0.47314453125 0.864013671875 0.4833984375 0.873779296875 0.49462890625 0.88232421875 0.4970703125 0.88916015625 0.498046875 0.89697265625 0.501220703125 0.904541015625 0.5068359375 0.907958984375 0.508544921875 0.907958984375 0.515869140625 0.9052734375 0.521728515625 0.90087890625 0.522705078125 0.898193359375 0.525390625 0.896240234375 0.528076171875 0.889892578125 0.5302734375 0.88818359375 0.533447265625 0.883056640625 0.5380859375 0.873291015625 0.5390625 0.864501953125 0.537841796875 0.8583984375 0.53564453125 0.855712890625 0.527587890625 0.854736328125 0.51708984375 0.857421875 0.514892578125 0.85693359375 0.49560546875 0.840576171875 0.4921875 0.836669921875 0.4794921875 0.8271484375 0.47314453125 0.820556640625 0.460205078125 0.81103515625 0.451416015625 0.810791015625 0.44873046875 0.811767578125 0.4423828125 0.819091796875 0.438720703125 0.82568359375 0.4384765625 0.830078125 0.439697265625 0.83447265625
1 0.61376953125 0.470703125 0.614501953125 0.475830078125 0.617431640625 0.481689453125 0.616943359375 0.486328125 0.618408203125 0.48876953125 0.620361328125 0.489990234375 0.6318359375 0.4921875 0.63623046875 0.49462890625 0.650634765625 0.49462890625 0.65673828125 0.49072265625 0.662353515625 0.485595703125 0.666259765625 0.478271484375 0.666748046875 0.470947265625 0.662353515625 0.45654296875 0.656494140625 0.4501953125 0.642578125 0.447509765625 0.636962890625 0.44873046875 0.629638671875 0.44873046875 0.6240234375 0.450927734375 0.612060546875 0.46337890625 0.611083984375 0.466796875 0.61376953125 0.470703125
0 0.386962890625 0.524658203125 0.396728515625 0.52734375 0.401123046875 0.53076171875 0.40234375 0.533203125 0.40771484375 0.537109375 0.411376953125 0.537109375 0.418212890625 0.532470703125 0.421142578125 0.533203125 0.427978515625 0.537841796875 0.446533203125 0.547119140625 0.45458984375 0.55224609375 0.46044921875 0.55419921875 0.463134765625 0.5537109375 0.468994140625 0.550048828125 0.47216796875 0.54541015625 0.473876953125 0.540771484375 0.473876953125 0.533203125 0.4716796875 0.530029296875 0.45751953125 0.521240234375 0.45166015625 0.51953125 0.442626953125 0.513427734375 0.43359375 0.50927734375 0.431640625 0.506103515625 0.431884765625 0.497802734375 0.427001953125 0.493896484375 0.41162109375 0.485595703125 0.40576171875 0.4853515625 0.4013671875 0.489013671875 0.3984375 0.49462890625 0.39306640625 0.50048828125 0.3857421875 0.51513671875 0.38525390625 0.5205078125 0.386962890625 0.524658203125
1 0.626220703125 0.529052734375 0.63134765625 0.535888671875 0.642333984375 0.5419921875 0.64794921875 0.5419921875 0.656494140625 0.53857421875 0.661376953125 0.534423828125 0.665283203125 0.5283203125 0.6669921875 0.51904296875 0.665283203125 0.510986328125 0.659912109375 0.503662109375 0.6484375 0.496826171875 0.642578125 0.497314453125 0.63623046875 0.499267578125 0.63330078125 0.501220703125 0.626708984375 0.5078125 0.6240234375 0.51318359375 0.623779296875 0.523193359375 0.626220703125 0.529052734375
0 0.4716796875 0.490966796875 0.47607421875 0.4990234375 0.477783203125 0.50048828125 0.480224609375 0.500732421875 0.48388671875 0.500732421875 0.498046875 0.494384765625 0.499267578125 0.491455078125 0.49951171875 0.486572265625 0.50146484375 0.484130859375 0.51611328125 0.478515625 0.519775390625 0.47509765625 0.520751953125 0.47216796875 0.520751953125 0.4697265625 0.51708984375 0.461181640625 0.51123046875 0.458251953125 0.50146484375 0.4599609375 0.498046875 0.462890625 0.48974609375 0.466064453125 0.48681640625 0.462158203125 0.4833984375 0.4619140625 0.4794921875 0.4638671875 0.47216796875 0.46533203125 0.46533203125 0.47021484375 0.465087890625 0.474365234375 0.4716796875 0.490966796875
1 0.47705078125 0.59130859375 0.47900390625 0.595458984375 0.480712890625 0.5966796875 0.487060546875 0.59912109375 0.49560546875 0.599853515625 0.498291015625 0.598388671875 0.50439453125 0.592041015625 0.5068359375 0.583740234375 0.5048828125 0.57763671875 0.5009765625 0.572021484375 0.494873046875 0.570068359375 0.48681640625 0.569580078125 0.48095703125 0.57177734375 0.477294921875 0.57666015625 0.475830078125 0.579833984375 0.47705078125 0.59130859375
0 0.562744140625 0.54931640625 0.588134765625 0.5498046875 0.59130859375 0.55029296875 0.5966796875 0.552978515625 0.599609375 0.552490234375 0.6005859375 0.5498046875 0.600341796875 0.5400390625 0.598388671875 0.53662109375 0.585693359375 0.53955078125 0.56201171875 0.5400390625 0.55810546875 0.54150390625 0.556884765625 0.543212890625 0.556884765625 0.54541015625 0.562744140625 0.54931640625
0 0.60791015625 0.675048828125 0.62158203125 0.685546875 0.622314453125 0.6982421875 0.628662109375 0.748291015625 0.634765625 0.759521484375 0.63916015625 0.7626953125 0.643798828125 0.763916015625 0.65283203125 0.762939453125 0.65673828125 0.760498046875 0.6591796875 0.752197265625 0.658447265625 0.73291015625 0.65283203125 0.6831867671875 0.6541748046875 0.6800537109375 0.66259765625 0.672119140625 0.663818359375 0.66748046875 0.663330078125 0.66162109375 0.662109375 0.65966796875 0.65673828125 0.656005859375 0.650634765625 0.653564453125 0.6328125 0.652587890625 0.622802734375 0.654052734375 0.613525390625 0.657470703125 0.608154296875 0.660888671875 0.60546875 0.6650390625 0.605224609375 0.66943359375 0.60791015625 0.675048828125
0 0.51904296875 0.51123046875 0.52490234375 0.516357421875 0.527587890625 0.5166015625 0.53369140625 0.52001953125 0.539794921875 0.5185546875 0.546142578125 0.51220703125 0.548828125 0.511474609375 0.56396484375 0.517578125 0.61181640625 0.532958984375 0.618408203125 0.532470703125 0.623779296875 0.5283203125 0.6240234375 0.52099609375 0.623291015625 0.51904296875 0.615234375 0.513671875 0.5966796875 0.507568359375 0.58349609375 0.501953125 0.580322265625 0.501953125 0.568603515625 0.49658203125 0.55419921875 0.491943359375 0.5517578125 0.478515625 0.54833984375 0.4765625 0.52978515625 0.474609375 0.5224609375 0.47705078125 0.519775390625 0.482666015625 0.514892578125 0.49853515625 0.51513671875 0.509521484375 0.51904296875 0.51123046875
0 0.42529296875 0.419921875 0.437255859375 0.427490234375 0.4423828125 0.42919921875 0.445556640625 0.42919921875 0.447998046875 0.42724609375 0.4521484375 0.42724609375 0.46533203125 0.434326171875 0.47021484375 0.439208984375 0.47509765625 0.44091796875 0.47802734375 0.44384765625 0.4931640625 0.450927734375 0.50146484375 0.45703125 0.5078125 0.458251953125 0.51171875 0.45703125 0.51318359375 0.455322265625 0.51611328125 0.448486328125 0.51611328125 0.44482421875 0.510009765625 0.437744140625 0.501220703125 0.43359375 0.49267578125 0.427001953125 0.489013671875 0.42626953125 0.484130859375 0.42236328125 0.460693359375 0.40869140625 0.4609375 0.400146484375 0.458984375 0.399169921875 0.456787109375 0.396240234375 0.4482421875 0.39111328125 0.442626953125 0.389892578125 0.43994140625 0.391845703125 0.4384765625 0.39453125 0.433837890625 0.3984375 0.42724609375 0.410400390625 0.425537109375 0.411865234375 0.426513671875 0.416259765625 0.42529296875 0.419921875