1 0.174008009375 0.4618559734375 0.1782072234375 0.44693182187499997 0.1759198046875 0.43916308906249996 0.16885478125 0.4311509765625 0.159693603125 0.42355673281249995 0.15502122499999998 0.42110494843749996 0.15060846875 0.4201763578125 0.12977672812500002 0.4251166390625 0.12303047656249999 0.4307488640625 0.1181307484375 0.4406211671875 0.11582183593749999 0.450151984375 0.116718215625 0.45399815937500004 0.1244860546875 0.46236598281249996 0.13144815 0.46789036250000005 0.13673040625 0.4743912640625 0.1424312734375 0.47675468125 0.149956384375 0.4756920359375 0.16379684375 0.4716496484375 0.170477040625 0.4679846953125 0.174008009375 0.4618559734375
0 0.522712440625 0.820274959375 0.5227411375 0.8138526859375 0.5251655937499999 0.8033573281249999 0.526720715625 0.790500796875 0.5259669406249999 0.78741621875 0.5294774953125 0.7810463640624999 0.5352395578125 0.777749103125 0.5412569031250001 0.7759750359375001 0.5458799953125 0.7720045453125 0.5496435765625 0.7718540218750001 0.558557434375 0.76287211875 0.5638836953124999 0.760742340625 0.565152571875 0.7574810281250001 0.5707990734374999 0.754907171875 0.5748202046875 0.751583703125 0.57684285625 0.75140696875 0.5797250171874999 0.7474102703125001 0.5916849359375 0.7396482671875 0.5950149828125 0.7359690875 0.5998933609375 0.733521790625 0.6012128406249999 0.7315043453125 0.6061297390625 0.7288159125 0.607769459375 0.7263543890624999 0.6125707984375001 0.7243893625 0.6207286171875 0.7170190187500001 0.626618321875 0.7144833546875 0.6302300875 0.71060123125 0.6339430625 0.7092068406250001 0.6357753796875001 0.70553964375 0.6377474249999999 0.70411904375 0.639772340625 0.699246171875 0.6407474093750001 0.6947028015625001 0.6403788265625 0.689206875 0.6368629734375 0.6800033156249999 0.6330125296875 0.6744549703125 0.6246832515625 0.6657314359375001 0.6160314703124999 0.66214811875 0.6037679218750001 0.6624469234375 0.6000285125 0.66556745 0.59550889375 0.6673295343750001 0.58959275625 0.671591334375 0.58738959375 0.67445874375 0.5830746578125 0.6765001546875 0.5649289640624999 0.6902119015625 0.561702390625 0.691682675 0.5584493859374999 0.6948795859375 0.5546593703125 0.6967562468749999 0.5532628515625 0.6992559625 0.5492681546875 0.7008532953125 0.5454131875 0.7046972265625 0.5336073453125 0.711494690625 0.5237206828125001 0.720323825 0.5198030234375 0.7214388890625 0.5170364203125 0.724712184375 0.513284925 0.7263477093749999 0.5104412828125 0.7301032734375 0.5054473453125 0.733273975 0.5026422234375 0.7367884046875 0.49986353437500003 0.7385766984375 0.49517775156250005 0.7398183203124999 0.476246553125 0.736598209375 0.468606096875 0.732926525 0.46402378750000006 0.7319597421874999 0.46111745624999995 0.7329864390624999 0.4585170140625 0.7367801953125 0.45687503124999995 0.74393785625 0.4578455734375 0.7487867625 0.4728598875 0.7780876296875 0.48621483281250005 0.7974877421875 0.49331601718750007 0.8045353140625 0.506121871875 0.8211301750000001 0.513083328125 0.8259311500000001 0.51685899375 0.8272656265625 0.5206875281250001 0.82514783125 0.522712440625 0.820274959375
1 0.5493676421875 0.5270197999999999 0.5531595640625 0.5189619999999999 0.5722881281250001 0.474497325 0.573459415625 0.46874828125 0.572048709375 0.4650668578125 0.5650171578125 0.45432587812499997 0.5453309375 0.4304805015625 0.5380023984375 0.423153603125 0.531147378125 0.41911422343750004 0.5138772484375 0.4176464578125 0.486807959375 0.41958828437499995 0.471076575 0.42256353750000003 0.46477008125 0.42602555000000003 0.4591810640625 0.4328132734375 0.45493986875000003 0.4405535546875 0.453833734375 0.44433532812500004 0.45470576406249996 0.4466965015625 0.45398601875000005 0.4480669265625 0.4491432640625 0.45175808906250003 0.4492767625 0.457167596875 0.43887135937500005 0.47684585312500005 0.4383546625 0.48319174374999996 0.442895890625 0.49230693593749997 0.4512631390625 0.502515471875 0.4523260953125 0.508367109375 0.47267902968750003 0.53429433125 0.478531709375 0.5399070781249999 0.4912053109375 0.5404080609374999 0.533119559375 0.53634094375 0.545268878125 0.5323105406249999 0.5493676421875 0.5270197999999999
0 0.670404009375 0.6342131390625 0.6708185203125 0.6300756546875 0.6738106328125 0.6270816859375 0.6892952296875 0.6213393734375 0.6935894499999999 0.6180540953125 0.6960141703125 0.6154660125 0.698996390625 0.60629090625 0.698547646875 0.6012772484375 0.6956376703125 0.5943966703125 0.6902908046875 0.5886191734375 0.6830866109375 0.5850238734375 0.67452706875 0.585172153125 0.657328128125 0.5906471234375 0.650279090625 0.5860872828125 0.6424687140625001 0.583139003125 0.6347724296874999 0.58416345625 0.6080198718750001 0.5928450749999999 0.6022683875 0.5973862015625 0.5987332249999999 0.6037560578125001 0.5975573765625 0.6095051015624999 0.5975262 0.6206235140625 0.599378971875 0.6278335937499999 0.6049152265625 0.64179769375 0.6153640515625 0.6533144953125001 0.622851940625 0.656706853125 0.63048281875 0.657649671875 0.662586796875 0.6453532734375 0.6679648406250001 0.6400123578125 0.670404009375 0.6342131390625
0 0.62499169375 0.8201715515625001 0.6232718671875 0.8292964828124999 0.6238494625000001 0.8350717375000001 0.6227262453125 0.837368509375 0.62245229375 0.8437525906250001 0.62076138125 0.84645525 0.6174716328125001 0.8481671593750001 0.6007047953125 0.8477785078125001 0.597286440625 0.8487288218750001 0.5948604140625 0.851316903125 0.5943414234375 0.85766279375 0.59836400625 0.8607615984375 0.6003996500000001 0.865281003125 0.5973435406250001 0.8905117953125 0.597870146875 0.8950431828125 0.6794678046875 0.9077611203125 0.6838921671875 0.8802717484375 0.6914396390624999 0.8755156953125001 0.692434246875 0.8724573265625001 0.692087234375 0.869931403125 0.6897289328125 0.865856075 0.686157615625 0.8630747890625001 0.6714819703125 0.8590571328125 0.6668140703125001 0.856846484375 0.665370475 0.8548911968749999 0.6637883765625 0.8459931718749999 0.665222075 0.8417673203125 0.6640113421875 0.8383652234375001 0.66609035625 0.8332512171875001 0.664634584375 0.8298109281249999 0.667344459375 0.827019903125 0.6662623328125 0.8243794031249999 0.667967703125 0.8184656078125 0.667079628125 0.8146194328125 0.668409071875 0.8126019875000001 0.6670963640625 0.8067121578125 0.669393784375 0.803362478125 0.668762921875 0.8010394968749999 0.6702232546875 0.795087509375 0.6692187484375001 0.7919647390625 0.670948471875 0.789020946875 0.6697255609375 0.7841338484375 0.6715717140625 0.7804666515625 0.6704895890625 0.77782615 0.6725031593749999 0.7746794140625 0.67145984375 0.7717977796875 0.6717581484374999 0.7683837 0.673126403125 0.76612511875 0.6723281265625001 0.763281675 0.6735289609375 0.7605026328125 0.6747587125 0.7513013171875 0.67350916875 0.7481403546875 0.6752777015625 0.7449554265625 0.6746468421875 0.7426324453125 0.6791899156250001 0.7097235296875 0.6791046781250001 0.6993285218749999 0.68017690625 0.6957878828124999 0.67906053125 0.6839962421875 0.677849796875 0.6805941437499999 0.6724346078125001 0.67678391875 0.6515942 0.672052596875 0.6461379218750001 0.6731796421875 0.639941965625 0.6835843890625 0.6393986234375 0.686960278125 0.640699153125 0.6913651062499999 0.6403620390625 0.6950203203124999 0.6309555125 0.756586090625 0.631508753125 0.7593913421875 0.627533375 0.791894371875 0.62750218125 0.803012784375 0.62605630625 0.805753634375 0.6247489359375 0.8154372203125 0.62499169375 0.8201715515625001
1 0.932009028125 0.6082175890625 0.9397606078124999 0.6069520015625 0.9494123515625 0.6032630812499999 0.9623224968749999 0.5934072484375 0.9673377734375 0.5872665453125 0.9679719234374999 0.5848933890625 0.9757547437499999 0.5725093890624999 0.975732634375 0.5648432484375 0.9693705390625 0.5512468421875 0.9631227750000001 0.5416231703125 0.959171525 0.538042096875 0.9556067109375 0.5367458109375 0.9320722421875001 0.5313532421875 0.92411410625 0.5323395046875 0.9158594750000001 0.5320437078125 0.903223715625 0.5355154578125 0.8952366218750001 0.54292399375 0.8916428484375001 0.5480499828125 0.8898836921875001 0.5527199109375001 0.8872983109374999 0.5562725328125 0.8864431250000001 0.5615775000000001 0.887058228125 0.57180775625 0.8888250125000001 0.5780151046875 0.8921032406249999 0.5842104703125 0.9011795328125001 0.5950158515624999 0.910593475 0.6021660171875001 0.9206804421875001 0.6067018921875 0.932009028125 0.6082175890625
0 0.6435754796875 0.4055619265625 0.656756271875 0.398473153125 0.66124106875 0.39398220156249997 0.6664744703125 0.38639468906249996 0.6689916031250001 0.3754170609375 0.6686860765625 0.3679538640625 0.66667965625 0.3617083234375 0.6631904609375 0.3584447671875 0.662264771875 0.35483972812500003 0.6627686546875 0.351704975 0.6863865953125 0.310897759375 0.6906433843750001 0.29846134062499996 0.6912536625000001 0.28842204374999997 0.68423879375 0.277439928125 0.67669344375 0.271318703125 0.6656687859375 0.2681150625 0.6530572359375 0.2701018109375 0.6454032125 0.2755812671875 0.63823635625 0.285833246875 0.6180034890625 0.3321124234375 0.6148464234375 0.3345859296875 0.610969628125 0.3337337234375 0.6075556796875 0.33468403593749996 0.59928376875 0.3393255125 0.5927758375 0.3454781984375 0.5868447531250001 0.35740613906249996 0.5846620203125 0.36942468906250003 0.587078090625 0.380925021875 0.594827125 0.3920217125 0.6009816609375 0.397431515625 0.604497453125 0.398968934375 0.6087230890625001 0.39765092812499997 0.6126774046875 0.398020865625 0.619139746875 0.406197728125 0.629907521875 0.4078781765625 0.6435754796875 0.4055619265625
1 0.14765226250000002 0.6173999343750001 0.1580456609375 0.6041921796875 0.170397596875 0.5865938234375 0.1720607203125 0.5809211624999999 0.1722688 0.5765043515625 0.170765146875 0.5718201953125 0.161198734375 0.5517872890625 0.151848 0.5382148499999999 0.1407954125 0.5305562046875 0.12934109375 0.5285200453125001 0.097639153125 0.5292539546875 0.0894389484375 0.531928159375 0.0797814234375 0.5405543515625 0.073457746875 0.5487125015625 0.0654079140625 0.55981444375 0.0606023171875 0.5694456109375 0.0598277125 0.5742683078125 0.06396579531249999 0.5875209859375 0.07713489375 0.6100940421875001 0.0799265203125 0.6130018875000001 0.08588492187499999 0.6149212265624999 0.0872868109375 0.61711765 0.1000921328125 0.620106365625 0.1373917546875 0.621977009375 0.143931109375 0.6202793265625 0.14765226250000002 0.6173999343750001
1 0.26521136093750003 0.5443232765625 0.268693934375 0.5414056921875 0.2729037484375 0.5277254078125 0.2772398453125 0.5195028578125 0.282502503125 0.514885346875 0.289414403125 0.5125024515625001 0.2908209703125 0.5100027359375 0.27187825625 0.462308975 0.2628682875 0.45744359843750004 0.24086142187499998 0.4537651828125 0.22964460781249998 0.4532522171875 0.22166313437500001 0.45447961406250004 0.2108419 0.4624325765625 0.2012188015625 0.4723026359375 0.195774334375 0.47961082031249996 0.1905481953125 0.488683334375 0.1925542203125 0.49962501406250004 0.20083238906249998 0.5246453671875 0.20414304687499998 0.5305995984375 0.2076621375 0.5321370171875001 0.21084423124999999 0.5373296515625 0.21727611875 0.5410515109375 0.25524365000000004 0.5469712734375001 0.261432865625 0.5459588015625 0.26521136093750003 0.5443232765625
1 0.38190568593749996 0.6841462046875 0.383079046875 0.681608296875 0.39067555781249996 0.6738822421874999 0.3898694921875 0.6710387984375 0.3909129921875 0.6677392953125 0.38740441406250004 0.6518723265624999 0.3826563953125 0.6405105359375 0.377982146875 0.6380587515625 0.3569776203125 0.6330862953125 0.349983540625 0.6339841890625 0.3429871578125 0.639578221875 0.33033450625 0.6534449796875 0.32948464843749997 0.6602349484375 0.3353353453125 0.680418378125 0.337508415625 0.684214378125 0.34499504999999997 0.68808900625 0.35931900625 0.6920302781250001 0.365296478125 0.6927057515625 0.36920385 0.6920729578125 0.373503109375 0.689028815625 0.3775280484375 0.687672615625 0.38190568593749996 0.6841462046875
1 0.7623972140624999 0.7115020328125 0.7632626250000001 0.701500928125 0.760645596875 0.6941762734375 0.75356993125 0.6861641609375 0.746180409375 0.680081128125 0.7428695109375 0.6785819 0.7306390375 0.6804038984375 0.7171039 0.6840022078125 0.712174478125 0.6862083703125 0.7098397750000001 0.688073046875 0.7080520156250001 0.691257975 0.70626195 0.699139040625 0.7043272671875 0.7094696468749999 0.7045995875 0.7124778421875 0.714424590625 0.72388006875 0.7219441171875001 0.7307246984375 0.7255811828125001 0.7317798468750001 0.7298705796875 0.7319468421875001 0.7401194375 0.7298193078125 0.7553369484375 0.7252444765625 0.7591332468750001 0.7206389484375 0.7623972140624999 0.7115020328125
0 0.41481806875 0.4680129953125 0.423634775 0.469870178125 0.42819966562499995 0.46983422968750005 0.44441887187500007 0.46665603125 0.44923314531249997 0.46196213750000004 0.45069338437499995 0.4545251484375 0.455236015625 0.4468230609375 0.45748891406250003 0.4407445140625 0.4586238015625 0.433751603125 0.4560033359375 0.4202458078125 0.44655510156249995 0.40667336875000004 0.44715590625 0.3748795171875 0.44468967812500004 0.3651053203125 0.4394518265625 0.358363284375 0.4351485984375 0.35522628749999996 0.43064969687500004 0.353294965625 0.4252138796875 0.352454740625 0.4224177015625 0.3525168984375 0.41487324374999995 0.3553056796875 0.4088235578125 0.3598086140625 0.4050881640625 0.3656580078125 0.40327801875 0.370569071875 0.403040915625 0.37671201875000004 0.40600439218749995 0.406832153125 0.40336245000000004 0.41062590937500004 0.39927714999999997 0.41394937968749995 0.3964004046875 0.4191899453125 0.3937147328125 0.4326171125 0.397788540625 0.4527743328125 0.40468997656249994 0.46175098437499995 0.41481806875 0.4680129953125
0 0.845985678125 0.712468765625 0.848373471875 0.71333295625 0.85230666875 0.7124590265624999 0.8703414734375 0.6994324921875 0.8717965078125 0.6966916421875 0.87120070625 0.6941275265625 0.8618302625 0.6926762296875 0.8585342171875 0.691177003125 0.8435894359375 0.67576160625 0.83989286875 0.6704925890625 0.8295138468750001 0.661222384375 0.8280097968750001 0.6580232296874999 0.8201602453125 0.6518638125 0.8177479421875 0.6480296203125 0.8110141765625001 0.6427845671875 0.8023835046875 0.641447846875 0.8011750578125 0.6442268890625 0.8016659453124999 0.6489994125 0.8073719984375 0.65902896875 0.816518065625 0.6681082140625 0.8268044265625001 0.681071825 0.8355622281249999 0.68786628125 0.8419835453125 0.6950404125 0.8465079546875 0.7061228765625 0.8454411859375 0.7111485156249999 0.845985678125 0.712468765625
1 0.327911309375 0.537638859375 0.3271325140625 0.5330692796875 0.32551886093750004 0.53207853125 0.3140197578125 0.5154716890625 0.3096734203125 0.5125758265625 0.2911498359375 0.512681428125 0.28133351875 0.5153676171875 0.2743919796875 0.522205515625 0.26926993125 0.535009628125 0.2677031359375 0.5446550218749999 0.2782007140625 0.559624096875 0.28547328906249997 0.567915534375 0.301653584375 0.568189609375 0.31477554375 0.5670026499999999 0.3182132875 0.5645673359375001 0.3293782703125 0.5457752874999999 0.3302914671875 0.5417141859375 0.3301102078125 0.5397087234375 0.327911309375 0.537638859375