1 0.388498209375 0.7639155046874999 0.389183740625 0.7720376718749999 0.39243323750000003 0.780086596875 0.39631124375 0.7830380875 0.4020605828125 0.7848910625000001 0.4112979765625 0.784529971875 0.41660394843750004 0.7819480296875 0.41918036406250003 0.77820456875 0.4181689984375 0.7710395546875 0.4190165140625 0.7664462421875 0.4203732640625 0.7618869921875 0.42443641249999997 0.75530613125 0.4239983984375 0.7542978875 0.41453664687499997 0.75072818125 0.41011915156249995 0.7516563953125 0.40737179218749997 0.7507384234375001 0.4008105421875 0.75299166875 0.3954511578125 0.7563042484375 0.3902573625 0.7608515890625 0.388498209375 0.7639155046874999
0 0.4188930109375 0.7611052625 0.4167096078125 0.7602213515625 0.4130306453125 0.755808584375 0.409466340625 0.7567878890624999 0.4066767234375 0.7539045203125 0.40117740625 0.7540169421875 0.39043761093749996 0.761112165625 0.38888823906250003 0.7688375140625 0.3904237625 0.77530595 0.3935538375 0.78041529375 0.4020911625 0.7832032703125 0.4063606734375 0.7793354765625 0.4106232625 0.782564575 0.41493273750000004 0.7816363609375 0.42029309843749996 0.78347230625 0.42608598750000004 0.7897431671875 0.4131038734375 0.838779378125 0.41266964531249994 0.8448680265625 0.41392203906249997 0.8518065234375 0.4178667609375 0.855992775 0.4208127015625 0.85668423125 0.42696511875 0.8544139562499999 0.43339544218750004 0.8482469453125001 0.4370708859375 0.8387094734374999 0.4458043765625 0.8072477499999999 0.44974557812500005 0.7974837625 0.4608258328125 0.7926145140624999 0.4666152 0.7849351359375001 0.4688402640625 0.7782350640625 0.469010434375 0.761849365625 0.46745754375 0.7556244750000001 0.4629239734375 0.7491952203125 0.4589271453125 0.74573960625 0.4404889640625 0.7417833218750001 0.4379703265625 0.742100109375 0.43008440312499996 0.747677846875 0.4188930109375 0.7611052625
1 0.438128134375 0.5686596921875 0.43919721875000006 0.5750940671875 0.4423293390625 0.581421140625 0.45473619374999996 0.587387125 0.4606106578125 0.58435215 0.46753808125 0.5774715328125 0.4711421171875 0.5703695203125 0.4706075765625 0.5671523328125 0.46873580312499996 0.56115395625 0.464842121875 0.558202465625 0.45059749687500006 0.5562745796875 0.44745824843750004 0.5570443984375 0.44231496718749996 0.56061755625 0.4397460140625 0.564117471875 0.438128134375 0.5686596921875
1 0.55047389375 0.611020978125 0.5534724109375 0.6148955625 0.56539103125 0.6279414078125 0.5804976046875 0.62823259375 0.5922670359375 0.62584989375 0.59705865625 0.6188330343749999 0.5981271546875 0.6145002984375 0.600397515625 0.610983353125 0.6025292390625 0.598891209375 0.6014326453125001 0.59661414375 0.5874664703125 0.580492475 0.5834871734375 0.579732896875 0.5657487999999999 0.580976228125 0.5568498 0.585511659375 0.5495650140625 0.6026382359375 0.5492141234375 0.607509153125 0.55047389375 0.611020978125
0 0.484267521875 0.8363947828124999 0.4805294296875 0.8400530921874999 0.45983850000000004 0.8550252671875 0.45757869375000004 0.8553590859375 0.44713723281249995 0.851947775 0.4389089109375 0.8523599546874999 0.4364935 0.8548856859375 0.4348250328125 0.8608891828124999 0.4351916109375 0.86972495625 0.43919774375 0.8797903703125 0.44204888750000004 0.8851262296875 0.44415309062499997 0.886984325 0.44642329218750004 0.8935038531249999 0.44900470156249994 0.8956395546874999 0.449803509375 0.8983866812500001 0.45542624375 0.9031792359375 0.4626534859375 0.9063691531250001 0.46438421874999997 0.906488365625 0.470312959375 0.903470421875 0.4740631421875 0.89614189375 0.47560538750000003 0.888416546875 0.4785619609375 0.8817675640625 0.49054046875 0.8740268562500001 0.50161643125 0.8650002953125 0.5107023234375 0.8595077109375 0.523330928125 0.84960915 0.532416821875 0.844116565625 0.53758133125 0.837864403125 0.539128775 0.8335657296875001 0.539192734375 0.829164871875 0.53595083125 0.8223336765625 0.5300410734375001 0.8145845093749999 0.527390509375 0.8134229921875 0.518472309375 0.81305344375 0.5046939140625 0.8216491234375001 0.49779866874999995 0.8277820734375 0.484267521875 0.8363947828124999
1 0.3349041765625 0.45938628125000003 0.3348796890625 0.46672671875000005 0.33836025 0.47430558281249996 0.343750896875 0.47981174531250004 0.3497298 0.484134240625 0.3645010703125 0.48513903281250004 0.3691826296875 0.4830101203125 0.3811071375 0.4816186359375 0.38319755624999996 0.48053714999999997 0.3848747875 0.478203871875 0.3847066984375 0.4735424390625 0.388131190625 0.467901703125 0.389249915625 0.46283832968749994 0.39228399375 0.45912892968749996 0.3915276484375 0.45565116406249995 0.38015283593750004 0.44239583437499996 0.3745521046875 0.439812221875 0.367041290625 0.43930131093749997 0.36137053125 0.43769188124999997 0.3469074046875 0.4394001546875 0.3404435734375 0.44532361875 0.3349041765625 0.45938628125000003
0 0.56810218125 0.502559565625 0.5677608578125 0.5108571562499999 0.56555335 0.5138870109375 0.5560908421875 0.5173971671875 0.5464897203125 0.5228556906249999 0.540421653125 0.52415178125 0.525426503125 0.531931671875 0.5229712140625 0.5349444953125 0.5224340875 0.54249441875 0.5238393593749999 0.547241003125 0.5267313265625 0.552089771875 0.5324182093750001 0.5561516890625 0.5351091625 0.5568261156250001 0.5411945593749999 0.5552864765625001 0.54973524375 0.550734015625 0.56922513125 0.54277358125 0.5764922515625 0.538623059375 0.579517621875 0.5380967859375 0.586126328125 0.5432010093749999 0.589843065625 0.543456465625 0.595571509375 0.5399344 0.5969836875000001 0.5375840921874999 0.6016863484375 0.534480996875 0.61178824375 0.5324832078124999 0.6138172749999999 0.5284621390625001 0.6137028953125 0.52307006875 0.60730901875 0.5079464015624999 0.602273640625 0.50172663125 0.5996987625 0.4959207109375 0.5954985765624999 0.491960975 0.5895344671875 0.49179579218749997 0.573335059375 0.49900343906250005 0.56810218125 0.502559565625
1 0.333653653125 0.4994299921875 0.3313049765625 0.5073477953125 0.332400834375 0.5167217515625 0.3359971390625 0.5230828859375001 0.3407439671875 0.527563775 0.349328828125 0.53156948125 0.355132646875 0.5319611796875 0.366929075 0.5266389 0.37272228125 0.5201772515624999 0.3756691671875 0.5145024546875 0.3761402859375 0.5045000421875 0.37375274531249997 0.498954696875 0.3674159921875 0.49191913749999994 0.364529075 0.4897664046875 0.3581094 0.4873752484375 0.35208853281249997 0.4864794265625 0.3397344890625 0.492498284375 0.333653653125 0.4994299921875
0 0.5011169062499999 0.4599562890625 0.49122298906250006 0.45757025156250003 0.4850029703125 0.46008407343749996 0.4806339171875 0.4683527234375 0.48045881250000005 0.4707881828125 0.48125033437500003 0.47377885624999994 0.4847613703125 0.47744395468749995 0.49938336406249995 0.4840673328125 0.50121155625 0.4866390359375 0.5011117578125 0.491526984375 0.5021536921875 0.4945346875 0.5162223296875 0.50185464375 0.5199785140625 0.5021101 0.522500146875 0.5020368578125 0.5243580953125 0.5006947937499999 0.5294433625 0.4929643265625 0.5373952109375 0.476863025 0.5374424765625 0.4727057140625 0.53078114375 0.46735794531249997 0.5233738406249999 0.46538575781249997 0.519507328125 0.46316490468750005 0.5159840453125 0.463170025 0.5126989296875 0.46686239531249996 0.50441255 0.4631172640625 0.5011169062499999 0.4599562890625
1 0.488507428125 0.5915102609375 0.49443600625000006 0.5982682140625 0.4971418640625 0.599916825 0.5061464703125 0.59978225 0.512974584375 0.59778958125 0.5148541921875001 0.5966910640624999 0.5172041390625 0.5926870265625 0.5193233578124999 0.581325521875 0.518021390625 0.5780572421875 0.5145429296875 0.57293086875 0.5085660796875 0.570330225 0.5000908390625 0.5702553140625 0.4935542328125 0.571777921875 0.48905105468750004 0.5771069921875001 0.486558040625 0.583059396875 0.488507428125 0.5915102609375
0 0.3962183921875 0.545413971875 0.3992093296875 0.546105428125 0.40495135312499997 0.5438010921875 0.4082650109375 0.5435353953125001 0.43452740156249997 0.5448194640625 0.4408619640625 0.541331459375 0.44102067343750007 0.5391395453125 0.439883196875 0.537349571875 0.4359540609375 0.5356158109375 0.4115274953125 0.5334767703125001 0.3986255484375 0.5296686390625001 0.3963611953125 0.5329420390624999 0.3954036359375 0.5426668453125 0.3962183921875 0.545413971875
0 0.32645889375000003 0.6479708468750001 0.3250694609375 0.6498340625 0.3241501765625 0.655645103125 0.325067746875 0.660357628125 0.33312215625 0.66886041875 0.334272465625 0.6720795093749999 0.324964834375 0.7212900765625 0.32283442500000004 0.7404791125 0.3247394703125 0.7489299765624999 0.328563496875 0.751637921875 0.33774079375 0.7532422296875 0.342576740625 0.752348078125 0.347302571875 0.749488528125 0.3543545984375 0.7387111765625 0.3644352984375 0.6892270546875 0.36609384375 0.6766137578125 0.380841096875 0.6670949859374999 0.383992221875 0.6616807640625 0.3840568734375 0.6572799078125 0.381604803125 0.6529522921875001 0.37635113593749997 0.64916798125 0.3670986796875 0.6451111843749999 0.3569566375 0.6429516625 0.33864225000000003 0.642682628125 0.3322193765625 0.6446923265625 0.32645889375000003 0.6479708468750001
0 0.4318289234375 0.4918048171875 0.4195937578125 0.49634536875 0.41638297187499995 0.4961239734375 0.4026486328125 0.5008058890625 0.3834461171875 0.5056002281249999 0.3749157046875 0.510396234375 0.3740365875 0.5122935109375 0.37376544843750004 0.5196169187499999 0.37890548281249997 0.5241318671874999 0.3855394953125 0.5250787796874999 0.4350363234375 0.51307334375 0.450781071875 0.5080405796874999 0.453446078125 0.5089585515625 0.459418609375 0.5157335359374999 0.46548957187499995 0.5176205703125001 0.47190595156250004 0.5146366875 0.4746400421875 0.5145804765624999 0.48093033125 0.5098747421875001 0.48500296406250004 0.50844240625 0.48602713125 0.49749987031250004 0.4822100609375 0.48132877812499997 0.47989047031250004 0.4755398890625 0.472653671875 0.47259351718750003 0.45374475781249995 0.473247575 0.45014882343749996 0.47495751718749996 0.44672909687500006 0.48818223906249997 0.4318289234375 0.4918048171875
0 0.5506208609375001 0.3995073671875 0.5481842828125 0.40227664374999994 0.5461338828125 0.40311458437500003 0.5457754375 0.411655721875 0.5210320921875 0.423659375 0.5158021890625 0.42721550312499995 0.5120356140625 0.427690684375 0.5029006 0.4336703609375 0.4936911140625 0.43719754687499995 0.4869978828125 0.44383461874999997 0.48673813125 0.4474878078125 0.4892249609375 0.4545114578125 0.4905895953125 0.4563184609375 0.494465278125 0.45780867656249996 0.500990546875 0.45703373750000004 0.509843284375 0.4515241234375 0.5256992578124999 0.445517175 0.5288787593750001 0.4427989890625 0.5339528109375 0.441434775 0.5392519796874999 0.43690446562499996 0.5531268203125 0.43076127499999994 0.557336728125 0.4310507921875 0.5596746125000001 0.4331694625 0.5628939546875 0.43339085781250003 0.5682156468749999 0.43204367499999996 0.580886909375 0.425328240625 0.5799084531250001 0.4215899 0.5812107234375 0.4172741953125 0.5795811328125 0.41569370625 0.5737433296875001 0.40330013593749997 0.5693152046875001 0.399079825 0.5680198390625 0.3962986375 0.5654343140625 0.39416293593749996 0.5596519718749999 0.39498896562499997 0.5506208609375001 0.3995073671875