1 0.41270253593749995 0.77256115625 0.4140636609375 0.7805952656249999 0.417861559375 0.7883426640625 0.42181408437499995 0.790959628125 0.427454028125 0.79232625 0.43622470937499996 0.7911964453125 0.4410556484375 0.7881819875 0.4431844046875 0.784237984375 0.4415962203125 0.7771845500000001 0.442003471875 0.7725380625 0.4428989296875 0.7678830546875 0.4461970734375 0.76098850625 0.4456918234375 0.7600206140625 0.43636476249999995 0.7572532843750001 0.4322363078125 0.7585462359374999 0.42953838749999995 0.7578607953125001 0.423482671875 0.760652453125 0.418664515625 0.764399221875 0.41411176562499996 0.769362246875 0.41270253593749995 0.77256115625
0 0.4421538359375 0.7671635265625001 0.4399441234375 0.7664695640625 0.4359660328125 0.762387978125 0.43256988906249993 0.763668146875 0.429593778125 0.7610341390625 0.42423202499999996 0.7616160843750001 0.41436013125000004 0.7696020890625 0.4135200640625 0.7774304437499999 0.41558367343749997 0.7837430453125 0.4190863375 0.7885654625 0.42766830625 0.7906132640625 0.4315015265625 0.7863953328125 0.43594651874999996 0.7892478781250001 0.4400749734375 0.7879549265625 0.4454708140625 0.789325809375 0.4516756609375 0.7950777703125 0.443268940625 0.845036784375 0.4433754625 0.8511393703125 0.445203490625 0.857944440625 0.449421421875 0.8617776625 0.452359184375 0.8622147390625001 0.45817079843749997 0.859427340625 0.46391423749999994 0.8527342875 0.4666730453125 0.8429190203125 0.472461565625 0.8108306875 0.47546021562499996 0.8007670546875 0.4858586640625 0.7949694593750001 0.490844228125 0.78682456875 0.4924336484375 0.779959846875 0.49117175937499996 0.763621959375 0.489112409375 0.757553459375 0.4841238203125 0.7515360906249999 0.47991867031249996 0.7484351796875 0.46156404375 0.7460696062500001 0.45913153125 0.7466004203125001 0.4519149484375 0.7528308328125 0.4421538359375 0.7671635265625001
1 0.44512593906250003 0.5737228187500001 0.4467013421875 0.58004394375 0.4502253109375 0.5860868781249999 0.4625199609375 0.5910000078125 0.46783058437499997 0.587488821875 0.47380534531249996 0.580059196875 0.4766067609375 0.5726849640625 0.47581906093750004 0.5695244015625 0.47351986874999996 0.563704265625 0.4695673453125 0.5610873015625 0.455880509375 0.5603494953125 0.4529683109375 0.5613770390624999 0.44839851875000003 0.56536365 0.4462655 0.56906355 0.44512593906250003 0.5737228187500001
1 0.5606994390625 0.6061345484375 0.5639366953125 0.6097407078125 0.5765990140625 0.621728578125 0.5912324375 0.6207406171875001 0.6024058046875 0.6173712734375 0.6064277375 0.6099757359375 0.607083353125 0.6055690921875 0.60897226875 0.601873453125 0.6099797437500001 0.5896469765625 0.608720878125 0.5874713500000001 0.5938105 0.5725925875 0.5898963234375 0.5721725531249999 0.5728516906250001 0.574911846875 0.5646416515625 0.5801828875 0.55908995 0.5978605953125 0.5591751656249999 0.6027426640625 0.5606994390625 0.6061345484375
0 0.5136870109375 0.8364822984375 0.5103377359375 0.8404476046875 0.49133904062499995 0.8571391421874999 0.48915063124999997 0.8576656968749999 0.47860731406249996 0.855163775 0.47056894375 0.856280796875 0.46841888125000003 0.8590042828125 0.4673048859375 0.8651281718750001 0.4684346890625 0.8738988531249999 0.4732430890625 0.8835820343749999 0.47650591093749994 0.888652815625 0.47873266875000003 0.8903231921874999 0.4815285875 0.8966230124999999 0.48424781250000004 0.8985289703125 0.4852710953125 0.901197065625 0.49120627343749995 0.9054886671875 0.4985762453125 0.9080459796874999 0.5002849703125001 0.9080161531250001 0.5058396968750001 0.90450070625 0.50888095625 0.896878109375 0.509721021875 0.8890497546875 0.512042753125 0.88217225 0.5231223828125 0.87343263125 0.53320429375 0.8634895374999999 0.5416413921875 0.8572378234375 0.55317088125 0.8462927515625 0.5616079796875 0.8400410359375 0.566130903125 0.8333692859375 0.567274725 0.8289541203124999 0.5669539265625 0.8245645187499999 0.56317733125 0.8180376390624999 0.5567028171875 0.8108253171875001 0.5540006359375 0.8098957734375001 0.5452171734375 0.8102932671874999 0.5324458640625 0.8200391249999999 0.5262142171875 0.8267407 0.5136870109375 0.8364822984375
1 0.33277030937499996 0.47386184531250003 0.33338634218749996 0.48117642656250004 0.337419821875 0.48843135625 0.343123678125 0.4934595296875 0.3492944375 0.49725866406249997 0.363696540625 0.4970072734375 0.3680477953125 0.49448954375 0.379482309375 0.492092353125 0.38141383281249996 0.49083775 0.3828358453125 0.48837115000000003 0.38226668125 0.48374170625 0.3850936625 0.47783209375 0.3857364953125 0.47269313906250005 0.388353459375 0.4687406140625 0.38731739374999996 0.465340209375 0.3751390234375 0.45309971562499995 0.3694862953125 0.451000784375 0.36216319218750004 0.451128609375 0.356527509375 0.4500060921875 0.3426604828125 0.45293409687499997 0.33691278125 0.45938304687500003 0.33277030937499996 0.47386184531250003
0 0.5680665125 0.49661429375 0.568455484375 0.50490955 0.5665580484375 0.5081169812499999 0.5575986546875 0.5124243921875 0.5486733484374999 0.518684628125 0.5428446921875001 0.5204956125 0.5288400828125 0.529530465625 0.5266985421875 0.5327421578125 0.526830628125 0.5403093640625001 0.528620309375 0.5449175046875 0.531874609375 0.549500078125 0.5377970046875 0.5530593703125 0.5404906640625 0.5535007078125 0.546315059375 0.5514456203125 0.5542809953125001 0.546178840625 0.5726709453125001 0.5365790859375 0.5794248859375 0.5318218156250001 0.5823413453125 0.5310383765625 0.589257196875 0.5355570375 0.5929187484375 0.535493125 0.5982208515624999 0.53149373125 0.599398759375 0.5290313921875 0.6037329703125 0.52553725 0.6134502375 0.522681678125 0.615086528125 0.51850209375 0.6145045828125 0.5131403390625 0.6069258296875 0.49862195781249996 0.60145329375 0.49285721406249994 0.5984260531250001 0.487293965625 0.593968278125 0.483709109375 0.58811405625 0.484055471875 0.5728804078125 0.492623421875 0.5680665125 0.49661429375
1 0.3349337078125 0.51386924375 0.3333655921875 0.5219544843749999 0.335236228125 0.5312005890625 0.3392484046875 0.5372350015625 0.3442029078125 0.54129954375 0.3528061796875 0.5445678625 0.35842055781250004 0.5444698625 0.3692986921875 0.5381755390625 0.3743055609375 0.5312511640625 0.3766443359375 0.5253500734375 0.3762255375 0.5153460937500001 0.3734466609375 0.5100226875 0.366740825 0.5035469359375 0.363777496875 0.5016452390625 0.3573967203125 0.49980319375000004 0.3515297171875 0.49941724687500005 0.340176159375 0.5064524031250001 0.3349337078125 0.51386924375
0 0.49783660156250004 0.4599926 0.4880426375 0.4584543109375 0.4822352859375 0.4614858125 0.4787228625 0.47009334531249997 0.47876547187499996 0.4725343796875 0.479793015625 0.47544657656249995 0.48351421875 0.4788001125 0.49825842500000006 0.484158840625 0.5002538609375 0.48656578906250003 0.50058318125 0.49144359687500005 0.501854828125 0.49435153437499996 0.516123609375 0.5004510953125 0.5197851609375 0.5003871828124999 0.522221934375 0.5001004703125 0.52390509375 0.49860602343749993 0.5281583484375 0.490473915625 0.534459403125 0.4737598390625 0.534142865625 0.469614340625 0.527222753125 0.46485157499999996 0.5198740843749999 0.4635147796875 0.5159343421875 0.4616301265625 0.5125211546874999 0.46193388124999996 0.5096600875 0.46589066562500003 0.5013051796875 0.462862190625 0.49783660156250004 0.4599926
1 0.497212475 0.5921036921875 0.50342584375 0.5983438609375 0.5061365453125 0.5997616125 0.514667384375 0.598880171875 0.520971465625 0.59632835625 0.522658884375 0.5950780124999999 0.524539278125 0.5908941671875 0.5255595359375 0.5794000015625 0.524039525 0.576252221875 0.52029275625 0.571434065625 0.514395925 0.5693393953125 0.506349034375 0.569968209375 0.5002805343750001 0.5720275578125 0.49647287812499996 0.5777101109375 0.49462657187500003 0.583846784375 0.497212475 0.5921036921875
0 0.4013218765625 0.5542206625 0.404259640625 0.554657740625 0.409583046875 0.5518788640625 0.41274786875 0.551335265625 0.43812610625000004 0.55040393125 0.44391641406250004 0.546396015625 0.44387806718749995 0.544199084375 0.4426277234375 0.542511665625 0.4386965046875 0.54111521875 0.41500994843749994 0.5410403125000001 0.4022654390625 0.5383326359375 0.4003722640625 0.5417841703125 0.40029859375 0.55155256875 0.4013218765625 0.5542206625
0 0.3407019046875 0.66247285 0.339515475 0.66444698125 0.339129528125 0.6703139859375 0.3404310015625 0.674930646875 0.34899104687500004 0.682717009375 0.35038829531250004 0.6858261531250001 0.345641709375 0.7356399687499999 0.34524600625 0.7549369234375 0.3478319078125 0.76319383125 0.351780171875 0.7655666921875001 0.3608290421875 0.76638545625 0.365445703125 0.7650839828125 0.369784175 0.7618339421875 0.3756907625 0.7504986625 0.38116397968750004 0.7003466765625 0.381674725 0.6876405140624999 0.3951613015625 0.676905459375 0.397748440625 0.6712442109375 0.3974276421875 0.666854609375 0.3946700703125 0.6627517203125 0.38924014218749997 0.6594280109375 0.379904559375 0.656172475 0.369870753125 0.6548825484374999 0.3520682453125 0.656170003125 0.34600826875 0.658717559375 0.3407019046875 0.66247285
0 0.43134728125 0.49777984843749995 0.4197240546875 0.50335464375 0.41655070937499994 0.5034100359375 0.40346712343749996 0.5092545 0.3850217828125 0.515680909375 0.3770601078125 0.52119179375 0.376361884375 0.523157403125 0.37673381250000004 0.5304762453125 0.38217652343749997 0.534532265625 0.3887758375 0.5349054296875 0.43635167968750005 0.5186917875 0.451379571875 0.5123250296874999 0.45407749218750004 0.5130104703125 0.4605349625 0.519246378125 0.46666311406250005 0.520604478125 0.4727060484375 0.517080509375 0.475386925 0.5167895359375 0.4811559296875 0.5115611046875 0.485031759375 0.50978420625 0.48508412500000003 0.49879529062500005 0.4799251015625 0.48301378437500003 0.4771419640625 0.47744627343749996 0.46977625312500004 0.47513306406250005 0.45125847812500003 0.477409715625 0.44787511718750006 0.47942219531249997 0.445668428125 0.49289049374999994 0.43134728125 0.49777984843749995
0 0.5413954515625 0.39550186875 0.53924965 0.3984694578125 0.5373138671875 0.3994799578125 0.5377071 0.4080193171875 0.5145117765625 0.42209815156249997 0.5096978812499999 0.4260890234375 0.5060491109374999 0.42688524531249994 0.49762053437500003 0.43362516875 0.48890524375 0.43792831718749997 0.4829262234375 0.4451138375 0.48299013593750006 0.44877538906250003 0.4860386796875 0.45555915625 0.48753312656250003 0.45724231406250004 0.49146008593749996 0.45839465781250005 0.497785471875 0.45706335937500003 0.5059784671875 0.4508159046875 0.520989315625 0.4434727328125 0.523867428125 0.44049236093750005 0.5287196703125 0.43869842031250006 0.533516521875 0.433731134375 0.54657454375 0.42642205000000005 0.5507243015625 0.42634961562499996 0.5531994234375001 0.42825983437500004 0.55637276875 0.42820444375 0.5614691140625 0.4264062421875 0.573298096875 0.418630253125 0.5720136671875 0.41499000625000004 0.5729133859375 0.4105791015625 0.571179096875 0.40914430625 0.5643795218750001 0.3972982796875 0.559673384375 0.39347358125 0.55816189375 0.39081400781250003 0.55544266875 0.38890805 0.5498495937500001 0.3902265671875 0.5413954515625 0.39550186875