1 0.5845666031250001 0.22895041093750002 0.5783752265625 0.23594590625 0.5750321578124999 0.24477750468749998 0.5758768125 0.25403251875 0.5774964125000001 0.256280275 0.6020500796875 0.256678853125 0.6058824453125 0.2546846203125 0.6106756359375 0.24343929531250003 0.6094633265625 0.23694562656249998 0.606658753125 0.2318986265625 0.6023685234375 0.2290235890625 0.5938154015625 0.2269679375 0.5845666031250001 0.22895041093750002
1 0.6770459234375 0.4734698703125 0.6706375953125 0.4684150296875 0.6671057796875 0.4671643890625 0.65678610625 0.46879924375000004 0.6516597187500001 0.47072159999999996 0.64898389375 0.47354698125 0.64582615 0.48186107343750006 0.6459517531250001 0.48973345312500005 0.6504146468750001 0.49381731562500003 0.6536461171875 0.5000391609375 0.65566254375 0.50149366875 0.6600626359375 0.501641340625 0.67680701875 0.49815600312499997 0.6799524781249999 0.495020903125 0.6823170296875001 0.4865669796875 0.6823648109375 0.481629753125 0.6770459234375 0.4734698703125
1 0.52201964375 0.4706314671875 0.5235776890625 0.46573213750000003 0.5221167703125 0.4590306828125 0.5165831109375 0.4501794828125 0.512457146875 0.4406408875 0.50398169375 0.42701843124999994 0.5000473296875 0.4258357453125 0.49487823750000004 0.4265492796875 0.47997900781249997 0.424168228125 0.4655295 0.42493011875000003 0.46342194531249997 0.42423488125000003 0.459587371875 0.4255038203125 0.45620650625000003 0.42818937031250004 0.4546870453125 0.43160413281250004 0.44210160781249996 0.44714764531249995 0.44153214375000005 0.4501847328125 0.43582019843750003 0.457629778125 0.43696179375 0.4656080125 0.44839766875000003 0.4911488140625 0.45438902968750006 0.4996902921875 0.4618040484375 0.500639053125 0.474565121875 0.5003567734375001 0.4912219734375 0.5027417453125 0.500329421875 0.501484565625 0.50889534375 0.4911801609375 0.5108033171875 0.4869721484375 0.52201964375 0.4706314671875
1 0.4797582078125 0.6047755890625 0.478672340625 0.5990072140625 0.47513823750000006 0.5938203828125 0.4702350578125 0.582657390625 0.46616943125 0.57729675 0.4618783125 0.57739084375 0.45627985625 0.5754449671875 0.4386187515625 0.5758892953125 0.4318055765625 0.5778077328125 0.4246192625 0.5876665062499999 0.42062209531250006 0.598568134375 0.42050934843750004 0.6012955015625 0.421979096875 0.6097232859374999 0.42759231875000003 0.62054258125 0.4365812578125 0.6284345609375 0.44505477656250003 0.6292474109375 0.4575013046875 0.6295166156249999 0.4650983421875 0.6260116796874999 0.46684056093750004 0.6240475046875 0.46723651874999994 0.6215279234375 0.4784038953125 0.6076728453125 0.4797582078125 0.6047755890625
1 0.7409162953124999 0.4842486359375 0.7359138187500001 0.4740866796875 0.7261285796875 0.465813103125 0.7174660171875 0.461823334375 0.703764809375 0.46320858437499995 0.6920383343750001 0.4677746734375 0.6870733718750001 0.471906890625 0.682739415625 0.47866454062499997 0.6809843984375 0.4875340375 0.67728144375 0.496917121875 0.677238575 0.50012801875 0.6806267 0.504347790625 0.6891070640625 0.5105813968749999 0.6928475328125 0.5154924859375 0.7000926828125 0.5201696499999999 0.7033843484375 0.52021146875 0.7250943375000001 0.514769796875 0.7326114453125 0.509055 0.7388625249999999 0.4998156671875 0.7409162953124999 0.4842486359375
1 0.6540284875 0.3425954703125 0.6494349390624999 0.3395126453125 0.6412501984375 0.338390075 0.6367553796875 0.3394852046875 0.628883275 0.343991178125 0.6243678906250001 0.35371796093749996 0.6243116734374999 0.3621078484375 0.62535379375 0.3656663625 0.636459209375 0.3725612265625 0.639356571875 0.37291276406249996 0.6428723484375001 0.37219531093749997 0.652920559375 0.36665824375 0.656666696875 0.36048605624999996 0.657595003125 0.3509931984375 0.6566282984375 0.3461918828125 0.6540284875 0.3425954703125
0 0.34456703593750004 0.6769077515624999 0.3631706515625 0.6494315187499999 0.382011721875 0.6253739671874999 0.3836685890625 0.6211999328125 0.3903146328125 0.6116508796875 0.40092973125000003 0.5983472843750001 0.4021687328125 0.5929984046875 0.399274184375 0.58674258125 0.3915403625 0.58164984375 0.387932128125 0.5809167093750001 0.383652659375 0.58249536875 0.377677853125 0.5897326281249999 0.3722243828125 0.598870028125 0.363016759375 0.6097598953125 0.359461590625 0.6164156125 0.34624644375 0.6325445875 0.326626684375 0.6599149671875 0.3235358109375 0.662808303125 0.3197816578125 0.664560771875 0.31158751875 0.661504084375 0.30699365625 0.6626331921874999 0.303917375 0.6743999453125 0.300301184375 0.677119471875 0.297060409375 0.684224740625 0.2971943921875 0.6869181296875 0.29873187031250004 0.6889241234375 0.3124471375 0.699105678125 0.32942971249999997 0.7058763921875 0.3337781640625 0.7047812625 0.34252547187500004 0.6959274453125001 0.351088390625 0.6910437953125 0.35071297343749996 0.6866580546875001 0.34438264531249996 0.6808779203124999 0.34456703593750004 0.6769077515624999
1 0.6901309546875 0.5135165515625 0.678315540625 0.5099345171875 0.676518609375 0.5099305968750001 0.672991396875 0.512132615625 0.6618234828125 0.52350209375 0.6608835281250001 0.5258478640625001 0.6623295125 0.5374865453125001 0.6659111375 0.542673378125 0.6815326203125001 0.5477138390625 0.6865656640625 0.547034284375 0.6886890640625001 0.545761425 0.6962155046875 0.5393213343750001 0.7006513828125 0.5328054484375 0.6998066453125 0.5252767656249999 0.6965514875000001 0.51881315625 0.6901309546875 0.5135165515625
0 0.6455436406249999 0.63049538125 0.6511567203124999 0.6400718750000001 0.6525543609375 0.641110809375 0.656333946875 0.6413264359374999 0.6577395359375 0.638912709375 0.66234445 0.6150995406249999 0.6639990953125 0.61092550625 0.667259365625 0.5934622546874999 0.6676276515625 0.58552191875 0.6665135140625 0.582964440625 0.6638560109375 0.58185363125 0.6571963609375 0.585981928125 0.6484038203125 0.5891732234375 0.640947978125 0.5894672640625 0.6140775359374999 0.5850567 0.5834354546875 0.5769778484375 0.5596093484375 0.57288484375 0.5552283124999999 0.575464540625 0.552247571875 0.593135578125 0.552588040625 0.59727955625 0.5544718734375 0.5999768640625 0.5578262078125 0.6024703078125 0.5633862953125 0.6046579484375 0.5766817515625 0.6067593375 0.579687671875 0.6085614640625 0.6095984765625 0.61501591875 0.6195660953125001 0.618318290625 0.6375486125000001 0.6217421953125 0.6455436406249999 0.63049538125
0 0.34225112343749997 0.3197572921875 0.3755403453125 0.294937853125 0.390027259375 0.2823334140625 0.39235430312499997 0.2775739171875 0.39170214531249997 0.2712540578125 0.3900591328125 0.2685227703125 0.3820047921875 0.26125414999999996 0.37424531875 0.263066734375 0.3236241328125 0.301623640625 0.32053336093749996 0.3027906453125 0.3157995765625 0.30122636406250003 0.311272996875 0.3011126703125 0.3056519609375 0.30386225625 0.29689765156250003 0.3109897421875 0.29531175625 0.3139209765625 0.29708891875 0.3193456515625 0.30919301093749996 0.3356693375 0.319105534375 0.343667171875 0.3217354125 0.3445362171875 0.326089325 0.3434410875 0.3296024734375 0.341722596875 0.3349127015625 0.3367971296875 0.3378852609375 0.32603141406249997 0.34225112343749997 0.3197572921875
0 0.5628856921875001 0.66628441875 0.5357618234375 0.6579036859375 0.526872240625 0.6561577562500001 0.518332746875 0.656829471875 0.5172622812500001 0.6582081843750001 0.5182506124999999 0.661524934375 0.5241819390625 0.6656466937500001 0.5424552703125001 0.6707969296875 0.5578794125 0.6773219578125 0.5633825546875 0.6819952015624999 0.56776540625 0.6789319765624999 0.5703075921874999 0.6719286421875 0.569432365625 0.665884525 0.5628856921875001 0.66628441875
0 0.45192742968750005 0.3650626546875 0.45779193749999997 0.3630157 0.467310303125 0.36268028750000003 0.470843509375 0.36120356249999996 0.474311896875 0.35751697656250003 0.476143978125 0.3510991046875 0.4771810515625 0.340846975 0.474953446875 0.3216796109375 0.47352349531250004 0.3203989109375 0.47037654843750004 0.3210823875 0.46227438125000003 0.3185092296875 0.456344253125 0.3136621765625 0.448375690625 0.3137824078125 0.44504884218749996 0.316709721875 0.441744484375 0.325057790625 0.43796655937500006 0.3265684953125 0.4136097921875 0.325512578125 0.40969826249999997 0.3243298921875 0.40099554375 0.32455205781249996 0.35766978437499997 0.31996638125 0.3497316453125 0.3220547078125 0.34773156875 0.3255374265625 0.34973429375 0.33610711718749997 0.35237989999999997 0.3406705875 0.3553813421875 0.3424727140625 0.370962634375 0.34499359531249996 0.437073675 0.3501137609375 0.43919941875 0.35277709218750003 0.4407933984375 0.358719275 0.4433014328125 0.3623156875 0.447977540625 0.365364534375 0.45192742968750005 0.3650626546875
1 0.31071241875 0.5755273390625 0.30980323125 0.5692414578125 0.3077199046875 0.5636089953125001 0.3027597328125 0.5573832296875 0.2968002640625 0.5530197046875001 0.2936396328125 0.552218615625 0.27423606093749997 0.5531425546875 0.26883205781249997 0.5543735953125 0.261102640625 0.5623322296875 0.2555735578125 0.571469628125 0.25746590468749997 0.5827985906250001 0.261212934375 0.5911623406250001 0.2701850875 0.59881255625 0.27899046875 0.6018012875000001 0.2885853328125 0.6014771890625 0.29822323281249996 0.5979421953124999 0.3032775484375 0.5942935078125 0.306306371875 0.590674878125 0.310237653125 0.5810160515625 0.31071241875 0.5755273390625
0 0.438539078125 0.5515808375 0.4432014609375 0.550935259375 0.450076321875 0.54825755 0.46365360781250003 0.541693309375 0.46867279999999994 0.5382863859375 0.4697007765625 0.5332132484375001 0.469148984375 0.5293450140625 0.46036671562500003 0.50812591875 0.457464496875 0.50532275625 0.4527914984375 0.4953685859375 0.446526790625 0.4917983125 0.442075309375 0.4921681484375 0.4167803859375 0.5042995140625 0.4157020046875 0.5160362093749999 0.41447108281249995 0.5179324296875001 0.39576716562500003 0.5289046296875 0.3695596625 0.5416554375 0.365065734375 0.5452361703124999 0.36389980781250003 0.5493422484375 0.3659119984375 0.5581856078125 0.369964228125 0.5637880125 0.3764013703125 0.5685671109375 0.3831648125 0.56861676875 0.39225215 0.5639069296875 0.4040002953125 0.5603078984375001 0.41891594374999996 0.5508464015625 0.4289503484375 0.5457588859375 0.43073704218750003 0.5460045703125 0.438539078125 0.5515808375
0 0.2715858078125 0.5525492515625 0.284335071875 0.5525087359375 0.28896044062500004 0.5516213921875 0.2968046125 0.5522604328125 0.30047945625 0.553477096875 0.303882528125 0.5510333125 0.3190843375 0.5506530187500001 0.3284040140625 0.5493618625 0.3328610171875 0.545539365625 0.334030284375 0.53970695625 0.331023590625 0.522126090625 0.32770138437499996 0.5198744125 0.2708566625 0.5193673765625 0.266097396875 0.51756133125 0.262227675 0.5097150874999999 0.2563455390625 0.508804225 0.23329558281249999 0.5102718078125 0.2306322484375 0.510887328125 0.2270183890625 0.51360685625 0.22561182343750003 0.5160205828125 0.22475674687499997 0.52230254375 0.224226471875 0.5396338046875 0.224352415625 0.5457798546875 0.22591144062500002 0.553206603125 0.22747842187499998 0.557180690625 0.22985407656249998 0.5598100453125 0.236889571875 0.5617938203125 0.2538771015625 0.5616592109375 0.257517475 0.562634109375 0.2617252484375 0.5605719203125 0.26801039375 0.5537842125 0.2715858078125 0.5525492515625
1 0.4286632109375 0.556184825 0.4233007203125 0.5546884984375 0.41735890624999994 0.5545029296874999 0.41043974062500005 0.5564213671875 0.40484824843749995 0.560379775 0.40061578124999997 0.5683462484375 0.40006781093750005 0.5716251 0.4069501765625 0.5852436375 0.41497619375 0.5873672437499999 0.42300629843750004 0.5877645203124999 0.42596152812500004 0.58687325625 0.433251459375 0.58046714375 0.43791330781250004 0.573675515625 0.43591634375000005 0.5653156859374999 0.43153938125 0.5582626921875 0.4286632109375 0.556184825
0 0.6336820125 0.5445669921875 0.638776284375 0.5468225906249999 0.6466912406249999 0.5459770640625 0.6646110390625 0.5378341640625 0.665496246875 0.535246628125 0.662949775 0.526229459375 0.6632040203125 0.522742821875 0.658467825 0.5177258796875 0.6561409890625 0.5049803078124999 0.6581190609375 0.5012558234375 0.661393665625 0.4995713109375 0.671968234375 0.4892368484375 0.67435763125 0.490139871875 0.6784402359375 0.48883695468750005 0.678806296875 0.48262295 0.6765020921875 0.475298134375 0.6721159859375 0.47097250781250005 0.66750625 0.472101615625 0.6638203234375 0.469158621875 0.65520119375 0.4703478453125 0.6528464078125 0.4696865859375 0.6512690078125 0.467438828125 0.6492297 0.467227121875 0.6471983812500001 0.46356275468749997 0.6455876968750001 0.4452944921875 0.64320229375 0.44266513906249993 0.64084750625 0.44200388124999995 0.6314895968750001 0.4432950375 0.6066052734375 0.4519057875 0.597597453125 0.4538882609375 0.594815371875 0.45550481718749997 0.5932259921874999 0.4584360515625 0.5942256796875001 0.46717355781250003 0.601323321875 0.4851778359375 0.6022351515625 0.486284725 0.605855853125 0.48701785937500003 0.6089534140625 0.4858508546875 0.6126433328124999 0.48706751718749997 0.6145016046875 0.4895230625 0.61617085625 0.4976751046875 0.6268918640625001 0.5304649265625 0.6336820125 0.5445669921875
1 0.6155934359375 0.2666526234375 0.6066340593749999 0.2572760765625 0.6022726125 0.25516031093749997 0.5934717890625001 0.253897909375 0.5782000093749999 0.2569715921875 0.573970240625 0.2592755453125 0.568877859375 0.26613512968749997 0.5639131234375 0.27914076250000003 0.5611156734375 0.2913570671875 0.561387090625 0.29674384531250003 0.5630142359375 0.29923336875 0.58054870625 0.31532705 0.5878271875000001 0.314825221875 0.6057633984375 0.3108942546875 0.6089988765625 0.3087262125 0.610603178125 0.305794978125 0.617825221875 0.2838518921875 0.618163815625 0.27566979062499997 0.6155934359375 0.2666526234375
0 0.5234425609375 0.7644591843749999 0.5339114265625 0.757853125 0.5387858609375 0.7564482734375 0.5465860328125001 0.7506995 0.547620940625 0.7490790234375 0.5473800437499999 0.745660340625 0.5382865640625 0.7266850828125 0.534416084375 0.7245013609375001 0.5282268171875 0.7255925703125 0.52488926875 0.7235826578125 0.5214198296875 0.717153025 0.51979815625 0.7112108421875 0.514380021875 0.7018421359375 0.5100116015625 0.69972636875 0.5021495218750001 0.701538953125 0.49442336875 0.7060449265625001 0.49363339375 0.70935775625 0.4945740984375 0.71761173125 0.49690769375 0.7232102171875 0.5024348375 0.7315778875000001 0.5029596953125 0.7352043562499999 0.5007418421875001 0.7409309125 0.498174084375 0.7442398234375001 0.4985939703125 0.7471409984374999 0.5085393328125 0.7667396171874999 0.5120208796875 0.7679902578125 0.5234425609375 0.7644591843749999
0 0.8265837171875001 0.539928975 0.8268458828125 0.5329896765625 0.835991084375 0.5161955234375 0.8426703296875001 0.501467478125 0.845598071875 0.49736531875 0.8575405984375 0.47204928749999997 0.8575605578125 0.463417634375 0.854268175 0.45795506093749994 0.8496330234375 0.4553897421875 0.8389507500000001 0.45267283437500005 0.834519209375 0.453284434375 0.8275485187499999 0.45720494375 0.8198272609374999 0.46640637968750004 0.8150217734374999 0.476684646875 0.8114246421875 0.48137226875000005 0.8084197124999999 0.488443559375 0.804503190625 0.49440796093749995 0.8023446484375001 0.50037628125 0.7979357328125001 0.5064086375 0.792452871875 0.5207250296875 0.79047930625 0.5227231812500001 0.7770729015625 0.52728535 0.772775771875 0.530590340625 0.7707636156250001 0.534073059375 0.77197863125 0.5408084921875 0.77464021875 0.5453719625 0.7846797203125 0.552368759375 0.79307303125 0.5566342703125 0.8154183749999999 0.5636585078125 0.8237158656249999 0.5637460640625 0.8296631781249999 0.56144603125 0.8319215328125 0.557929334375 0.8304297125 0.549259784375 0.8265837171875001 0.539928975