1 0.63251105625 0.5184287249999999 0.6310080874999999 0.520600090625 0.626845546875 0.5212599671875 0.6260024546875 0.5275938734375 0.6266964171875 0.5298035875 0.6252062328125 0.5312426421875001 0.6239218015625 0.5348828906249999 0.6237556296875 0.544402925 0.6263598109374999 0.549087759375 0.6420007109375 0.5623021968749999 0.6468657359375001 0.5633638265625 0.6566682203124999 0.5613373296875 0.6680077609375 0.5551866390625 0.6723407359375 0.544762625 0.673581321875 0.5296452546875 0.6695125187500001 0.5249348546875 0.65791911875 0.517651334375 0.654325740625 0.5136817671875 0.6462873703125 0.5125647453125 0.643028809375 0.5173914234375 0.6384164078125 0.515845846875 0.63251105625 0.5184287249999999
0 0.8158298421874999 0.6337061828125 0.7960702453125 0.63262874375 0.793595125 0.6345389640625 0.7915528203125 0.6396310484375001 0.7911254999999999 0.6501232359375 0.79322443125 0.6557759625 0.7956058140625 0.6592360203125 0.8002182140625 0.6607815968749999 0.8160508515625 0.663011378125 0.843103725 0.6659253656249999 0.8462301999999999 0.6686658953125 0.8464231734375 0.671599396875 0.8478409250000001 0.6743101 0.8505004984375001 0.675821590625 0.8575794984374999 0.6759451546874999 0.8680375984375001 0.6783253015625 0.8780543609375 0.6780117890625 0.881771303125 0.6749023578125 0.88479854375 0.6693391078125 0.8864037734375 0.6613092593750001 0.88628749375 0.6539818953125 0.8840339374999999 0.6431987359375 0.8797551171875 0.636531246875 0.8624876859375 0.6325671765624999 0.8510190859375 0.6321228125 0.84071135 0.635117203125 0.8199582968750001 0.634999134375 0.8158298421874999 0.6337061828125
0 0.5693700296875 0.6665192390625 0.5689286906250001 0.6638255796875 0.570907084375 0.6623950453125 0.59698656875 0.6511297296875 0.600724815625 0.6467997796875 0.600506278125 0.6453308984375 0.59980379375 0.6436093921875 0.597628165625 0.6423505265625 0.5937225109375001 0.6422823531249999 0.561805846875 0.6522248921875 0.5607825640625 0.6548929875 0.5656871734375 0.66767584375 0.5693700296875 0.6665192390625
0 0.5327479078125 0.7362032078125 0.529788840625 0.7378608015625 0.521270784375 0.7362470515624999 0.5180505703125 0.7388767984375 0.5173919312499999 0.7486324140625 0.515349625 0.7537245 0.514754896875 0.7598185640625 0.5166438125 0.763514203125 0.5248155046874999 0.770982175 0.5362031484374999 0.776064503125 0.544031503125 0.7752244359375 0.54825795625 0.7709030078125 0.551276675 0.765827965625 0.5559657703124999 0.76297968125 0.557717103125 0.760568471875 0.5561021171875 0.7551683703125 0.551793471875 0.75020960625 0.5513819609375 0.7458072234374999 0.5813025078125 0.6823549015625 0.5819185390625 0.67504031875 0.5771174265625 0.6703171375 0.5715328734375 0.6685104140625 0.5657723906250001 0.662793775 0.5654558515625 0.666939271875 0.56168351875 0.6732220484375 0.5558134890625 0.68777025625 0.5327479078125 0.7362032078125
1 0.49833431250000004 0.357615259375 0.4979879484375 0.36346948125 0.49964128125 0.3666726515625 0.5066137609375 0.3728988015625 0.5083054406249999 0.3739050421875 0.5124552 0.3739774765625 0.5227885 0.369518465625 0.5256696359374999 0.3583365765625 0.5254809234375 0.355158971875 0.5243157984375 0.35196432187500004 0.520718159375 0.3482388578125 0.5161270625000001 0.3454727640625 0.511506140625 0.3444153953125 0.50489404375 0.34552086875 0.5001623390625001 0.3508101890625 0.49833431250000004 0.357615259375
0 0.401063075 0.3766724984375 0.400279634375 0.37958895625 0.4022562359375 0.40623884062500004 0.40366120624999996 0.40968185312500005 0.408959046875 0.41392534999999997 0.41009434687499996 0.4188287234375 0.4133821796875 0.45429189531249997 0.41550667656250007 0.4584800015625 0.4203333546875 0.46173856406249997 0.42862435000000004 0.4623716390625 0.43254278749999997 0.46170750156249996 0.4374632046875 0.45959578749999996 0.4404648796875 0.455497159375 0.44110221562499996 0.4469620609375 0.43874392812499996 0.4142010703125 0.4400027921875 0.4120254421875 0.4446876265625 0.4094212609375 0.4466873234375 0.406770209375 0.44889580156250003 0.392158090625 0.4484715078125 0.3884880171875 0.44687782656249997 0.3818673984375 0.443318534375 0.375945003125 0.4406760046875 0.37345709843749997 0.4341278203125 0.370901021875 0.41850519999999997 0.370628328125 0.4101673359375 0.37268039062499997 0.401063075 0.3766724984375
0 0.38772068593750003 0.30172119375 0.3727962890625 0.30341411093750004 0.3594272265625 0.3139245765625 0.3593292265625 0.31953895625 0.3642721828125 0.33012488125 0.369274790625 0.337293359375 0.37599464375 0.34400345468750004 0.3801316203125 0.3448082 0.3956890921875 0.3348242890625 0.397440425 0.3324130796875 0.3970587390625 0.326301971875 0.397829396875 0.3241178234375 0.4116696234375 0.31459229375 0.414195875 0.3097528328125 0.4140156828125 0.3060870203125 0.41071327812499997 0.299436575 0.40565101875 0.29568554687500004 0.40101305312499996 0.295604590625 0.3951077015625 0.29818746875 0.39243108437499996 0.2976523921875 0.3901830234375 0.3005432859375 0.38772068593750003 0.30172119375
0 0.5089558125 0.56046824375 0.5038253796875 0.5606228703125 0.484820634375 0.5722558546875 0.48302669375 0.577108096875 0.48317279687500003 0.5827267375 0.48140868281250004 0.58587025625 0.461697190625 0.5960258359374999 0.44736023593749996 0.6060310515625 0.44507382656249994 0.6111188765625 0.4454427296875 0.6179622953125 0.447327384375 0.6219020375000001 0.452839503125 0.62785851875 0.45696369687500005 0.6293955734375001 0.4611219765625 0.6289798015625 0.46554992500000003 0.62710366875 0.49195873125 0.6109605453125 0.4993074 0.60962375 0.5034358531249999 0.6109167015625 0.5075898734375001 0.61074503125 0.51498115 0.6069672015625 0.51698936875 0.60382794375 0.527305625 0.600345346875 0.5295622078125 0.596966246875 0.5296900328125 0.58964314375 0.528062265625 0.584975353125 0.5281602640624999 0.5793609734375 0.52312783125 0.5739012203125 0.5238899671875 0.572205278125 0.5197615124999999 0.5709123265625 0.5125875390625 0.5622408812499999 0.5089558125 0.56046824375
1 0.4902626625 0.5122831031249999 0.4892521625 0.5142188875 0.48894840781250004 0.5176320734375001 0.4864264171875 0.5222274312499999 0.48530939531249995 0.5302658015625 0.488573453125 0.5391131765625 0.493597365625 0.5450611375000001 0.5010963984375 0.5490988781249999 0.5096272359375 0.5499803187500001 0.51526718125 0.5486136968750001 0.5209326890625 0.5457824546875 0.526405225 0.5400177109375 0.52920540625 0.5334737875 0.5293715796875 0.523953753125 0.5265701625 0.5165795203125 0.5215590328124999 0.5098992484375 0.517409275 0.5098268140625 0.514210365625 0.51123604375 0.5071143218749999 0.51208889375 0.491487440625 0.512060303125 0.4902626625 0.5122831031249999
1 0.363489296875 0.291042765625 0.36488574375 0.2949739859375 0.37184117968749997 0.30217655 0.37644931875 0.3039662296875 0.381575490625 0.3040557078125 0.3913779765625 0.3020292109375 0.39805398593749997 0.29726218437499996 0.397475065625 0.288461678125 0.3886605421875 0.2758547515625 0.3852899625 0.2731099625 0.37967984375 0.272767859375 0.3733161109375 0.27363349062500003 0.367646340625 0.2767088359375 0.364075503125 0.2854369078125 0.363489296875 0.291042765625
1 0.6353002437499999 0.48453669374999997 0.633459434375 0.492074075 0.633601278125 0.49793681875000007 0.6366979265625 0.502386071875 0.6468480109375 0.508423509375 0.650740884375 0.5092239921874999 0.653931271875 0.5083029703124999 0.6618150171875 0.5042895578125 0.6635663484375 0.5018783499999999 0.66569813125 0.4916600921875 0.6655136796875001 0.4882383828125 0.6624298125 0.48305682031249997 0.6549350406250001 0.478774975 0.650322640625 0.47722939843749995 0.6464169859375 0.477161225 0.6417534546875 0.478544890625 0.63830618125 0.4801939625 0.6353002437499999 0.48453669374999997
1 0.6313636546875 0.57017439375 0.6283705 0.573784815625 0.62574625 0.5842386546875 0.625384078125 0.604987446875 0.62872483125 0.6094409609375 0.6523316671875 0.6279221781250001 0.6604041234375 0.627086371875 0.676368846875 0.621748946875 0.6876956046875 0.6163305671875 0.6897080828125 0.61294720625 0.6925466109375 0.6042063515625 0.695765590625 0.587658446875 0.6958976765625 0.5800912406250001 0.6882184515625 0.5723876875 0.672783309375 0.5613744421875 0.6608222406250001 0.5611656609375 0.6527412625 0.5624896734375 0.6424164828125 0.5664604765625 0.6375301531249999 0.5666193625 0.6313636546875 0.57017439375
1 0.3632483453125 0.37479155 0.35922764687500003 0.3813141703125 0.35683045625 0.392748684375 0.3564713109375 0.39933521562499996 0.35883565 0.4037716859375 0.369885453125 0.4142200296875 0.37471213125 0.41747859062500003 0.37910173125 0.4177993890625 0.40584109375 0.4106966140625 0.4068388109375 0.409493140625 0.4065679078125 0.39703534375 0.403295328125 0.38867617499999996 0.40340184843750004 0.3825735890625 0.40152571562499995 0.378145640625 0.3948016015625 0.371679646875 0.38755519375 0.367157959375 0.382681646875 0.3665845359375 0.3632483453125 0.37479155
1 0.6928666031249999 0.44598471249999994 0.6942758328124999 0.44918362187499994 0.70217785625 0.4581119546875 0.7055697390625 0.4596362265625 0.71241315625 0.4592673234375 0.7180488406250001 0.45814480468749996 0.722005625 0.4552837375 0.7268395890625 0.4441359359375 0.726646615625 0.4412024328125 0.7226161609374999 0.434295103125 0.718290471875 0.43031275156250004 0.7131983875000001 0.42827044687500004 0.706363490625 0.42815114374999996 0.6984882671875 0.43167634843749997 0.694698890625 0.4389355390625 0.6928666031249999 0.44598471249999994
0 0.457234346875 0.446022759375 0.45403117656249997 0.4476760921875 0.4529951109375 0.451076496875 0.45193471562500004 0.4698596796875 0.4527449578125 0.47939675781249996 0.455391746875 0.4816405578125 0.47344261875000004 0.4826881703125 0.47443607656250003 0.48172879999999996 0.476015740625 0.475163571875 0.47822545312500003 0.474469609375 0.5031240046875001 0.4749042140625 0.5328705375 0.477376865625 0.5414226796875 0.47703778750000003 0.5443945296875 0.47464788281250003 0.545409290625 0.47246799531250006 0.5458408718750001 0.46173170468749997 0.5439647390625 0.45730375624999997 0.53791754375 0.454023890625 0.490064746875 0.45367697187499995 0.47889137968749995 0.45030762968750004 0.47187629375 0.44652251249999997 0.46676290312499996 0.445700725 0.457234346875 0.446022759375
0 0.462837053125 0.3628559203125 0.45370599062499994 0.354394490625 0.449573275 0.35334564375 0.44612174062500004 0.35523881875 0.44068755312499996 0.35880663125 0.435202234375 0.36530368593749996 0.434174690625 0.36821588437499997 0.43485587031249995 0.3711579078125 0.4416268546875 0.37493876249999997 0.4437811765625 0.3774181453125 0.4482061 0.38970427343749997 0.4536841328125 0.3976135828125 0.46016840468750003 0.4038312109375 0.46300390625 0.4092526171875 0.47687216875000005 0.4260987796875 0.47826435624999997 0.43027410312500003 0.4781791390625 0.435156171875 0.47602179062500005 0.4468390515625 0.47647164999999997 0.449044503125 0.479876315625 0.44983646562499996 0.481841925 0.4491382421875 0.4912201171875 0.44344167187499994 0.5113120578125 0.4254790421875 0.5125794453125 0.42281520781250004 0.5150290015625 0.422369609375 0.5175808171875 0.41606552812500003 0.51517813125 0.4138259890625 0.4998379609375 0.41136062500000004 0.4924624921875 0.400243884375 0.4857511609375 0.39304558125 0.47883407343749995 0.3836460859375 0.4701997390625 0.374704971875 0.462837053125 0.3628559203125
0 0.509586971875 0.48234236093750005 0.5061354375 0.4842355359375 0.491905003125 0.488138165625 0.49066318124999997 0.4893373796875 0.47804649843749997 0.48472195312500005 0.47492854375000004 0.48149321718750004 0.471271253125 0.4811852015625 0.470260753125 0.48312098593749997 0.47283937031249995 0.489270440625 0.474300965625 0.5034582671875001 0.47845622031249996 0.5172047546874999 0.48506955312500005 0.5300174375 0.48966490937499996 0.532539428125 0.4924352640625 0.527704228125 0.5436604296875001 0.50271551875 0.56182634375 0.4971723375 0.5648408015624999 0.4923413984375 0.5640007359375 0.4845130453125 0.561002084375 0.4744494140625 0.5571390390625 0.47194020625000005 0.553246165625 0.47113972187500003 0.5417008703125 0.4750892203125 0.53045506875 0.4758696359375 0.525770234375 0.47847381718750004 0.509586971875 0.48234236093750005