1 0.2072245796875 0.42641766406250003 0.20711845156250003 0.43329190781250004 0.21095325781250002 0.44212588124999996 0.21750450937500002 0.446865859375 0.2262026015625 0.45014761718749996 0.23295783124999997 0.4512230296875 0.2367116578125 0.4507000453125 0.24644681875000002 0.443532253125 0.2502515609375 0.43858798749999994 0.25072761250000003 0.4347108546875 0.2490694 0.424176340625 0.247092490625 0.4202439953125 0.23605615468750002 0.41396942187499997 0.2284209015625 0.412048034375 0.2215169046875 0.41218422656250003 0.2146512515625 0.4160147375 0.20906100312499998 0.42147769375 0.2072245796875 0.42641766406250003
1 0.5590388859375001 0.5921101203125 0.55580375 0.5944186109375 0.5542989078125 0.5986613734375 0.552879340625 0.6142294125000001 0.5547329421875 0.617162721875 0.5584613093749999 0.618850378125 0.562920934375 0.6225956140625 0.569348878125 0.6263365546874999 0.5732260124999999 0.6268126078125 0.5820004796875 0.62346244375 0.588742825 0.6186328953125 0.5904261859375 0.6129362078125 0.59095745 0.6066061125 0.59018785 0.6008542140625 0.58884864375 0.5977380906249999 0.5858131906249999 0.5944136953125 0.57741263125 0.5887087296875 0.5733824375000001 0.5874759609375 0.5706276484374999 0.5878756375 0.5590388859375001 0.5921101203125
1 0.704681678125 0.585887346875 0.698181653125 0.5907466484375 0.6976930265625 0.6027393828125 0.69327635 0.618677346875 0.6939226421875 0.6234302078125 0.7000275953124999 0.6318049984375 0.7080030203125001 0.6369658171875 0.7180614828125 0.6391847375 0.725297059375 0.6383513359374999 0.7366732546875 0.6338447796875 0.7425058234375 0.6284115765625 0.7460001484375 0.619985559375 0.7477003796874999 0.6081415906250001 0.7464461375 0.6023301859375 0.7438953265625 0.599065296875 0.7349717828125 0.5896065046875 0.729785196875 0.5857720093750001 0.72126991875 0.5830046453125 0.7113985656249999 0.583268440625 0.704681678125 0.585887346875
0 0.4709724640625 0.6863278546875 0.471469990625 0.692292321875 0.473812528125 0.69725345625 0.477957440625 0.695548621875 0.48254435781250005 0.688240653125 0.49228748749999995 0.65696838125 0.49607520625 0.651161115625 0.4991743046875 0.648958909375 0.49980341875 0.645838490625 0.4849239984375 0.640813865625 0.48219896249999994 0.6409712203125 0.48108091249999996 0.6420638125 0.48063031875 0.6437303046875 0.481544390625 0.6463022796875 0.48044352031250004 0.65526815 0.4709724640625 0.6863278546875
1 0.28224588125 0.4184109359375 0.2796824953125 0.42326164843749997 0.28018861093749997 0.4331627546875 0.282624703125 0.439365246875 0.28847874687499997 0.44377364375 0.299268465625 0.44805014375 0.3037790078125 0.4473740984375 0.3144834515625 0.4403253203125 0.315188940625 0.4305729796875 0.31466166093750003 0.42485083437500004 0.310529321875 0.41844006875 0.3057381171875 0.41539204218750003 0.2968274578125 0.4118382109375 0.29289081875 0.4118468 0.28505588125000003 0.41555829843750003 0.28224588125 0.4184109359375
1 0.3109323640625 0.381101496875 0.3078248296875 0.38637734375 0.30751042812499996 0.3949478328125 0.309887015625 0.4016349671875 0.31550303125 0.40798193125 0.3270240078125 0.4143160109375 0.3319894390625 0.41394179218750005 0.344721709375 0.406404078125 0.346137290625 0.402888278125 0.3464305296875 0.39849675 0.34641335 0.3906234703125 0.3434628625 0.38460379218749996 0.3356362046875 0.37823136874999996 0.329089246875 0.3754597109375 0.3207610796875 0.3751750625 0.3163440921875 0.377092465625 0.3109323640625 0.381101496875
0 0.6313247 0.49620074531249997 0.62113465 0.503066709375 0.6122028265624999 0.5036918375 0.6084744609375 0.50200418125 0.6067187078125 0.5022805499999999 0.584315078125 0.518469734375 0.58147961875 0.5235330140625 0.5803744531249999 0.5305305640625 0.5823897046875001 0.538157228125 0.5902887531250001 0.54994996875 0.5969676078124999 0.557657303125 0.611915125 0.566133928125 0.6200009718749999 0.5663888234375001 0.6260801578125 0.56295369375 0.6410951500000001 0.5468411953125 0.6472040875 0.5431637453125 0.64614125 0.541803375 0.6465535 0.5364425625 0.6676900046875 0.5085370140625 0.6803541796875 0.4975473015625 0.6824967234375 0.49412076093749996 0.6832362609375 0.48609442031250005 0.6819565609375 0.48249365624999996 0.6752777046875 0.47478632187500003 0.6667921812500001 0.4717766375 0.6574692718749999 0.47358361718750003 0.654565715625 0.475194896875 0.6447158374999999 0.48530029218750004 0.6313247 0.49620074531249997
0 0.794355396875 0.506625409375 0.789559896875 0.5016090625 0.7851640734374999 0.4993475046875 0.7817927453125 0.4947519984375 0.7781536375 0.4923373796875 0.7541166328125 0.4677402875 0.7495677484375001 0.4647220140625 0.7438581765625 0.4571336921875 0.729505725 0.4438106515625 0.7218364234375 0.44016326406250006 0.7178105234375 0.44089881562500005 0.7124583015625 0.4444232046875 0.709048940625 0.450153940625 0.708419828125 0.45327435781250003 0.709061825 0.45605890000000004 0.7111577484375 0.45902196249999994 0.71943929375 0.4656962125 0.722810621875 0.47029171875 0.7334304109375 0.47995878281250004 0.7361640375 0.48373806718749995 0.7475405421875 0.4932520703125 0.7493346375 0.496670021875 0.7537942625 0.5004152578125 0.75631531875 0.5039224671875 0.7597121062500001 0.5063073328125001 0.7629006203124999 0.5103884437499999 0.7809857328125 0.5273674609375 0.7822356796875 0.5312105468749999 0.77489826875 0.5408865109375001 0.776088709375 0.5452142390625 0.7836347031249999 0.5478625890625 0.7910362265625001 0.5536908625 0.7985524671875 0.556581534375 0.8036326140625001 0.5532697125 0.8106129859375001 0.5465015984375 0.815242540625 0.54485626875 0.8242209859375 0.5378415390625 0.8287824453124999 0.5327442109375 0.829713384375 0.52916890625 0.8285569921875 0.526567178125 0.8182644890624999 0.514234584375 0.817312075 0.507968290625 0.815887903125 0.50754745 0.811079828125 0.510646703125 0.8045117078124999 0.51205400625 0.794355396875 0.506625409375
0 0.453902540625 0.24639807187499999 0.45154742812500004 0.2495525375 0.44640347968749994 0.25138068125 0.44132333125 0.25469250312499997 0.43680021562500004 0.2634841484375 0.43138450156249997 0.27954542031249996 0.43072993125 0.28487647968749996 0.43134647031249995 0.2898716625 0.4333531328125 0.2935616859375 0.4399086796875 0.30026998437499997 0.4461835625 0.30325420937500003 0.463175775 0.30509461718750003 0.47366366718749997 0.3098260046875 0.4803805546875 0.3072070984375 0.4840024828125 0.3017484375 0.48592816406250006 0.29608150312500003 0.48657414687499995 0.2868138046875 0.48972830156249997 0.27514835625 0.49005129375 0.2705145078125 0.4868456 0.25856011562500003 0.4932220078125 0.23868121874999998 0.495398290625 0.22296011718750003 0.4954832546875 0.220264834375 0.494020740625 0.21614967499999999 0.48294606250000005 0.20618078281250002 0.4790986828125 0.20546240937500002 0.4750727828125 0.20619796250000003 0.4666384859375 0.21278755624999998 0.453902540625 0.24639807187499999
0 0.544607578125 0.47325451718749995 0.5437913546875001 0.4738922203125 0.543982759375 0.4783432546875 0.547150109375 0.4866033265625 0.550887065625 0.49222762343750004 0.55241338125 0.49782646093749994 0.5355625875000001 0.5469200515625 0.5294030421875 0.5690393453125 0.5262955093749999 0.5743151906249999 0.5264019484375 0.5814615078125 0.530317425 0.5856318796875 0.5365923078125 0.5886161046875 0.5503791375 0.59252268125 0.5534740953124999 0.5953624359374999 0.559370465625 0.5914129109374999 0.5589707890625 0.588658121875 0.5602290156249999 0.5824172875 0.56339605625 0.5766567984375001 0.56612078125 0.5624788828125 0.5722846203125 0.542327909375 0.5766206265625 0.5310535484375001 0.5821087312500001 0.5204125953125 0.5826399953125 0.5140825015625 0.5843914531250001 0.5118378124999999 0.5844020343749999 0.50974833125 0.587647753125 0.5053503609375001 0.6030115046875 0.4964139328125 0.6041252593750001 0.49335302187499996 0.6019995828125 0.49063228125 0.5981181546875 0.488187909375 0.586814040625 0.4840942234375 0.579425403125 0.48417090937499996 0.5740560015625 0.47982201875 0.5679936859375 0.47710986718750004 0.560600753125 0.47521823281250003 0.544607578125 0.47325451718749995
0 0.19789830625 0.46831800625 0.1917126828125 0.4646068171875 0.1833547609375 0.46456449062500005 0.1684501921875 0.47577106562499993 0.1570316703125 0.48863554374999996 0.15176042812499999 0.5015168906249999 0.15170951093750001 0.5059381734375 0.15423056875000002 0.5094453828125001 0.1724304 0.523486796875 0.1800997015625 0.5271341828125 0.1850862953125 0.5225810046875 0.195603940625 0.527070071875 0.21349765 0.5395980546875 0.21553406718749998 0.5430457578125 0.21956855625 0.5462468453125 0.221634725 0.549452228125 0.22433430156249998 0.5515055140625 0.229546346875 0.55312936875 0.2312468875 0.5553059609375001 0.2374325125 0.5590171500000001 0.2416200625 0.562974953125 0.2463431703125 0.56257098125 0.25598907187500003 0.556130153125 0.2679772015625 0.5406298984375 0.26688031562500003 0.5375435296875 0.2650564671875 0.5343679 0.2587134875 0.5279316765625001 0.2168551640625 0.49622691874999997 0.2146018859375 0.490538821875 0.21719931875 0.48741410937499996 0.216676334375 0.48366028437499997 0.19789830625 0.46831800625
1 0.6306545 0.5637613265625 0.62775094375 0.5653726078125 0.6240566249999999 0.56541095 0.6155585265625 0.5705168671874999 0.60207445625 0.608217084375 0.60201924375 0.6106700453125 0.608613134375 0.6210726625 0.62995485625 0.6455847890624999 0.6364423078125 0.6488410890625 0.6457397593749999 0.64924475 0.6696528359375 0.644801684375 0.681666734375 0.64111135 0.687278146875 0.6314694328125 0.6941434890625 0.6136183625 0.6969958171874999 0.6024078015625001 0.6966173046875 0.5954740515625 0.696158121875 0.5932039046875001 0.6917834625 0.5867633859375 0.681490959375 0.5744307921875 0.667712409375 0.5604402953125 0.6600771546875001 0.5585189078125 0.6524164421875 0.5588081609375 0.6306545 0.5637613265625
1 0.3991936484375 0.639880490625 0.3968980421875 0.642550315625 0.3930721359375 0.6516735421875001 0.3894164703125 0.6694267640625 0.38924654062499997 0.6748173296875 0.401150325 0.6900534781250001 0.4110983640625 0.697178321875 0.4186400625 0.6978583515625 0.4269639359375 0.6961746796875 0.439823809375 0.691604321875 0.4460517609375 0.6869575890624999 0.447892478125 0.6839859374999999 0.449303765625 0.67850181875 0.45406889218749996 0.6557193640625 0.45224504374999996 0.652543734375 0.44806178750000003 0.6505542515625 0.4379223453125 0.6389783734375001 0.4300702296875 0.6348165921875 0.42652467656250004 0.6336433296874999 0.4140218421875 0.6353058375 0.3991936484375 0.639880490625
1 0.64684244375 0.5300827140625 0.6451465078124999 0.543895003125 0.6467918359375 0.5485245562500001 0.6522590875 0.556083125 0.660285428125 0.5568226625 0.6685200421874999 0.555865953125 0.6768396203125 0.5522139609375001 0.68075908125 0.5443320921875 0.6818301984375 0.535608540625 0.6784843281249999 0.52880239375 0.67265574375 0.52218335625 0.6690166375000001 0.5197687375 0.6609307890625 0.5195138421875 0.6531808171875 0.5205300578125 0.6501284953125 0.52335294375 0.64684244375 0.5300827140625
1 0.367137340625 0.5483777 0.3617256125 0.5523867296875 0.356926128125 0.5594226234375 0.353610321875 0.5663947171875 0.35048592031250003 0.57781784375 0.35350450312500004 0.5872895203125 0.35675681875 0.592854309375 0.3642264375 0.6021345828125 0.36786554374999997 0.6045492015625 0.37144085 0.6054801421875 0.39060965468750003 0.6056200078125 0.3990865890625 0.604693053125 0.403078440625 0.6022315015624999 0.4147475640625 0.57931285625 0.4157039625 0.5735269093750001 0.4148493984375 0.5704702921875 0.41063209375 0.566754809375 0.4051605484375 0.557227921875 0.3982988796875 0.5490061921875 0.391237528125 0.5464173484375 0.3816977546875 0.5459839343749999 0.367137340625 0.5483777
0 0.4328135890625 0.3099757015625 0.4307348453125 0.31488592031249996 0.4305989640625 0.322002484375 0.433932259375 0.33692423125 0.4425751390625 0.3426589515625 0.44971379687499996 0.3806775546875 0.4489316234375 0.38304125624999996 0.45004139375 0.3920325859375 0.4521075625 0.39523796875 0.45348081718750005 0.40008009062500005 0.4574048828125 0.40818710156250004 0.46059339687499995 0.4122682125 0.46507847968749993 0.4138028078125 0.4688025515625 0.41352214531250003 0.4774665953125 0.415077903125 0.4788864734375 0.4135304234375 0.4789288 0.405172503125 0.47651387187500005 0.39479105 0.469379196875 0.34472020625 0.4697914484375 0.33935939375 0.47380016875 0.3307505625 0.47414861875 0.323906071875 0.4724563578125 0.311645559375 0.4671719203125 0.30460138593749997 0.45399733593749997 0.303721671875 0.4479052671875 0.3012518421875 0.44349257499999994 0.3051375640625 0.4392243546875 0.3058433640625 0.4328135890625 0.3099757015625
0 0.213451028125 0.54598765625 0.20779268437499998 0.5479986140625 0.20570964531249997 0.5509405125 0.20565443437500003 0.5533934734375 0.21207839375 0.5691866546875 0.21117720625 0.572519640625 0.205255378125 0.57867980625 0.19355220625 0.5998724515625 0.1655758171875 0.6434184328125 0.161724453125 0.6547523 0.163221015625 0.660593459375 0.1644964203125 0.662225903125 0.1696532546875 0.6663027203125 0.1811699359375 0.6706684796875 0.186288428125 0.6710509765625 0.190433340625 0.6693461421875 0.19847225468750002 0.661970078125 0.20058504687499998 0.658785859375 0.20519742187499998 0.6492672500000001 0.21712175 0.6322833171875 0.21775086250000003 0.6291629000000001 0.22391071718750002 0.62106416875 0.224450571875 0.6186707124999999 0.23498477499999998 0.6029919390625 0.24047287968750003 0.5923509859375 0.2432233734375 0.5899829890625 0.24815475625 0.587882771875 0.26401603281249997 0.5849108109375 0.2673404296875 0.5818753578125 0.267455146875 0.5789377546875001 0.265172115625 0.5734919781250001 0.2611673796875 0.57004856875 0.2537999046875 0.5659462937499999 0.2467088 0.563599771875 0.224572328125 0.549566946875 0.21757048281250002 0.5464934609375 0.213451028125 0.54598765625
1 0.30179040625 0.2992995078125 0.29422754375000004 0.3027984390625 0.2848282578125 0.311237340625 0.28203114218750003 0.3199949390625 0.2822354296875 0.3303509328125 0.2866186796875 0.3407280921875 0.2883321046875 0.34880964375 0.296014290625 0.358361990625 0.3194642 0.36370101875 0.32642770312499997 0.363080184375 0.343984915625 0.3462959359375 0.3454004984375 0.3427801359375 0.3449965265625 0.3380570265625 0.3419567796875 0.3327643109375 0.3395332609375 0.31844621875 0.3318170265625 0.307167871875 0.3254783421875 0.30269996875 0.3128733640625 0.2991844796875 0.308026946875 0.2985894140625 0.30179040625 0.2992995078125
1 0.33354985 0.61558615625 0.33084199375 0.6236167921875 0.3319263046875 0.6348187624999999 0.3343921515625 0.640778934375 0.337368096875 0.6445879718749999 0.3456155953125 0.649536221875 0.353794996875 0.6510324749999999 0.3631476609375 0.6489831749999999 0.37049795625000004 0.6452121703125 0.3776866 0.636747809375 0.37993956875 0.628415346875 0.37855772499999996 0.619636584375 0.3775500984375 0.6158232515625001 0.3754584703125 0.6148285109375 0.36974889843750003 0.6072401890625 0.3636227828125 0.603044359375 0.3479995296875 0.6040777546875 0.33907629687499996 0.6086395234374999 0.33354985 0.61558615625
0 0.4575919921875 0.4106698171875 0.4578257234375 0.40676292968750005 0.4565460234375 0.40316216562499996 0.45299188125 0.3980522640625 0.45158028281249996 0.3895158234375 0.4481154015625 0.38367895937499996 0.44670809843750003 0.37711083749999996 0.44112183437499997 0.370521553125 0.4336009890625 0.35164200156250003 0.42596542499999995 0.335700053125 0.42056627031250005 0.331593484375 0.41078417656250005 0.331130315625 0.40579758281249995 0.33568349531249997 0.4041991875 0.3386849 0.40378264062499997 0.342077390625 0.4050071296875 0.3481311171875 0.40906309218750003 0.36117380468750004 0.419283515625 0.3821066421875 0.4273528046875 0.402529378125 0.42966129531249997 0.40576451406249997 0.43353444375 0.41829280625000004 0.43538804531249997 0.421226115625 0.42950455937500004 0.4310805984375 0.4269963859375 0.43347834843750005 0.42640991093749997 0.44226140625 0.4326933828125 0.4491822703125 0.436706709375 0.4565623203125 0.4400142359375 0.45967414843750004 0.4475007234375 0.46280713906250004 0.454587534375 0.4631853421875 0.46641861718750005 0.4589806125 0.47618782656249997 0.4535388203125 0.4809916046875 0.44847124687499995 0.4833424234375 0.4433484609375 0.4835464015625 0.4396838953125 0.479881525 0.42545935625000003 0.479928146875 0.41906975468749996 0.47767486875 0.41338165781249997 0.4702819359375 0.41149002343749996 0.46604346874999997 0.4119535015625 0.4627699890625 0.410567671875 0.4575919921875 0.4106698171875