1 0.5015086890625 0.57755291875 0.5006468546875 0.593460584375 0.501697815625 0.5972307125 0.5053398703124999 0.6014484671875 0.515829971875 0.6097017124999999 0.5267319328125 0.6163698453124999 0.53604535 0.6143902171875 0.5528032875 0.6063354999999999 0.5586776890625 0.6010933390625001 0.5626024468749999 0.5890273359375 0.5629335609375 0.58471384375 0.56152728125 0.579272075 0.5618583953125 0.57495858125 0.56030561875 0.565304840625 0.5570546484375 0.5617527421874999 0.5450451859375 0.5545712328125 0.542474865625 0.5518728375 0.5364597484375 0.5494074671875 0.5243256421875 0.5557305734375 0.5059318328125 0.5631346265625 0.5035587703125 0.5648870109375 0.5015086890625 0.57755291875
1 0.449637634375 0.7632948609375 0.4470199859375 0.7685935625 0.447933659375 0.7728920625 0.453262346875 0.7779992874999999 0.45533428281250005 0.7830499703125 0.4587225390625 0.7860736984375001 0.46101828749999996 0.789828834375 0.468135125 0.7963031390624999 0.46995904375 0.7966642390625001 0.4740545046875 0.7947953421875 0.48239427656249995 0.7835380640625 0.48750150000000003 0.7782093765625 0.4898653515625 0.7717166468750001 0.49001419999999996 0.7641971625 0.4890647578125 0.7609046453125 0.4826643375 0.7542780609374999 0.47551173125 0.7488097375 0.4704160703125 0.7471473093750001 0.46674745937499995 0.74867588125 0.4615295046875 0.7487866125 0.455141725 0.755136275 0.449637634375 0.7632948609375
0 0.4462952484375 0.8356390359375 0.43551431249999994 0.8588965640625 0.42741099687500006 0.881834540625 0.4245245546875 0.8846944265625 0.420814396875 0.8907245375 0.4183997875 0.8969784609375001 0.41544759375 0.898354753125 0.4087460453125 0.8985312375 0.40369536093749997 0.900603171875 0.40156110468749995 0.902304796875 0.3992180265625 0.90654675625 0.39829044062499996 0.9209708296875 0.3965472671875 0.9233381109375 0.3954997375 0.9278038828125 0.39613884062500004 0.9331591250000001 0.40123793281250003 0.943057453125 0.404047059375 0.9457050890625001 0.4137399984375 0.95138223125 0.42459698125 0.9543160015625001 0.4298864703125 0.9521933062500001 0.43193998125000005 0.9477633015625001 0.43599967656249994 0.9469003859375 0.44999003593750003 0.9316964953125 0.451088325 0.927469528125 0.4501446640625 0.920681453125 0.44703098125 0.916600984375 0.44363351250000005 0.9088369125 0.446740334375 0.896445578125 0.44647154375 0.8940067624999999 0.44854582968749995 0.8873259890625 0.452993178125 0.8788928296874999 0.46077116093750004 0.8567727875 0.466707884375 0.8447783187500001 0.46862989062500005 0.8373811281249999 0.4741039953125 0.826732965625 0.47647362656250003 0.8167446796875 0.47639288124999996 0.8140162999999999 0.47537190625000003 0.8127357453125 0.466837228125 0.8078107859375001 0.4592162234375 0.8071843265625 0.45558337968749996 0.807706915625 0.45156866406249996 0.81230419375 0.44853915625 0.8191880062499999 0.44864988749999996 0.8244059625 0.4462952484375 0.8356390359375
1 0.40980321875000003 0.46550902031249997 0.4068717984375 0.46463454375 0.40506865468750003 0.46202267499999994 0.38784466875 0.4631877984375 0.372611871875 0.4666752234375 0.36316116875 0.469183221875 0.354725659375 0.47646733281250003 0.345992453125 0.4987904125 0.3435512875 0.5107906625 0.344175396875 0.5149011156250001 0.3515044859375 0.5270709890624999 0.3637561828125 0.542437640625 0.371553671875 0.5497656484375 0.3877716765625 0.548564759375 0.4154881140625 0.543921421875 0.42052380625 0.5406047 0.4220789328125 0.5385269828125 0.4307913640625 0.5184546734375 0.43650084375000003 0.49951985 0.4360647796875 0.4951198296875 0.43410935625 0.49179154531249997 0.432422725 0.490902075 0.42570275312500006 0.4815978703125 0.42358926874999997 0.48104872500000007 0.41794103125 0.47326387968750006 0.4158783078125 0.472953540625 0.41343028125 0.4684819875 0.40980321875000003 0.46550902031249997
1 0.369244578125 0.4097345484375 0.3671702921875 0.4164153234375 0.367707875 0.42129295468750005 0.3742997734375 0.435865875 0.378738990625 0.44265973125 0.38333626718749997 0.446674446875 0.40676341875000005 0.4476851296875 0.4182918375 0.4467322578125 0.42341405468750004 0.44264835781249995 0.4326133109375 0.42721487343750003 0.4347533484375 0.422017690625 0.43433805937500003 0.4153669015625 0.42850755625000003 0.404376065625 0.4229816125 0.3948180609375 0.418623140625 0.3907525859375 0.39274218125 0.38876590625 0.3848973640625 0.3894349953125 0.38199593125 0.39105009375 0.37774240937500003 0.3956981296875 0.369244578125 0.4097345484375
1 0.5730940078125 0.5139155843750001 0.5750586421875 0.5219842140625001 0.5779692875 0.5251094593750001 0.586077115625 0.53037474375 0.592519084375 0.5324997890625001 0.59791009375 0.53085470625 0.6110201953125001 0.522077790625 0.6127391624999999 0.5137253765625001 0.613025296875 0.505677521875 0.611771296875 0.5009521703125001 0.607260546875 0.49617027656249996 0.6023529296875 0.49421828437500004 0.5984870625 0.49129607656249996 0.59077953125 0.49143679375 0.5848243859375 0.49395057343750004 0.5740008203125 0.5017422812500001 0.5730940078125 0.5139155843750001
0 0.3747981046875 0.7634780171875 0.3708341484375 0.7683141 0.3692882328125 0.7751321609375 0.3696319890625 0.7837949140625 0.373328234375 0.7964873765625 0.378874953125 0.8037946109374999 0.380901909375 0.80511093125 0.386170625 0.8052390062500001 0.406946709375 0.8008229124999999 0.409319771875 0.799070528125 0.4133194953125 0.7932284640625 0.416358215625 0.7910849953125 0.4261134765625 0.7900098296875 0.428247734375 0.7883082046875 0.4315702375 0.7898483390625 0.43421787343749996 0.7870392125000001 0.4340506015625 0.7850780078125 0.438214165625 0.7729612453125 0.437885403125 0.76554328125 0.4330343265625 0.7603345375 0.42966106249999997 0.758555596875 0.4016366359375 0.7535301984375 0.3999142375 0.7536467109375 0.392027871875 0.7588173375 0.3848129453125 0.7601013234375 0.3747981046875 0.7634780171875
1 0.43426431093750006 0.707408578125 0.4375994578125 0.7219249578125 0.4396206328125 0.7267368359375 0.44314617500000003 0.7292321921875 0.45199119374999996 0.732094428125 0.460638953125 0.7305058843750001 0.46638185 0.7222965375 0.47390946562499997 0.7072183703125 0.47058353124999996 0.6974423359374999 0.4681862625 0.6932095875 0.4643203953125 0.6902873796875 0.45465744218750004 0.6870998125 0.45107535781249997 0.6878612078125 0.43837133437500003 0.6985485671875 0.43469694375 0.7035726953125 0.43426431093750006 0.707408578125
0 0.528443471875 0.7465441640625 0.5216311921875 0.7415026921875 0.5041823125 0.7239960015625 0.49975230625 0.7219424890624999 0.4917517796875 0.713659259375 0.4849395 0.7086177874999999 0.4799961171875 0.7076717765625 0.47393945156250006 0.7097079453124999 0.46402377968749997 0.725293709375 0.4628747296875 0.7292818703124999 0.465728834375 0.73566386875 0.47128133437499997 0.7394755453124999 0.47371436874999995 0.7427023109374999 0.47643118749999996 0.7496126796875 0.4848435734375 0.7563107984374999 0.49067064531250004 0.759065734375 0.4947903109375 0.76318196875 0.499357603125 0.764707109375 0.5017548703125 0.7689398578125 0.509400078125 0.7755514484375 0.510588325 0.7787932078125 0.5094900359375 0.7830201734375 0.4982696046875 0.7936417812500001 0.497054803125 0.7961463484375 0.4932996671875 0.798442096875 0.4929535609375 0.801510803125 0.4910373359375 0.8054124375 0.490726996875 0.8074751609374999 0.49229133437500006 0.8101377890625001 0.49582265937500003 0.8091375875000001 0.4995154734375 0.8135941484375 0.5040527796875 0.8126297140625001 0.500222678125 0.808701525 0.5023269499999999 0.8045103250000001 0.508723940625 0.8029010078125 0.51840766875 0.80383780625 0.5202108125 0.806449675 0.5290350562499999 0.8115626796875001 0.5347156296875 0.8101056421875 0.5388468578125 0.8072307640625 0.545610728125 0.8003019703125 0.549523925 0.7952270828125 0.5506372078124999 0.7922449031250001 0.556496615625 0.78575795625 0.5631647484375 0.7748559953124999 0.5670929375 0.77102589375 0.56743904375 0.7679571890625 0.566250796875 0.7647154296875 0.5627460281250001 0.7599693046875 0.545327134375 0.7449521890625 0.5405002624999999 0.745728578125 0.535789903125 0.7482273640625 0.533807925 0.75064540625 0.5306884609375 0.7500604953125001 0.528443471875 0.7465441640625
0 0.5470562046875 0.812973659375 0.5445689796875001 0.8012721859375 0.5414079671875001 0.8051888140625 0.53129160625 0.8080878968749999 0.5212491296875 0.7972435578125 0.521168384375 0.7945151765625 0.5222458999999999 0.7925389796875 0.5200816578125 0.7917510296875 0.5148752640625001 0.784870646875 0.511451240625 0.7828529015625 0.4982696046875 0.7936417812500001 0.49110886875000004 0.8034004734375 0.49101078125 0.8111587640625 0.49344381562499995 0.8143855296875 0.5008709921875 0.8187971109375001 0.5029637015625 0.821597025 0.515038915625 0.830262128125 0.51747195 0.83348889375 0.5245230359375 0.83847960625 0.5286934609375 0.842834646875 0.5380103093749999 0.8490909203125 0.544121165625 0.855529459375 0.54360200625 0.8601325171875001 0.5401098796875 0.8683626375 0.541232375 0.870120803125 0.5460892312500001 0.871833990625 0.55504498125 0.8799141828125 0.5606332468749999 0.8827198765625001 0.5638992093749999 0.8875167625 0.565824646875 0.888355471875 0.569457490625 0.8878328828125 0.5767497328125 0.8810413765625 0.5889727140625001 0.8622196343749999 0.5977658921875 0.8448757046875001 0.5977059203125 0.8398965546875001 0.59580125625 0.8368070765625 0.5742776890625 0.8189185125 0.57035528125 0.81925305625 0.5627942484374999 0.823605746875 0.5572775156249999 0.8187880875 0.5576893734375 0.8172029765625 0.54952500625 0.8151944421874999 0.5470562046875 0.812973659375
1 0.4309311359375 0.784493096875 0.41303571093749997 0.7895448609375 0.4110895 0.7909569203125 0.40530505625 0.80366780625 0.4048874171875 0.808748475 0.409437365625 0.8207602875 0.41368853593750005 0.827843709375 0.4227515859375 0.8329059546875 0.43037259062500005 0.8335324140625 0.4399605796875 0.83049604375 0.4428470203125 0.827636159375 0.4501184875 0.823095421875 0.45264961093749995 0.818563896875 0.45908815000000003 0.8124530406250001 0.46009413125 0.8124888078125 0.46120741406250004 0.8095066296875 0.45718240468750004 0.7893962015625 0.45112808906249996 0.7797009125 0.4466830921875 0.7764026125 0.444498075 0.77786543125 0.44231883906249997 0.77583269375 0.442390371875 0.7738207296875 0.4395962390625 0.7724178828125 0.4309311359375 0.784493096875
0 0.31096896875 0.45731428906250005 0.3117961171875 0.462379965625 0.31095740781250003 0.464305403125 0.26307851250000003 0.5044337609375 0.2595921671875 0.5091683234375 0.25852964375 0.5123893078124999 0.261362975 0.5210220750000001 0.2639332953125 0.5237204703125 0.2687036265625 0.526200834375 0.27439919218750003 0.5259885828125 0.278972265625 0.5240181671874999 0.32003652968749996 0.4905797953125 0.326424309375 0.484230134375 0.32952878124999996 0.48357025781249996 0.337403584375 0.48539074531250004 0.34469004375 0.48209479687499995 0.34957345625 0.47806165624999997 0.3531047796875 0.47706145624999996 0.35641807187499996 0.47386124531249996 0.35739406875 0.4714074375 0.3616118234375 0.46776538125 0.35874272500000004 0.46013859687499997 0.350762971875 0.449604596875 0.34277743906249997 0.44256615312500003 0.33655928125 0.4391455609375 0.332383075 0.43828607656249996 0.32417715937499997 0.4407790828125 0.311726934375 0.4526604703125 0.31096896875 0.45731428906250005
0 0.31539027656249996 0.6295933515625001 0.31471540781249996 0.6252440921875 0.3186817140625 0.60867655 0.31771727968749996 0.6041392453125 0.316848584375 0.6035751078125 0.3138813984375 0.6037066125 0.3086726546875 0.6085576875 0.3057054671875 0.60868919375 0.28724012499999996 0.618105209375 0.283449221875 0.621406940625 0.276315040625 0.62541930625 0.2711720484375 0.631753975 0.2641543796875 0.6374887390625 0.2634171890625 0.6398917875000001 0.2652561 0.6414976734375 0.28456701562500003 0.6466280234374999 0.2895645890625 0.656048740625 0.3239558328125 0.7086414249999999 0.32872038125 0.7146173453125 0.334323640625 0.718667828125 0.3385356140625 0.7185213296875 0.34406390937500003 0.7163478750000001 0.356391840625 0.7062396468750001 0.3578454484375 0.7036843187499999 0.358400375 0.6980752781249999 0.356877584375 0.6909111109375 0.3458107015625 0.670550315625 0.3405535484375 0.6634311281249999 0.3372668109375 0.6608850125 0.331191721875 0.6534404921875 0.327809246875 0.6469212078125001 0.3250508796875 0.6445123781250001 0.31539027656249996 0.6295933515625001
0 0.3979283140625 0.5728629546875 0.39227772656250004 0.57680956875 0.391275175 0.585009703125 0.3943076734375 0.5969279843749999 0.3938581390625 0.60068434375 0.38872092812500003 0.60352345625 0.3754469859375 0.61857506875 0.36692494999999997 0.6266263546874999 0.3427651203125 0.6562219828125 0.34164605625 0.66269971875 0.34210289375 0.66484896875 0.3438345046875 0.6694728 0.3488528515625 0.6766427484374999 0.3520888296875 0.678950059375 0.3567426484375 0.6797080234374999 0.3683276078125 0.6754984 0.3743750625 0.6687218875000001 0.3829986171875 0.6611482109375 0.39475319999999997 0.647168334375 0.40252305312500003 0.6402753078125001 0.4168745109375 0.6232474984375 0.41855193125 0.6193966234375 0.4318984875 0.6223004078125001 0.441689515625 0.6202192609375 0.44291931093750003 0.6189594796875 0.443626515625 0.61406685625 0.44334851249999996 0.606887696875 0.44199299375 0.601684734375 0.44080474687500004 0.598442975 0.4357863984375 0.591273028125 0.42599772031249994 0.581622715625 0.420445221875 0.5778110390625 0.412403146875 0.574029346875 0.40323279687499997 0.571985046875 0.3979283140625 0.5728629546875
1 0.4270573265625 0.7451317265624999 0.4281174984375 0.7536422 0.42719226250000003 0.7563348140625 0.4256221421875 0.7571677421875 0.4446826890625 0.7693399656250001 0.44587671718750005 0.7690861671875 0.4474826046875 0.76724725625 0.44952112343749995 0.7615724625 0.452132990625 0.75976931875 0.456458046875 0.7531093171875 0.4592072015625 0.750777803125 0.4631169671875 0.7374670125 0.4610092640625 0.7334223109375 0.4579105734375 0.7305866296875 0.4545672953125 0.7312972656250001 0.4464029265625 0.7292887328125001 0.4385488984375 0.7252174765625 0.43368047968749995 0.730495403125 0.42871975312500005 0.7400360640625 0.4270573265625 0.7451317265624999
1 0.3526703640625 0.33763026093750004 0.351957378125 0.346018440625 0.35699071875 0.3544331765625 0.364194084375 0.36014030468749997 0.371200190625 0.3613966546875 0.3826628578125 0.3589601890625 0.3872359296875 0.3569897734375 0.389253675 0.35356575 0.39230973750000003 0.3409356109375 0.391924434375 0.336774396875 0.38978096562500003 0.3337356765625 0.383228265625 0.326392675 0.37806685 0.3232466546875 0.37378912343750004 0.321909559375 0.365329409375 0.3232085375 0.35985187500000004 0.3256207984375 0.35611173125 0.329161334375 0.3526703640625 0.33763026093750004