1 0.43055814843749995 0.8656716734375 0.43007265781250004 0.8580560296874999 0.427038503125 0.8347696359375 0.42430294843749994 0.827093940625 0.41862474687500006 0.8234721781250001 0.401276965625 0.8173932609375001 0.39582495156249997 0.8162146343750001 0.3919438859375 0.8167203265625 0.3794083015625 0.8238824890625001 0.3670253859375 0.8382275703125 0.3660465640625 0.8421484859374999 0.37308078125 0.878336403125 0.374025934375 0.880639784375 0.378652346875 0.8839685734374999 0.398489846875 0.890060959375 0.40682445625 0.8894357156250001 0.41782894062500003 0.8820737484375 0.42553157343750003 0.8743587546875 0.4298723 0.8685408000000001 0.43055814843749995 0.8656716734375
0 0.3491380546875 0.6220934703125 0.355009328125 0.6254289921875 0.36203902499999996 0.6270470796875001 0.364854834375 0.6287381328125 0.3759452 0.6320540078125 0.377995459375 0.6336451578125 0.40036252812499995 0.6412355265625 0.4045298328125 0.6409229046875 0.40678663125 0.639738096875 0.4123391015625 0.631197503125 0.40996330625 0.61897509375 0.40610244218749997 0.6157462078125 0.3933945421875 0.610506359375 0.3526279046875 0.5965440984375 0.34952585625 0.594659975 0.3294021171875 0.58837451875 0.327784584375 0.58645054375 0.328543953125 0.5788416328125 0.321674209375 0.5742079328125 0.31101657031249996 0.5705592359375 0.30527158125 0.570432396875 0.29862073906250003 0.5784403640625 0.29004536718749996 0.5970195359375 0.2874950421875 0.6082098046875 0.2877678140625 0.6108925937499999 0.290769959375 0.6135422687500001 0.3057745078125 0.6190818234375 0.3096022546875 0.6195813359375 0.3134367359375 0.6188359890624999 0.3168188421875 0.6132043703125001 0.3204669875 0.611500403125 0.323003290625 0.611753525 0.32958679375 0.6161941546875 0.3491380546875 0.6220934703125
1 0.503107309375 0.739898696875 0.4901199046875 0.7332209171875 0.48370253593749996 0.7334734875 0.47303760937500006 0.7400233218750001 0.47005511093749996 0.7425927406249999 0.468576778125 0.7503414046875 0.47042667812500005 0.7624173265625 0.47623116562499995 0.769247771875 0.48219560625 0.7730626046875 0.48927188906249997 0.774920346875 0.49238740468750003 0.7743147515625 0.5029058453124999 0.7682908125 0.5064277046875 0.763378159375 0.507739903125 0.7509362984375 0.5058164828125 0.743600159375 0.503107309375 0.739898696875
1 0.5639901187499999 0.451747321875 0.5694954515624999 0.45192074531250004 0.57482118125 0.44989068750000005 0.5827236171875 0.4406445953125 0.5879303499999999 0.425207321875 0.5863930703125 0.417298703125 0.5774405046875 0.39939080625 0.57371939375 0.396880884375 0.5614307515625 0.39379793125 0.5537152062499999 0.395048971875 0.5473511546875 0.39429633750000004 0.5411599734375 0.3969920421875 0.5386966359375001 0.40095280781250003 0.5360071125 0.40247043906249996 0.5338367484375001 0.405379415625 0.5321389625 0.409440084375 0.527532196875 0.41133038906249997 0.5238240015625 0.41528442187500003 0.5213937796875 0.42197456093749997 0.5217995703125 0.4266211765625 0.52766355625 0.44015523125 0.527303796875 0.44470194375 0.5284285515625 0.44920880625 0.5332413015624999 0.45349621406249996 0.539645203125 0.4557333640625 0.54102308125 0.45770392343750005 0.5464088625 0.4534238015625 0.560821284375 0.453358121875 0.5639901187499999 0.451747321875
0 0.4550038859375 0.630614321875 0.4598637734375 0.6261877140625 0.46353885312500004 0.6195043078125 0.46357925624999996 0.61203515 0.46100983749999996 0.609052653125 0.4510846296875 0.602774484375 0.4460586078125 0.6025078921875 0.44197100312500004 0.60578954375 0.4389750375 0.6108486828124999 0.43213785781249997 0.6178980296875001 0.42810975156250003 0.6278832890625 0.4184505828125 0.6255327687500001 0.413704065625 0.6267041078125 0.4053885515625 0.6415021171874999 0.40421665781250005 0.645709271875 0.4060536453125 0.6513212421875 0.41969322968749995 0.6613541921875 0.43558961093750004 0.670202334375 0.43869839375 0.6708415984375 0.441720740625 0.66975669375 0.4543236640625 0.650145934375 0.4498106203125 0.6435618765625 0.450123796875 0.638775509375 0.454850665625 0.6323850765625 0.4550038859375 0.630614321875
0 0.7052904046874999 0.7961029734375 0.7055569953124999 0.7910769515625 0.7118284312500001 0.782396603125 0.7228469375000001 0.76359124375 0.7308363625000001 0.74711565 0.7454766296875001 0.7226320890625 0.7461091609375 0.720768165625 0.7441256875 0.7156820921875 0.74079071875 0.7125996921875 0.7332485937500001 0.7083454 0.708104459375 0.7184558359375 0.704642653125 0.721118425 0.703384325 0.7236014109375 0.700262075 0.7254518640625001 0.6998091468750001 0.7295192671875 0.6901556046875 0.7438312328125 0.6897492625 0.7481382890625 0.6602503796875 0.7755100734375 0.655796834375 0.7756296234375 0.653360434375 0.7746109515625 0.6530607265625 0.7769076 0.6548045453125 0.7820402578125 0.6582326828125 0.78560196875 0.6794278593749999 0.7973994921875 0.6805593484375 0.8006614937500001 0.684227140625 0.8041766203125 0.6946917109374999 0.8081115562500001 0.7057085562500001 0.8161672140625 0.7091568953125 0.8159943453125 0.709603090625 0.8131718031249999 0.7052904046874999 0.7961029734375
0 0.281943584375 0.49264384687499996 0.2984191796875 0.5006332718750001 0.30616110937499996 0.503356465625 0.3103547953125 0.507018078125 0.354735909375 0.5255006671875 0.35940890625 0.5290691109375001 0.3648609203125 0.5302477375 0.367390490625 0.5317457203125 0.3766236671875 0.5331842046874999 0.3815368734375 0.5277523921875 0.3847393765625 0.5199172937500001 0.38447333906250003 0.5159896453124999 0.382955709375 0.5133001203124999 0.3783826140625 0.508966128125 0.3490924828125 0.4977472625 0.3419365 0.4929204921875 0.33127886093750003 0.48927179374999996 0.32865612187500004 0.4872945015625 0.2944999234375 0.4727934328125 0.2913512921875 0.47066965312500003 0.28140925 0.46750363281249996 0.279029534375 0.4648573265625 0.2828314515625 0.45242893281249996 0.2820861046875 0.44859445156250005 0.27912380937500003 0.44742929218749994 0.27331876875 0.44955251875 0.26056428593750003 0.4440730140625 0.2579348140625 0.44334058125000003 0.25429340312500004 0.44379968906249995 0.252369428125 0.4454172234375 0.24599135625000002 0.4561079796875 0.23508566718749999 0.4806117421875 0.23517210156249999 0.48233591249999996 0.237122459375 0.48469261250000006 0.2429404140625 0.489033340625 0.2512480875 0.49338753437499994 0.2531849765625 0.4982339546875 0.2562870234375 0.5001180781250001 0.2596887796875 0.4997055546875 0.2681903546875 0.4903430015625 0.27563285312499997 0.49088600781249997 0.281943584375 0.49264384687499996
1 0.662495828125 0.6348010875 0.6651196734375 0.6188710359375 0.6651134921875 0.6111622234375 0.662564275 0.6044451468750001 0.6367297703125 0.5828548828125 0.6300929484375 0.5794194578125 0.5943040890625 0.59234515 0.5925731859375001 0.59367644375 0.58825939375 0.5945149609375 0.5845377296875001 0.6009587109375001 0.5849968375000001 0.604600121875 0.5823404296875 0.6088471265625001 0.5820867546875 0.620337103125 0.5810546140625 0.6252632234375 0.582419025 0.6297235015625 0.581879109375 0.64102040625 0.61443686875 0.667770265625 0.618357784375 0.6687490875 0.6225250890625 0.6684364656249999 0.6427229015625 0.6610284671875 0.6477691265625001 0.6575604796875 0.65131736875 0.6566220609375 0.6576685046875 0.6509107421875 0.662495828125 0.6348010875
1 0.6664125890625 0.37985799375 0.6653147703125 0.3703716921875 0.663331296875 0.36528561875 0.656102346875 0.3562449578125 0.646263575 0.3516909578125 0.642342659375 0.3507121359375 0.6341478015625001 0.35205634531249996 0.6310788703125 0.3529015953125 0.6235361921875 0.357600975 0.6205071109375 0.3599307390625 0.6182368453125 0.363605265625 0.6156068203125 0.3718265046875 0.6145342765625 0.38422178281249997 0.615758934375 0.3879630953125 0.621270446875 0.39584533125 0.6279937046875 0.40100492499999996 0.6342511187500001 0.40376796875 0.6436307828125 0.404680559375 0.6524980203124999 0.4029569421875 0.6605800609375 0.3959143296875 0.6651739109375 0.38756007187499997 0.6664125890625 0.37985799375
1 0.45379555624999995 0.6858141375 0.4509730140625 0.68536794375 0.44157988125000003 0.6869450734375 0.4356283546875 0.68959419375 0.43225298125 0.6939809515625 0.43048840781250003 0.70153654375 0.43113385312499997 0.7061365734375 0.4347814453125 0.713386278125 0.44296901406250005 0.7222406015625 0.445884725 0.72316610625 0.4552778578125 0.721588975 0.46204825156249996 0.7180345531250001 0.46720166562500004 0.703602484375 0.46574408749999996 0.6986628953125 0.45770300468749997 0.689282678125 0.45379555624999995 0.6858141375
0 0.5926612796875 0.568539596875 0.5963818375 0.580003190625 0.5980925390625 0.582406475 0.6009616656250001 0.5830923234375 0.6090566203125001 0.582513665625 0.6328290578125 0.57814148125 0.63489951875 0.575998053125 0.6414701078125 0.5739747296875 0.6440799312500001 0.5694880703125 0.6416575515625 0.55702600625 0.64157785 0.5540569765625001 0.64318246875 0.5495169984375 0.6417114234375 0.5470671296875 0.6396078453125 0.5464811828125 0.6328110687499999 0.546061371875 0.629116340625 0.547525684375 0.6247228484375 0.5453951703125 0.6148660875 0.5087610609375 0.6142941625 0.499421246875 0.6116781578125 0.49619909531250006 0.599811540625 0.4505046765625 0.597674846875 0.4471893546875 0.5953849328125 0.44564478906250005 0.5858918984375 0.4479874671875 0.5778435281250001 0.44880578125000004 0.5765386171875 0.45104911249999996 0.575612559375 0.46291849531249996 0.5810904031249999 0.47702502812500003 0.5877390328125001 0.5048317515625 0.595739159375 0.5306347984374999 0.5950931609375 0.5349884406250001 0.59960565 0.5505261703125 0.5981941015625 0.554779909375 0.5880752703125001 0.5577416515625 0.5868169421875 0.5602246359375 0.5885674953125 0.5641124359374999 0.5926612796875 0.568539596875
0 0.299425125 0.7041313328125 0.30216123437500003 0.70285335625 0.30584249375 0.7038787625 0.3154219640625 0.7032602531250001 0.32006184375 0.7040993234374999 0.3558035671875 0.6998876468749999 0.3607498890625 0.697185209375 0.3639456578125 0.690594971875 0.3647981953125 0.6834653703125 0.3627552234375 0.6716756875 0.36090476875 0.6685534375 0.3572835609375 0.6652779671875 0.354321265625 0.664112809375 0.336793328125 0.6647840828125 0.32275358125000003 0.666767003125 0.3152378390625 0.6664869437500001 0.2958325125 0.6690154078125 0.2924240234375 0.6706727906250001 0.2899343046875 0.6706593234375 0.28831677031249997 0.6687353484375 0.28564126875 0.6588095875 0.2841634875 0.6576045781250001 0.2649646984375 0.6573570828124999 0.2517836703125 0.659919215625 0.24899424374999998 0.6622023953125 0.24801486874999998 0.675076984375 0.246703221875 0.6785651734375 0.2471937875 0.711796975 0.24821190624999998 0.718314246875 0.25202618593750004 0.7213034781250001 0.2572452796875 0.7212838296874999 0.279147059375 0.717523975 0.28388010937499997 0.7188423546875 0.28695577499999997 0.71675224375 0.2886137109375 0.7112070609375001 0.28898020468749996 0.7054154890625 0.29071784218749996 0.7028393359375 0.299425125 0.7041313328125
0 0.7151514984375 0.6549084984375 0.7135407 0.6517396640625 0.70557424375 0.61971231875 0.702678734375 0.6150522359374999 0.699104109375 0.6120164203125 0.6962282484375 0.61257543125 0.693531990625 0.6153379218749999 0.6930790625000001 0.619405325 0.6947027765625 0.6290381109375 0.6941432125 0.6351159234375 0.6958735640625 0.6427383015625 0.6980035234375 0.64729848125 0.6981292546875 0.6594608375 0.699846690625 0.6606192625 0.7013441203124999 0.667043365625 0.70349428125 0.6678689671875 0.708480453125 0.6666510437500001 0.7177473015625 0.6618652296875001 0.7188192921875001 0.6584236234375 0.7151514984375 0.6549084984375
1 0.8041769015625 0.6343704812500001 0.79817934375 0.627826275 0.7906372203124999 0.62357198125 0.7820231046874999 0.6227592953125 0.773581859375 0.625394946875 0.77069253125 0.6284436765625 0.766224965625 0.6400066203125 0.7675360578125 0.6454721015625 0.772994253125 0.6543595421874999 0.7785860203125 0.656257134375 0.7860748265625 0.66151663125 0.795321471875 0.6604653953125 0.8011865640625 0.6560921046875 0.8054739734374999 0.6512793546875 0.806606015625 0.6455876859375 0.805548046875 0.6375859 0.8041769015625 0.6343704812500001
0 0.5669783359375 0.5720395953125 0.570214509375 0.5579802 0.573969290625 0.554265821875 0.578962196875 0.5518030390625001 0.58351564375 0.5509179390625001 0.58721710625 0.548208765625 0.59095841875 0.5469841078125001 0.5925097187499999 0.543449334375 0.5907990171875 0.5410460500000001 0.5766133375 0.5346011921875 0.568764771875 0.5338884078125 0.5644245984375 0.5307526890625 0.5473961734375 0.5275962171875 0.5374109140625001 0.5235681109375 0.531279784375 0.5240137515625001 0.53082685625 0.5280811546875 0.53759614375 0.5424340765625 0.5382949078125 0.5460289015625001 0.538447575 0.5532118203125 0.5373087984375 0.56014835 0.5343728859375 0.562957425 0.5300316046875 0.5777290515625 0.5258772140625 0.5845056265624999 0.524931509375 0.591155915625 0.519744978125 0.6028586109375 0.5155103343749999 0.615619828125 0.5139186296875 0.6266237609374999 0.5148037296875 0.6311772062500001 0.518571425 0.6339267828125 0.5310862546874999 0.6394528703125 0.5370641625 0.640777984375 0.5408520593749999 0.6397929812500001 0.5454391765625 0.6326835828124999 0.5472969187500001 0.6256073015625 0.551025315625 0.617918690625 0.560180453125 0.5895271281250001 0.5669783359375 0.5720395953125
0 0.7424160921875 0.6953714625 0.7658691734375 0.688076834375 0.7726928859375 0.68351720625 0.775661915625 0.68343750625 0.7788975359375 0.6783317828125 0.7796103203125 0.6704832171875 0.7757696578125 0.663519753125 0.7749777265625 0.6594456156249999 0.7643200859375 0.65579691875 0.7527369421875 0.6550639328125001 0.7437299515625 0.6560685828125 0.7254294546875 0.6623616515624999 0.7143590140625 0.659788034375 0.71138325 0.6611125953125 0.7081813 0.6599940203125 0.7062573249999999 0.661611553125 0.7026625 0.6623103171875 0.7001795140625 0.6610519890625 0.6964713171875 0.665006021875 0.6799149156250001 0.6719549109375 0.6780841093750001 0.6740517546875 0.67536765 0.680548825 0.6740891203125 0.6867663890625 0.676611403125 0.698462903125 0.6799727546875001 0.7055195359375 0.6891054765625 0.7166772421875 0.699609896875 0.72209669375 0.7043564140624999 0.7209253546875 0.7092561515625 0.7179832609375 0.7196146375 0.714974934375 0.732769284375 0.7084385671875 0.7370235765625 0.70089644375 0.7424160921875 0.6953714625
1 0.71218855625 0.5564978046875 0.7058845578125 0.5534951046875001 0.6867127046875 0.5482681703125001 0.6755157031250001 0.54696270625 0.6712019109375 0.547801221875 0.654678071875 0.566433159375 0.6543183124999999 0.570979871875 0.65886391875 0.589246975 0.66317715625 0.5973621312499999 0.6949238906249999 0.6058650890624999 0.6976998484375 0.606071628125 0.7009618515625 0.6049401390625 0.71168683125 0.596140240625 0.7161673109375 0.5910412515625 0.71975595625 0.5826336750000001 0.7180194249999999 0.5673024843750001 0.71218855625 0.5564978046875
1 0.74615841875 0.570040253125 0.7437354843749999 0.5665318609375001 0.7370588125 0.561611921875 0.7313671421875 0.560479878125 0.7256687390625001 0.5605926953125 0.7168879359375 0.56404048125 0.7183051109374999 0.576449228125 0.7180317859375001 0.5827201093750001 0.7186772312499999 0.5873201406249999 0.7222052718749999 0.5901163 0.7242953812499999 0.593191965625 0.72768366875 0.5952691609375 0.7317976546875 0.59596174375 0.7375493765625001 0.5948437234374999 0.74552478125 0.58981151875 0.7478949484374999 0.5853714437499999 0.7490269921875 0.5796797734375 0.74615841875 0.570040253125
1 0.4867320765625 0.6159908421875 0.48496805624999995 0.6145927625 0.478657325 0.6128349234375 0.4639519296875 0.613952390625 0.4607163109375 0.6190581140625 0.45519022187499997 0.6315729421875 0.45469744375000004 0.63415583125 0.46673914375000003 0.6474839 0.47093283125 0.6511455125000001 0.4738019578125 0.6518313609375 0.4803658125 0.651052896875 0.4909706890625 0.6467531265625001 0.49527829843750004 0.6382057984375 0.49690312031249995 0.629931240625 0.49606460312499995 0.6256174484375 0.4867320765625 0.6159908421875
0 0.7963171765625 0.706531934375 0.8032806406249999 0.7026912734375 0.8104169750000001 0.7022989500000001 0.8133259515625 0.7044693140625 0.8143642734375 0.70725200625 0.8166609218750001 0.7075517140625001 0.8217469953125001 0.705568240625 0.8255949453125 0.7023331734375 0.8404737609374999 0.695710371875 0.8430768515624999 0.692468571875 0.8435696296874999 0.689885684375 0.84094744375 0.67895471875 0.8277546078125001 0.6571455546875 0.8202192171875 0.6516464015625 0.8151000265624999 0.6509005015625 0.8098276140625 0.6519253546875 0.7952350375 0.658741225 0.7886644484375 0.66076455 0.78862404375 0.66823370625 0.787472353125 0.6687062828125 0.787079478125 0.6705236218749999 0.7805885890625001 0.6755159734375 0.7765273671874999 0.6827718593750001 0.7675467593749999 0.68775074375 0.7652832265625 0.6901804109375 0.76000408125 0.6924501234375 0.756229653125 0.6909454078125 0.7514629328125 0.6958513265625 0.7491196999999999 0.6953119640625001 0.7426490140625 0.6965697375000001 0.7420698015625 0.69742845625 0.7431277703125 0.7054302421875 0.7409972578125 0.7098237328125 0.7431872687500001 0.7121338500000001 0.7466883734375 0.7199094484375 0.7502096796875 0.72395046875 0.7547563921875 0.724310228125 0.763244221875 0.7219142296875 0.783701890625 0.71072506875 0.7891741078125001 0.708169115625 0.7963171765625 0.706531934375