0 0.559891859375 0.6457336609375 0.5647631765625001 0.646148059375 0.5709962015625 0.649541484375 0.58248938125 0.6492099671875 0.5968252609375 0.6514206125 0.6053820187500001 0.6512308421874999 0.6098079546874999 0.6504082421875 0.6128040203125 0.6485585515625 0.618067275 0.6377493234375 0.617886025 0.628948575 0.6149356609375001 0.6224940203125 0.6026284000000001 0.618155609375 0.5617996484375001 0.6120883390625 0.5589228671875001 0.61052214375 0.5567215187500001 0.603605165625 0.5531468453125 0.6010374406250001 0.5293293625 0.5975185328125 0.525635403125 0.59836669375 0.5216292874999999 0.6011582703125 0.519802059375 0.604514515625 0.5202474406250001 0.605751515625 0.5131197765625 0.627977240625 0.515692921875 0.631242859375 0.5147734984375 0.6365851203124999 0.5172839015624999 0.6486429671875 0.5230289421875 0.6520193515625 0.5461570499999999 0.6542927390625 0.5498850921875 0.652468609375 0.55398493125 0.646993121875 0.559891859375 0.6457336609375
1 0.406954628125 0.70903830625 0.40608090468749997 0.706076321875 0.39842963125 0.69432753125 0.393955671875 0.6895297968749999 0.38573663125 0.6870441765625 0.38181571875000003 0.687395834375 0.3582391296875 0.6909697312499999 0.35548705625 0.6928279421875 0.3491967109375 0.705067040625 0.346390415625 0.7154734890625 0.3459674953125 0.7205887984375 0.347680859375 0.727488734375 0.352741946875 0.7364598906250001 0.36031111718750003 0.7435643171875 0.3653923453125 0.7449632046875 0.37271210312499997 0.745218815625 0.384273446875 0.7429353625 0.39651022187499996 0.7353011296874999 0.40433268125 0.72116121875 0.406954628125 0.70903830625
1 0.6035377796875 0.4242215515625 0.6019235609375 0.42147799687500004 0.5947401296875 0.417318515625 0.5911143328125 0.4162147421875 0.5862004140625 0.4170203015625 0.5798546421874999 0.42152155 0.575847409375 0.42667463437500003 0.574255653125 0.430283390625 0.574127846875 0.43394326875000006 0.5752455624999999 0.43691377343750004 0.5785421625 0.44044894531249995 0.5857341140625001 0.44436443593749997 0.594256790625 0.4451506328125 0.5976982375000001 0.4445379421875 0.6040110453125 0.4386511546875 0.6049986328125 0.43135695937499996 0.6035377796875 0.4242215515625
0 0.35125479843749996 0.44326063125 0.34763752187499997 0.441912865625 0.3437166109375 0.44226452343749995 0.333783428125 0.45388783125 0.3312242234375 0.45721851406249997 0.330582871875 0.46159332812500004 0.3228030140625 0.47451327968749996 0.32139560624999997 0.4798384984375 0.3209695875 0.49203809375 0.324467578125 0.49680174531250004 0.3299856671875 0.49968162656250004 0.33760905937499996 0.4982378140625 0.3403866953125 0.49564762812499996 0.346390446875 0.48461996875 0.35146083125 0.47233826875 0.3531525125 0.45187703125 0.35093412343749997 0.4454480375 0.35125479843749996 0.44326063125
1 0.5746134781250001 0.65088925 0.5727382265625 0.648625159375 0.5638298109375001 0.64489401875 0.5592195265625 0.64400015625 0.5552730546875 0.6450837890625001 0.549372665625 0.6508220375 0.544457628125 0.6539891046874999 0.5425963171875 0.6583213156250001 0.542391828125 0.664177121875 0.54641730625 0.674822140625 0.5504629234375 0.677894890625 0.5579585093749999 0.6801109578125 0.5623333234375 0.6807523078125 0.5665237875 0.6796771953125 0.5740650734375 0.6735890171875 0.5779124015625 0.6683490015625 0.5781168906249999 0.6624931953125001 0.5746134781250001 0.65088925
0 0.396971878125 0.6801078375 0.4035852203125 0.6796059125 0.4058833921875 0.6767546921875 0.40978726249999997 0.67689101875 0.421720403125 0.6709562078125 0.43766508125000003 0.6690701140625 0.44975701093750003 0.6655837421874999 0.452761596875 0.663490059375 0.4541093625 0.6598727828125 0.4533409828125 0.6468986109375 0.450189228125 0.6392155765624999 0.44658047187500005 0.6376238187500001 0.44243260937500006 0.637478971875 0.434034640625 0.6401171828125001 0.4146144328125 0.6435919343750001 0.40253102500000004 0.6468343140624999 0.39727086875 0.65055925625 0.38578706406249996 0.6552883109375001 0.3831844015625 0.6551974234375 0.3757368390625 0.6586016906250001 0.3708229203125 0.6594072515625 0.3678438953125 0.6607689578125 0.36397100625 0.66674095 0.3607309484375 0.6685821203125 0.358407215625 0.6721653140625 0.3588440765625 0.67364630625 0.3548635234375 0.6757059078125 0.352769840625 0.672701321875 0.35362110156250004 0.6693109953125 0.352015403125 0.6663234499999999 0.35130898906249997 0.6655659140625 0.3495840046875 0.6659942546875001 0.347328434375 0.6676255140625 0.3466638453125 0.6866568828124999 0.34985820156249997 0.6931199578125 0.35494795 0.694274853125 0.3629005375 0.69039964375 0.377903328125 0.6875034999999999 0.38162284999999996 0.6859233625 0.3859976625 0.6865647140625 0.3924010953125 0.6850783 0.3927558515625 0.6819149265625 0.396971878125 0.6801078375
0 0.588320425 0.4752352203125 0.5911290421875 0.47875335156250004 0.6002899687500001 0.48224902187499996 0.6076438078125 0.48152866562499996 0.61090090625 0.47919951093749996 0.6148504781249999 0.4710315921875 0.6194669609375001 0.457756884375 0.62295953125 0.45568024375 0.6213569328124999 0.44560841250000005 0.6187411843749999 0.443562753125 0.6047259796875 0.43916469999999996 0.6033131515625 0.43764962656249995 0.6039715421875 0.43278682812499997 0.6034781375 0.42592949375 0.6023604234375 0.4229589890625 0.5985673171875 0.41965076874999996 0.591088771875 0.4169467171875 0.58692386875 0.4172898546875 0.579904646875 0.42241910625 0.5747436359375 0.43030043124999995 0.573841253125 0.4351547078125 0.570862228125 0.436516415625 0.5660079515625001 0.43561403125 0.5385081281249999 0.42561500781249995 0.5278236078125 0.423776159375 0.5233721109375 0.42533073593750004 0.519127425 0.43495408593749996 0.5185457171875 0.43762095468749995 0.519393878125 0.441314915625 0.522429446875 0.44532955 0.5342146421875 0.4506268875 0.5402718375 0.45205985625 0.56221096875 0.4603989609375 0.5655586921875 0.46247018124999995 0.584638084375 0.46875510625 0.586076475 0.46953820312500005 0.588320425 0.4752352203125
0 0.5278925265625001 0.5547177046875 0.528715128125 0.559143640625 0.5314896640625 0.5636377390625 0.5300566953125 0.5696949359375 0.5319489875000001 0.5714710421875 0.5330326203125 0.5754175140625 0.5355802046875 0.579415109375 0.537725009375 0.5809557437499999 0.5423693765625 0.5808736390625 0.545827865625 0.5797729656249999 0.5518285171875 0.5758295921875 0.5563993 0.5708591281250001 0.55602208125 0.5676701937499999 0.553953959375 0.5639336312500001 0.5487395046875 0.559354328125 0.5472616109375 0.5527069046875 0.5424956375 0.5422803171874999 0.5373663875 0.5352610953125 0.5224890796875 0.5205727812500001 0.5035297515625 0.4898631046875 0.5046590859375 0.48550533281249997 0.510770503125 0.4783900640625 0.510637275 0.47520965000000004 0.5063050640625 0.47334833906249996 0.4992835203125 0.46455301093749996 0.49474139843750004 0.4617072125 0.484340371875 0.4657412109375 0.467322903125 0.47736142031249995 0.4594129171875 0.4800166703125 0.458694884375 0.4865874109375 0.45929905312499997 0.49027285000000004 0.4634043140625 0.49163765625 0.46384117500000005 0.4931186484375 0.46857616718750006 0.49743691874999996 0.4794194765625 0.50172420625 0.5012308015625 0.5137231890625 0.506933240625 0.5183195328125 0.5118611015625001 0.524110275 0.5278925265625001 0.5547177046875
1 0.42948169687500004 0.46968845000000004 0.42572267343750003 0.4654042625 0.4207041875 0.4552131453125 0.418096959375 0.45292349375 0.41352075624999995 0.4510536640625 0.4015907140625 0.44990418906249996 0.3900293703125 0.45218764218749996 0.38320301875 0.45878936406250004 0.37577791718750003 0.46854594218749995 0.37473378749999997 0.47046379531250004 0.3746145015625 0.47387968125 0.37973213281249996 0.48822718125 0.383868375 0.49570030468750004 0.3881920671875 0.49780560625000003 0.41284376875 0.49842217343749995 0.42402789375000005 0.4929497859375 0.43237784062499995 0.48469124218750004 0.4327496375 0.481039884375 0.42948169687500004 0.46968845000000004
1 0.623788309375 0.5998399531249999 0.6383890984375 0.5734779859375 0.6407809953125 0.56794285625 0.6414990296874999 0.561372115625 0.640642346875 0.557922146875 0.6215978140625 0.529652390625 0.61437178125 0.52671286875 0.60268573125 0.5255719140624999 0.5752478734375 0.5277895265625 0.556932984375 0.5625719250000001 0.5567455359375 0.567939746875 0.5640281125 0.5762556109375 0.5725275484375 0.5916983625000001 0.5753532078125 0.5947285109375 0.576689353125 0.5984395109375 0.5804909781250001 0.601503740625 0.5863127031250001 0.6026841968750001 0.600472753125 0.6029343875000001 0.6156513734375 0.6019987 0.623788309375 0.5998399531249999
0 0.5118847140625 0.614376046875 0.5152514171875 0.601912709375 0.5152289546875 0.5955603984375 0.51055360625 0.5895341859375 0.5051602234375 0.5900787125 0.48175248593750003 0.6307905015624999 0.475819996875 0.6327819390625 0.47302532187499996 0.635860109375 0.47243509375 0.638770971875 0.47355280781250003 0.6417414765625 0.4814852546875 0.6454385359375 0.496989971875 0.6491557343750001 0.50409981875 0.648426859375 0.507382478125 0.645365728125 0.5108696265625 0.63644879375 0.5129152859375 0.6338330453125 0.5138292890625 0.6216504921875 0.5118847140625 0.614376046875
1 0.648950478125 0.452923525 0.6516545296875 0.4454449796875 0.651521303125 0.44226456562500005 0.6490844828125 0.435095075 0.6412372390625001 0.42895809687500003 0.6334294984375 0.42868544531249997 0.6277750828124999 0.42970943593750005 0.623499415625 0.4332244671875 0.619566884375 0.44090440312499996 0.6192121265625 0.44406777656249996 0.6213143296875 0.446828371875 0.62195258125 0.44953784375000005 0.6219835640625 0.4556461609375 0.6239099375 0.45644629999999997 0.6252886859375 0.4589373421875 0.6281739859375 0.46025954531249996 0.6389266703125001 0.46014645937500004 0.645111671875 0.45791955 0.648950478125 0.452923525
1 0.5855954765625 0.3573925546875 0.5822423328124999 0.3484810390625 0.5751781859375 0.340905671875 0.5701480812499999 0.33804283281249997 0.5628283234375 0.33778722031249997 0.55145985 0.3415431453125 0.54743669375 0.34482270625 0.542284203125 0.3524600390625 0.5401448203125 0.357759696875 0.5394097453125 0.364818421875 0.540425215625 0.37071682968749997 0.5455715078125001 0.3772480671875 0.5527038156249999 0.3828715 0.560207921875 0.3848435765625 0.5724415984375 0.384293628125 0.5786606812499999 0.38109075 0.5824909671875 0.37633871874999997 0.586003678125 0.3666898078125 0.5855954765625 0.3573925546875
0 0.7334491171875 0.5865691328125 0.7373529875 0.586705459375 0.7400880203125 0.58533523125 0.7434303234375 0.580566159375 0.7472094859375 0.577278078125 0.74731173125 0.574350175 0.758746046875 0.5547177359375 0.7610132359375 0.5457581984375001 0.7612262453125 0.5396584015625 0.758636059375 0.536880765625 0.7544796765624999 0.5369799109375 0.739156209375 0.5420634609375 0.734528884375 0.5416575828125 0.6797166875 0.5162917124999999 0.6618913375 0.5090734218749999 0.6586427593749999 0.5111585843750001 0.6565374562499999 0.515482275 0.6535158296875 0.5180639421875 0.6508969828125 0.5231025671875 0.6489504687500001 0.5298746984375 0.6485957109375 0.5330380734375 0.64929360625 0.5340396015625 0.66629325625 0.543916240625 0.6839257375 0.549662059375 0.7069229406249999 0.5626796109375001 0.7144355671875 0.56440769375 0.72261200625 0.5681132734375 0.725446184375 0.5708994296875 0.7296900921875 0.5822849437500001 0.7334491171875 0.5865691328125
1 0.7188831875 0.59094626875 0.7188862859375 0.5838619828125 0.71693745 0.576709534375 0.7139700453125 0.5707429640624999 0.709286175 0.5649607421875 0.7028262 0.5610708125 0.6914011828125 0.5594503953125 0.6757601390625 0.5596370671875001 0.6677905109375 0.5640002609375 0.656608709375 0.5833972281250001 0.6560184796875 0.586308090625 0.656892203125 0.5892700750000001 0.660625665625 0.5942862390625 0.6693605734375 0.609981503125 0.6744077203125001 0.6123563578125 0.6831488265625 0.6138830515625 0.6973003578125 0.614377234375 0.7049833921875 0.6112254796875 0.7133077765625 0.6036989109374999 0.7188831875 0.59094626875
1 0.6439087531250001 0.45738896406249996 0.6397012484375 0.45895206093749996 0.6376811499999999 0.4608358328125 0.631566634375 0.4750353859375 0.6309252828125 0.47941019999999995 0.6388801921875 0.48945956874999996 0.6512982187499999 0.490626084375 0.656952634375 0.48960209375 0.66121978125 0.48633105312499997 0.6656743781250001 0.477692190625 0.6661228593749999 0.47184490625000003 0.66342500625 0.46515487968749997 0.6563267796875001 0.4585554796875 0.6439087531250001 0.45738896406249996
1 0.70738150625 0.43761943125 0.7020648078125 0.43596803125 0.6947450500000001 0.4357124203125 0.687601121875 0.4374172640625 0.6833424953125 0.44044431250000005 0.6791489312500001 0.4486037109375 0.6780931812500001 0.45784984218749997 0.6870581390625 0.466957325 0.6901789109375 0.468532040625 0.69873566875 0.46834227031250003 0.7061235890625001 0.46664594687500005 0.7116703390625 0.461709565625 0.7157221546875 0.45061374374999996 0.714454171875 0.44495080781249996 0.7118980671874999 0.4411972046875 0.70738150625 0.43761943125
0 0.4082854046875 0.3211531484375 0.4113751953125 0.316619546875 0.41132175000000004 0.30415891875 0.40492451718750005 0.2914767625 0.40606237187499994 0.286874996875 0.4017472015625 0.28452570312500003 0.3993924859375 0.2820005796875 0.398947103125 0.2807635796875 0.40099276406250006 0.2781478328125 0.396762796875 0.27335861875 0.3923879828125 0.27271726875 0.3852440546875 0.27442211250000004 0.3663451359375 0.29794680156250003 0.3641747703125 0.29713814375 0.36179139375 0.30242928125 0.3609230921875 0.306307590625 0.3631500015625 0.31249259218750003 0.3629540328125 0.31810440624999997 0.363844796875 0.32057840625 0.36714991874999997 0.3238695859375 0.37960202656250003 0.324060134375 0.383480334375 0.3249284359375 0.393552165625 0.32332583593750003 0.3988433046875 0.32570921249999996 0.4082854046875 0.3211531484375
0 0.7459724859375 0.577723459375 0.740314971875 0.5858317359375 0.7411824953124999 0.6029622921875 0.7463202671875 0.609737521875 0.7566841140625 0.6137637765624999 0.7720300421874999 0.6150325359375 0.7823117828124999 0.614414425 0.7904316796875 0.6127436625 0.7952038515625001 0.6090016796875 0.79602103125 0.606587321875 0.79664611875 0.5816916265625001 0.79462911875 0.5764911140625 0.7891621515625 0.5721472828125 0.7880529578125001 0.5689327859375 0.7901652359375 0.5294316593749999 0.7892434890625 0.520849340625 0.7861994 0.517078696875 0.7806813109374999 0.5141988171875 0.7699627078125 0.5133359359375 0.76279321875 0.51577275625 0.7592750875000001 0.5185813734375 0.7563611265625 0.52507543125 0.7554843046874999 0.52919773125 0.756315425 0.5333796765625001 0.7557166765625001 0.5365345296874999 0.75836650625 0.537604221875 0.75928283125 0.539346246875 0.7589590562499999 0.5486179390625 0.7495789203125 0.5653906375 0.750688115625 0.568605134375 0.7466138375 0.573348646875 0.7459724859375 0.577723459375