1 0.69677734375 0.521728515625 0.700927734375 0.525146484375 0.71240234375 0.527587890625 0.716552734375 0.52734375 0.71875 0.52587890625 0.72802734375 0.515625 0.73046875 0.510498046875 0.730224609375 0.507080078125 0.728515625 0.50341796875 0.7255859375 0.498291015625 0.722900390625 0.49560546875 0.716552734375 0.492431640625 0.71044921875 0.49169921875 0.705078125 0.49169921875 0.700927734375 0.494873046875 0.6953125 0.501708984375 0.692138671875 0.50732421875 0.691650390625 0.51025390625 0.69677734375 0.521728515625
1 0.599853515625 0.52783203125 0.60693359375 0.533935546875 0.61181640625 0.536376953125 0.61865234375 0.536376953125 0.626953125 0.533203125 0.6298828125 0.5302734375 0.633056640625 0.524658203125 0.6337890625 0.515869140625 0.632568359375 0.51025390625 0.63037109375 0.5068359375 0.622802734375 0.501220703125 0.61376953125 0.500732421875 0.603515625 0.503173828125 0.60009765625 0.507568359375 0.59765625 0.512939453125 0.597412109375 0.515869140625 0.599853515625 0.52783203125
1 0.76318359375 0.6103515625 0.77099609375 0.6220703125 0.77587890625 0.62744140625 0.779052734375 0.62890625 0.802734375 0.630126953125 0.810546875 0.627197265625 0.818359375 0.62060546875 0.8251953125 0.60546875 0.82666015625 0.5966796875 0.824951171875 0.592041015625 0.8193359375 0.582763671875 0.810546875 0.573486328125 0.806884765625 0.57177734375 0.7998046875 0.570556640625 0.783203125 0.570068359375 0.778564453125 0.571044921875 0.771240234375 0.577880859375 0.7626953125 0.59228515625 0.76025390625 0.600341796875 0.760009765625 0.604248046875 0.76318359375 0.6103515625
0 0.50927734375 0.51611328125 0.511474609375 0.518798828125 0.512451171875 0.525390625 0.51513671875 0.53076171875 0.5166015625 0.538818359375 0.518798828125 0.542724609375 0.521240234375 0.552490234375 0.528564453125 0.571533203125 0.518798828125 0.583251953125 0.517822265625 0.5869140625 0.5185546875 0.592041015625 0.5234375 0.596923828125 0.52880859375 0.607666015625 0.53369140625 0.61279296875 0.536865234375 0.61376953125 0.544921875 0.613525390625 0.557861328125 0.610107421875 0.569580078125 0.601318359375 0.572021484375 0.59814453125 0.572021484375 0.5947265625 0.5693359375 0.584228515625 0.568603515625 0.57177734375 0.55126953125 0.561767578125 0.54736328125 0.553955078125 0.546875 0.550048828125 0.54296875 0.541748046875 0.533203125 0.51220703125 0.524658203125 0.492919921875 0.521240234375 0.490234375 0.516845703125 0.48974609375 0.50830078125 0.4931640625 0.50634765625 0.4951171875 0.505859375 0.501708984375 0.50927734375 0.51611328125
0 0.50390625 0.46337890625 0.505126953125 0.465576171875 0.497802734375 0.4814453125 0.494384765625 0.492431640625 0.4951171875 0.49560546875 0.4970703125 0.49755859375 0.498046875 0.497802734375 0.50146484375 0.493896484375 0.50244140625 0.493896484375 0.51123046875 0.495361328125 0.512451171875 0.496337890625 0.5126953125 0.498291015625 0.513671875 0.49853515625 0.513427734375 0.494384765625 0.51513671875 0.491943359375 0.521484375 0.491455078125 0.52978515625 0.495849609375 0.53466796875 0.49658203125 0.541015625 0.5 0.56005859375 0.507080078125 0.567626953125 0.5087890625 0.571533203125 0.507568359375 0.573974609375 0.5078125 0.5810546875 0.509521484375 0.585205078125 0.514404296875 0.587158203125 0.515380859375 0.595458984375 0.513427734375 0.60107421875 0.507080078125 0.603271484375 0.492431640625 0.599609375 0.487548828125 0.538330078125 0.464111328125 0.535888671875 0.461181640625 0.53466796875 0.457763671875 0.531494140625 0.455078125 0.529296875 0.4482421875 0.525390625 0.44580078125 0.519775390625 0.445068359375 0.509765625 0.44580078125 0.510009765625 0.447265625 0.50732421875 0.45263671875 0.50439453125 0.454345703125 0.5048828125 0.45849609375 0.50390625 0.46337890625
0 0.58935546875 0.668701171875 0.59130859375 0.67236328125 0.59521484375 0.6748046875 0.6123046875 0.678955078125 0.62109375 0.6787109375 0.628173828125 0.677001953125 0.630615234375 0.675048828125 0.6328125 0.671142578125 0.634521484375 0.659912109375 0.63427734375 0.65087890625 0.6328125 0.64794921875 0.62841796875 0.64501953125 0.626708984375 0.640869140625 0.632080078125 0.598876953125 0.6337890625 0.57373046875 0.6318359375 0.568603515625 0.626953125 0.565673828125 0.623046875 0.56494140625 0.615478515625 0.565673828125 0.61083984375 0.57177734375 0.607177734375 0.59228515625 0.6015625 0.63720703125 0.600830078125 0.638916015625 0.594482421875 0.64208984375 0.591796875 0.645263671875 0.589111328125 0.656494140625 0.588623046875 0.66455078125 0.58935546875 0.668701171875
1 0.48583984375 0.427734375 0.486083984375 0.430908203125 0.48779296875 0.431640625 0.51220703125 0.4345703125 0.52294921875 0.43310546875 0.52734375 0.4306640625 0.529296875 0.427001953125 0.531982421875 0.427001953125 0.533203125 0.428466796875 0.5322265625 0.425048828125 0.53466796875 0.423828125 0.537109375 0.420654296875 0.537841796875 0.407470703125 0.53564453125 0.405029296875 0.5302734375 0.393798828125 0.522216796875 0.389404296875 0.50439453125 0.388427734375 0.497802734375 0.39013671875 0.491455078125 0.39599609375 0.4833984375 0.407470703125 0.483642578125 0.422607421875 0.48583984375 0.427734375
0 0.5478515625 0.37548828125 0.552001953125 0.384765625 0.558349609375 0.3916015625 0.56396484375 0.394287109375 0.567138671875 0.39404296875 0.57958984375 0.391357421875 0.592041015625 0.38427734375 0.594970703125 0.380126953125 0.5966796875 0.375 0.599365234375 0.3720703125 0.62255859375 0.36279296875 0.627197265625 0.3623046875 0.6318359375 0.357421875 0.634765625 0.35205078125 0.635498046875 0.348876953125 0.635009765625 0.343017578125 0.6328125 0.3369140625 0.630615234375 0.33447265625 0.62353515625 0.332275390625 0.618896484375 0.332763671875 0.611083984375 0.33544921875 0.590576171875 0.34423828125 0.58740234375 0.344482421875 0.579833984375 0.340576171875 0.5751953125 0.340087890625 0.552001953125 0.348388671875 0.548583984375 0.352294921875 0.546630859375 0.358642578125 0.5458984375 0.36376953125 0.5478515625 0.37548828125
0 0.67138671875 0.3994140625 0.668701171875 0.404296875 0.665283203125 0.406982421875 0.661865234375 0.413330078125 0.662109375 0.41845703125 0.6640625 0.424072265625 0.667236328125 0.42822265625 0.67138671875 0.430908203125 0.68115234375 0.43359375 0.693115234375 0.433349609375 0.705810546875 0.42919921875 0.715087890625 0.42236328125 0.718017578125 0.41650390625 0.71826171875 0.41064453125 0.716552734375 0.405517578125 0.712646484375 0.40185546875 0.705810546875 0.3984375 0.70361328125 0.395263671875 0.700927734375 0.36328125 0.698974609375 0.348876953125 0.697021484375 0.34375 0.693359375 0.33984375 0.688232421875 0.338134765625 0.68505859375 0.338134765625 0.677490234375 0.340576171875 0.674560546875 0.343505859375 0.671630859375 0.3515625 0.669921875 0.3603515625 0.671875 0.38818359375 0.67138671875 0.3994140625
1 0.554443359375 0.428955078125 0.556884765625 0.433837890625 0.557861328125 0.44287109375 0.559814453125 0.446533203125 0.5654296875 0.451171875 0.571044921875 0.4599609375 0.576171875 0.4638671875 0.606201171875 0.4638671875 0.611328125 0.463134765625 0.614990234375 0.460693359375 0.63330078125 0.425537109375 0.633056640625 0.422607421875 0.630615234375 0.417724609375 0.626953125 0.411376953125 0.621337890625 0.404541015625 0.611572265625 0.395263671875 0.604736328125 0.392822265625 0.583984375 0.39306640625 0.575927734375 0.394287109375 0.5732421875 0.396240234375 0.569580078125 0.397216796875 0.567626953125 0.398681640625 0.556640625 0.415283203125 0.552978515625 0.4228515625 0.554443359375 0.428955078125
0 0.5166015625 0.368896484375 0.521240234375 0.370849609375 0.525146484375 0.37060546875 0.5263671875 0.369384765625 0.52734375 0.36328125 0.532958984375 0.357421875 0.544189453125 0.34912109375 0.546630859375 0.342529296875 0.546142578125 0.338623046875 0.544677734375 0.33740234375 0.53955078125 0.3388671875 0.53369140625 0.343017578125 0.520263671875 0.35595703125 0.517333984375 0.357177734375 0.513427734375 0.357177734375 0.5126953125 0.3583984375 0.5126953125 0.364013671875 0.5166015625 0.368896484375
0 0.645263671875 0.626953125 0.65625 0.650634765625 0.659912109375 0.662353515625 0.66455078125 0.671142578125 0.66357421875 0.675537109375 0.66162109375 0.677001953125 0.66015625 0.679931640625 0.6591796875 0.682861328125 0.659423828125 0.68603515625 0.661865234375 0.695068359375 0.670654296875 0.71484375 0.673583984375 0.71728515625 0.67724609375 0.71826171875 0.6845703125 0.718017578125 0.6962890625 0.715087890625 0.70361328125 0.712158203125 0.709716796875 0.707763671875 0.720458984375 0.7021484375 0.724609375 0.697021484375 0.725341796875 0.691650390625 0.724853515625 0.688720703125 0.720458984375 0.68017578125 0.717529296875 0.677734375 0.7177734375 0.67431640625 0.716796875 0.67138671875 0.71142578125 0.66259765625 0.708251953125 0.661376953125 0.7021484375 0.661376953125 0.69677734375 0.659912109375 0.695068359375 0.65380859375 0.690673828125 0.645263671875 0.690185546875 0.64208984375 0.687744140625 0.63916015625 0.677734375 0.614990234375 0.674072265625 0.609375 0.67138671875 0.606689453125 0.66796875 0.60546875 0.657958984375 0.60595703125 0.650634765625 0.609619140625 0.64501953125 0.615478515625 0.644287109375 0.617919921875 0.64404296875 0.6220703125 0.645263671875 0.626953125
0 0.786865234375 0.3818359375 0.79150390625 0.382080078125 0.802734375 0.385498046875 0.813232421875 0.38720703125 0.818115234375 0.38916015625 0.82958984375 0.390869140625 0.83544921875 0.394287109375 0.838623046875 0.398681640625 0.841796875 0.400634765625 0.862060546875 0.403076171875 0.869384765625 0.401611328125 0.87255859375 0.3994140625 0.875 0.39599609375 0.881591796875 0.37841796875 0.8828125 0.372314453125 0.883056640625 0.363037109375 0.8818359375 0.3583984375 0.879638671875 0.356201171875 0.876708984375 0.35498046875 0.857666015625 0.351806640625 0.853271484375 0.351806640625 0.849609375 0.35400390625 0.84814453125 0.3583984375 0.845703125 0.3603515625 0.794677734375 0.3525390625 0.791259765625 0.35302734375 0.787841796875 0.355224609375 0.78369140625 0.37255859375 0.783203125 0.378662109375 0.786865234375 0.3818359375
1 0.644287109375 0.53515625 0.64501953125 0.542236328125 0.646728515625 0.545166015625 0.657958984375 0.551025390625 0.66015625 0.551025390625 0.66748046875 0.548095703125 0.673583984375 0.543701171875 0.677001953125 0.536865234375 0.676513671875 0.530029296875 0.673828125 0.52197265625 0.66943359375 0.518798828125 0.662353515625 0.516357421875 0.658447265625 0.516845703125 0.6494140625 0.521728515625 0.646240234375 0.525146484375 0.644287109375 0.530517578125 0.644287109375 0.53515625
1 0.358642578125 0.44287109375 0.362060546875 0.448486328125 0.36279296875 0.45458984375 0.365478515625 0.456298828125 0.380615234375 0.458251953125 0.388671875 0.458251953125 0.392333984375 0.457275390625 0.396728515625 0.454345703125 0.40966796875 0.439453125 0.40966796875 0.433837890625 0.405029296875 0.417236328125 0.400146484375 0.41259765625 0.397705078125 0.407958984375 0.393310546875 0.404296875 0.381103515625 0.40185546875 0.36767578125 0.40380859375 0.360107421875 0.40869140625 0.352294921875 0.419921875 0.352783203125 0.428466796875 0.358642578125 0.44287109375
1 0.40771484375 0.428466796875 0.411376953125 0.435791015625 0.424072265625 0.4384765625 0.4287109375 0.4384765625 0.434326171875 0.434814453125 0.439453125 0.4296875 0.439208984375 0.41943359375 0.437255859375 0.415283203125 0.4365234375 0.408447265625 0.43798828125 0.406005859375 0.44287109375 0.404541015625 0.443359375 0.401611328125 0.4423828125 0.401611328125 0.44091796875 0.404052734375 0.4375 0.40283203125 0.435791015625 0.400390625 0.4306640625 0.40234375 0.42333984375 0.402099609375 0.416015625 0.403564453125 0.41455078125 0.405517578125 0.411376953125 0.40673828125 0.4052734375 0.414306640625 0.4052734375 0.41845703125 0.40771484375 0.428466796875
0 0.432861328125 0.448486328125 0.435302734375 0.453125 0.438232421875 0.45458984375 0.4609375 0.455810546875 0.4833984375 0.45556640625 0.48583984375 0.456298828125 0.502197265625 0.45556640625 0.507080078125 0.457275390625 0.505615234375 0.45947265625 0.505615234375 0.46142578125 0.509765625 0.46337890625 0.510009765625 0.460205078125 0.511474609375 0.458251953125 0.510986328125 0.454833984375 0.51318359375 0.453369140625 0.515869140625 0.453369140625 0.518798828125 0.4541015625 0.52197265625 0.45947265625 0.524658203125 0.460205078125 0.525146484375 0.463134765625 0.529052734375 0.462646484375 0.54443359375 0.466796875 0.548828125 0.466796875 0.553466796875 0.463623046875 0.55712890625 0.443115234375 0.554931640625 0.42822265625 0.552490234375 0.423583984375 0.54931640625 0.42236328125 0.54248046875 0.42236328125 0.533203125 0.41796875 0.52734375 0.42578125 0.519775390625 0.43017578125 0.517333984375 0.4306640625 0.50537109375 0.431396484375 0.494140625 0.430419921875 0.491943359375 0.43212890625 0.48779296875 0.4326171875 0.441162109375 0.43212890625 0.436767578125 0.433349609375 0.43212890625 0.43701171875 0.431640625 0.4404296875 0.432861328125 0.448486328125
0 0.55322265625 0.563720703125 0.56787109375 0.570556640625 0.579833984375 0.570068359375 0.58544921875 0.568603515625 0.58984375 0.565673828125 0.591552734375 0.5625 0.59326171875 0.5419921875 0.592041015625 0.5390625 0.585693359375 0.53369140625 0.587158203125 0.515625 0.5849609375 0.510009765625 0.58349609375 0.508544921875 0.576171875 0.50537109375 0.57373046875 0.50537109375 0.5703125 0.50634765625 0.566650390625 0.50927734375 0.564208984375 0.513916015625 0.562744140625 0.529052734375 0.5615234375 0.531982421875 0.554931640625 0.534912109375 0.55322265625 0.536865234375 0.552490234375 0.5400390625 0.55029296875 0.556884765625 0.55322265625 0.563720703125
1 0.33544921875 0.39306640625 0.34228515625 0.398681640625 0.349609375 0.40185546875 0.357666015625 0.4013671875 0.364990234375 0.39892578125 0.37548828125 0.38916015625 0.3779296875 0.375244140625 0.37646484375 0.363525390625 0.36474609375 0.356201171875 0.361572265625 0.355224609375 0.349365234375 0.354736328125 0.34228515625 0.3564453125 0.33642578125 0.359619140625 0.331298828125 0.364990234375 0.3291015625 0.37255859375 0.328857421875 0.381103515625 0.33544921875 0.39306640625
1 0.41552734375 0.404541015625 0.4208984375 0.404052734375 0.4267578125 0.405029296875 0.435546875 0.408935546875 0.440673828125 0.40673828125 0.443115234375 0.403564453125 0.443359375 0.395751953125 0.44091796875 0.384765625 0.43994140625 0.382568359375 0.43603515625 0.379638671875 0.428955078125 0.377685546875 0.423095703125 0.3779296875 0.416259765625 0.381103515625 0.412841796875 0.38427734375 0.41162109375 0.38671875 0.412109375 0.39501953125 0.41552734375 0.404541015625