1 0.5937701921875 0.176141021875 0.5869837078125 0.17502195781250002 0.580122278125 0.1759148578125 0.572898246875 0.1798764640625 0.5703371328125 0.1836408125 0.5684238203125 0.195011171875 0.570094134375 0.20016337499999998 0.57849775625 0.20619583593750002 0.5837988234375 0.20886424531249997 0.5920175484375 0.2081951578125 0.599976434375 0.202836484375 0.6015742687500001 0.19826919375000002 0.6027684343749999 0.1895406875 0.6023272937499999 0.18638545625 0.5980173296875 0.1787736640625 0.5937701921875 0.176141021875
0 0.49384753281249993 0.4872002375 0.458070259375 0.4918320125 0.4543099921875 0.4911098140625 0.451026603125 0.489041309375 0.4489312140625 0.4912205453125 0.4490453578125 0.4964385015625 0.45122751718750004 0.505223546875 0.45238460781249995 0.5069817125 0.454317065625 0.5075816171875001 0.4585601671875 0.5034619515625 0.46140950781249995 0.5023752234375001 0.49696203125 0.49554343906250004 0.500482090625 0.492820840625 0.501189678125 0.4901789859375 0.5003310765625 0.4886088671875 0.49384753281249993 0.4872002375
0 0.2686182875 0.5385114234375 0.2780093890625 0.534809396875 0.285190546875 0.53031941875 0.2898660859375 0.524853446875 0.2915117828125 0.519518978125 0.2898991046875 0.5156115625 0.2922245140625 0.5098860109375 0.2785620171875 0.49625674999999997 0.275532178125 0.49638825468750003 0.27046910468749996 0.4941974578125 0.264795859375 0.482149878125 0.24189905312499999 0.4412402421875 0.23590301249999998 0.43475094375 0.2281210875 0.434124484375 0.2202967390625 0.4379995640625 0.2176968609375 0.4412863015625 0.2166637328125 0.4447460921875 0.2188100375 0.45228635156249997 0.24729173593749998 0.5060107421875 0.2434301921875 0.514052815625 0.24326879375 0.51683195625 0.2451041109375 0.52293938125 0.2506065515625 0.53302575625 0.2530391296875 0.5360137171875 0.2577700015625 0.53902245 0.2636894953125 0.5392878109375 0.2686182875 0.5385114234375
1 0.6219089578125 0.2151667671875 0.61823305625 0.2091758546875 0.61113423125 0.2053791703125 0.594770278125 0.2044665765625 0.5863063578125 0.20743719375 0.585929240625 0.2092611109375 0.5879340562500001 0.213595378125 0.589184634375 0.22157748124999999 0.5916508953124999 0.22681621093749998 0.6006737906249999 0.2404546828125 0.6023292203125 0.24086654218749998 0.6105063875 0.238952665625 0.616619690625 0.23596127500000003 0.6214763750000001 0.22848333906249998 0.6227137515625001 0.2234891953125 0.6219089578125 0.2151667671875
1 0.5663448265625 0.2792748515625 0.574856646875 0.2774982625 0.5776563296874999 0.275166746875 0.58206088125 0.268506746875 0.5823616546875 0.265199234375 0.587179746875 0.260449678125 0.5973657875 0.2440967375 0.59883084375 0.2402966234375 0.5979215328125 0.233747353125 0.5842616031250001 0.20939261562499997 0.5741837328125 0.2027602515625 0.563473778125 0.20025333281250002 0.5480185796875 0.2004840078125 0.5347615171875 0.20499818906249997 0.5248821390625 0.21454806093749998 0.5170822421875 0.22665904218750002 0.5144740609375 0.2287009921875 0.5122582625 0.23490415625 0.5153809796875 0.24698172031249999 0.5190688203125 0.25345024375 0.5208111015625 0.260324846875 0.528730753125 0.26990362343749996 0.5284299796874999 0.273211134375 0.5292265234375 0.2745424484375 0.533464221875 0.2741571453125 0.5404745625 0.277186653125 0.5548841312499999 0.27917098125 0.5663448265625 0.2792748515625
0 0.77384984375 0.5195495859375 0.7774986 0.5165374203125 0.7805818859375 0.51089839375 0.785779971875 0.47985602031249996 0.7825261890624999 0.4635664828125 0.7817854609375 0.462473975 0.7782815953125 0.46146221093750006 0.7598228640625 0.47082746875000003 0.753828075 0.4723352671875 0.7352992781250001 0.4719810296875 0.67293181875 0.46759924374999995 0.6664533359375 0.46920856093749996 0.664878396875 0.471286278125 0.66156606875 0.489952309375 0.66171443125 0.4941642828125 0.6646773421875001 0.49853431718749996 0.66864971875 0.4981997734375 0.6969131625 0.5015027734374999 0.72621644375 0.5025907703125 0.734917109375 0.504258978125 0.7517015640625 0.5047297281249999 0.76079244375 0.51055915 0.768946296875 0.5190811859375 0.77384984375 0.5195495859375
1 0.5234691265625 0.2657666140625 0.52094320625 0.26177267187500003 0.5188159109375 0.26069515625 0.5119136734375 0.2610596859375 0.506990946875 0.263030103125 0.505185275 0.266880978125 0.505041184375 0.27564525 0.5036726359375 0.28140656875 0.505376415625 0.2935498859375 0.50848724375 0.2989259015625 0.51114480625 0.3011466859375 0.5193708671875 0.299522375 0.5207493328125 0.2985014015625 0.5242290374999999 0.292572809375 0.52427006875 0.27983536875000004 0.5256708953125 0.276563625 0.5252946328125 0.271396428125 0.5234691265625 0.2657666140625
0 0.7080768671875 0.26373571406249996 0.7111277734375 0.25910266875 0.7129071015624999 0.2497442734375 0.7116565921875 0.24276815312500002 0.7089835703125 0.2385861640625 0.706392428125 0.2371325578125 0.6984224546875 0.2365568578125 0.6310010671875 0.250190440625 0.6251437953125001 0.2476743109375 0.6203639359374999 0.24193719531250002 0.613280696875 0.23843007656249998 0.6094577250000001 0.2394810375 0.6053715359375 0.24283352656249999 0.6038156781249999 0.24266047343750002 0.60203873125 0.2402874109375 0.601802440625 0.2368426140625 0.6004887359375 0.2366188015625 0.5998652203125 0.23724869062499998 0.6007402296875 0.24130838593749998 0.5998897640624999 0.2432338234375 0.60127014375 0.24494122968749998 0.600314353125 0.2581205140625 0.6008266812499999 0.27224002812500003 0.6028340546875001 0.28155344531250004 0.609034040625 0.2962278859375 0.6147825109375 0.3017619609375 0.623030903125 0.30128091874999996 0.6294415390625 0.2934476640625 0.632322828125 0.286853415625 0.6362183359375 0.28379049218749997 0.6858081625 0.27314595 0.7013422031250001 0.268891346875 0.7080768671875 0.26373571406249996
1 0.6032890671875 0.44843571875 0.5943086453124999 0.4455227234375 0.590056784375 0.44514085000000003 0.584484334375 0.447024740625 0.5758409390625 0.45502526718749997 0.574121871875 0.4613657171875 0.5763837984375 0.47038956875000004 0.5754712984375 0.4733209875 0.579732771875 0.47844320468749996 0.5930709859375 0.482215684375 0.5999423484374999 0.4803168015625 0.608442490625 0.47284464687499994 0.61161936875 0.4672056203125 0.6090239953125 0.45550414687499996 0.6071268046875 0.4516474921875 0.6032890671875 0.44843571875
1 0.33743805312499997 0.58638580625 0.335961303125 0.5784544640625 0.3337265828125 0.57292616875 0.3295121484375 0.5665591640625001 0.3238399078125 0.5617415046875001 0.31262469375 0.5585689296874999 0.3021555625 0.5599844203125001 0.289553675 0.568080684375 0.2826299734375 0.5774990515625 0.2804450265625 0.5839410218750001 0.2815872734375 0.5926903 0.2867411375 0.60335580625 0.2934109421875 0.6092152140625 0.3024685109375 0.61308343125 0.3104976859375 0.613420325 0.3151628921875 0.6124558921875 0.3233391671875 0.6087688578125 0.3322947734375 0.60042800625 0.33500162499999997 0.5963740921875 0.33743805312499997 0.58638580625
0 0.5483892625 0.4716031 0.55639175 0.46643247343749994 0.5581512421875 0.45932484687499997 0.5614313875 0.45339625625 0.5637024703125 0.44044078437499995 0.5668948140625 0.43527936875 0.5668550406249999 0.42804944999999994 0.5641134296875 0.42238386875 0.5533751984374999 0.4183933578125 0.5359397546875 0.415056940625 0.5316294703125 0.4162094203125 0.5252506484375 0.42303669375 0.4775695125 0.409812240625 0.47013012187500003 0.409373828125 0.4661136640625 0.41071435312500004 0.46386018125 0.41318315468750005 0.4604922359375 0.419878921875 0.45921738593750006 0.4268850296875 0.4611079359375 0.4344760484375 0.4647158171875 0.4394609796875 0.5076231015625 0.4516886609375 0.5124847515625001 0.4519182546875 0.51637125 0.45584644531249996 0.518519334375 0.464631490625 0.5232205984375 0.46764022499999996 0.5311446328125 0.46797711875000003 0.5405167343749999 0.47150501250000004 0.5483892625 0.4716031
0 0.8115369015624999 0.6577130578125 0.8198725515625 0.661205184375 0.8265209812500001 0.661557071875 0.8371362609374999 0.665069971875 0.841402240625 0.6649234734375 0.8452055265625 0.662627725 0.8479747468750001 0.6590514234375 0.8509706484375 0.6541795734375 0.8555229578124999 0.6377493171874999 0.85627545625 0.6318507125 0.8557064656250001 0.6209879500000001 0.85474485 0.61769543125 0.84966215625 0.6105254828125 0.8241808031250001 0.60489096875 0.820156690625 0.60498670625 0.81270435 0.6102946203124999 0.8053969125 0.6115786046875 0.7789632765625 0.6073919171875 0.75766026875 0.6023780796875 0.742860790625 0.601740059375 0.7337971578125 0.6101316703124999 0.7339817609375 0.6133376625 0.7328542031249999 0.616319840625 0.7340611609375001 0.6277975015624999 0.73643775625 0.63179144375 0.7417167609375 0.63517626875 0.7502124984375 0.6358892546875 0.7530424578125 0.637292103125 0.7745721484375 0.6410103921875 0.7930241546875 0.64687215 0.8006552421875 0.6482657859375001 0.8087279828125 0.654059440625 0.8115369015624999 0.6577130578125
1 0.347955659375 0.5159636390625 0.34285248749999997 0.507787709375 0.3395381921875 0.5054803984375 0.315950515625 0.501639815625 0.3101171015625 0.5018520671875 0.3005144453125 0.510584003125 0.29309178125 0.521109871875 0.29122723281249996 0.528984675 0.2944351453125 0.5425458328125 0.30129648124999997 0.55410080625 0.3084508765625 0.5576079265625 0.3214233328125 0.5596580062500001 0.32728745625 0.5619353312500001 0.33907953750000003 0.559737671875 0.34931789375 0.5468802875 0.3555270671875 0.5413485625 0.3573490625 0.5379752984375 0.347955659375 0.5159636390625
0 0.5722037546875 0.5104857796875 0.5732552828124999 0.5082707765625 0.580425796875 0.48132386406250005 0.579698015625 0.4779805875 0.5777993859375 0.47512991250000003 0.5747299046875 0.47277184375000003 0.570348975 0.4714347484375 0.5555095718749999 0.46902356875000006 0.5482765328125 0.4710239703125 0.542688121875 0.4711854609375 0.5347119484375 0.468597796875 0.5267144984375001 0.468260903125 0.5225568609375 0.46912381718749996 0.5173476953125 0.47220173593750003 0.5140985796875001 0.48310947656250003 0.5151536203125 0.48913037499999995 0.51982518125 0.4941510734375 0.5391128515625 0.49938294218749996 0.5413446640624999 0.5014156796875 0.5440596890625 0.5068424546875 0.546031578125 0.5076811640625001 0.5561048875 0.5093343796875 0.5646221812500001 0.5120593296875 0.5682020703124999 0.5120651109375001 0.5722037546875 0.5104857796875
1 0.5921305109375 0.5387387203125 0.58883859375 0.5306850828125 0.5837066328125 0.5247599234375 0.5799342765625 0.52154815 0.5779806546875 0.5184586703125 0.5728273859375 0.5147842796875 0.5692266 0.5135337109375 0.5531490578125 0.5161166749999999 0.541547946875 0.51926955625 0.5302603312499999 0.5438226312500001 0.5297798921875 0.5486644953125001 0.5322541578125 0.5541420296874999 0.54377355625 0.568228128125 0.550411865625 0.5728427484374999 0.5578796890625 0.57304235625 0.5735194078125 0.57079971875 0.5806074015625 0.5680829000000001 0.586816228125 0.5578108296875001 0.5914205078125 0.54487613125 0.5921305109375 0.5387387203125
0 0.41337336562500004 0.5346080046874999 0.44125743125000005 0.533988596875 0.4539120625 0.5353222609375 0.4848480828125 0.534810153125 0.490161003125 0.5336934390625 0.493372796875 0.5310216 0.49561513437500004 0.520316896875 0.49379751875 0.514209471875 0.49105940156249994 0.512039446875 0.484698840625 0.5106308187499999 0.464316325 0.5109214640624999 0.452869175 0.5093340015625001 0.44828074375 0.5102984359375 0.4413496875 0.509758503125 0.41831071093750005 0.5106075062500001 0.41132832343750003 0.5098287671875 0.3939977578125 0.5102267140625 0.391809128125 0.5094387625000001 0.387909015625 0.5112569 0.3846727453125 0.5079436078125 0.3819159984375 0.4962928953125 0.38024653124999996 0.49439744374999994 0.3602898296875 0.4978433203125 0.3577150234375 0.5011300578125 0.355385184375 0.5126019375 0.3555251109375 0.5320409265625 0.3571315546875 0.5406886859375 0.35806136875 0.5414916296875 0.3638665984375 0.5450137421875 0.3765725609375 0.5465862109375 0.3800864984375 0.5488427625 0.383847778125 0.5475529953125 0.3853656265625 0.5370005718749999 0.39007773125 0.5342629796875 0.39975275 0.5334773796875 0.41337336562500004 0.5346080046874999
0 0.5486497375 0.4046083875 0.5481698140625 0.4129458078125 0.5493724515625 0.41618756718750005 0.56651544375 0.4230703 0.5739356765625 0.4235087125 0.5802980718749999 0.416681440625 0.5899041921875 0.3897045421875 0.58993106875 0.383958215625 0.5880033359375 0.3808687359375 0.5773289609375001 0.37587224375 0.5706244984375 0.37054120625000003 0.5664642609375 0.371165315625 0.563095665625 0.3731207390625 0.5609659078125 0.37731193749999997 0.5565067484374999 0.3812435578125 0.5554885828125 0.3812077921875 0.5371009015625 0.3755848390625 0.5220969906249999 0.3692512515625 0.49679349687499996 0.3608375953125 0.4872400359375 0.35635448125 0.4725443703125 0.351453725 0.4667284484375 0.3514271703125 0.46170416718749996 0.3527319296875 0.4593572109375 0.362959021875 0.46167491250000003 0.370209715625 0.46598342343750004 0.3737975796875 0.503550428125 0.3863747984375 0.5188987859374999 0.3931352390625 0.5247298828125 0.39440658125 0.52824675 0.39666313125 0.5405978359375 0.40005951875 0.5462748109375 0.40061444531249996 0.5474470984375001 0.401366628125 0.5486497375 0.4046083875
0 0.3392215984375 0.4755547390625 0.339639890625 0.47396962656249997 0.3443359546875 0.472238015625 0.3541498578125 0.4754255828125 0.357302825 0.4747657078125 0.3627475953125 0.4706310484375 0.3785663796875 0.45583901562499995 0.379299859375 0.4521911796875 0.3776290765625 0.4468001703125 0.363854975 0.42996491875 0.3566058640625 0.4257413828125 0.3538922859375 0.42256537656250004 0.3458487859375 0.4170105265625 0.34039466093750004 0.4164048421875 0.3228992234375 0.4293014234375 0.31854293125 0.43495544218750004 0.31894948125 0.44036144374999997 0.321641959375 0.44578821875 0.320805375 0.44895844374999994 0.31156203437499996 0.4566336390625 0.29758043437500004 0.4705419828125 0.2852509046875 0.480360646875 0.278484478125 0.48776705 0.2777146734375 0.4924208671875 0.2778482328125 0.4953880546875 0.2799888609375 0.49943275624999994 0.28835690468749997 0.5076652265625 0.29489950625 0.509790271875 0.29955924375 0.50906464375 0.305282875 0.5038732421875001 0.313932165625 0.49931751249999995 0.31738509531250003 0.49535012656250005 0.3282230828125 0.48684200312500003 0.3392215984375 0.4755547390625
1 0.4668450359375 0.255868096875 0.46741516875 0.25025905625 0.46637809687500004 0.24198738749999998 0.46712008281250006 0.23833955156250003 0.46572148125 0.23663214687499998 0.4657274203125 0.23313658906249998 0.4638013734375 0.232536684375 0.459924409375 0.22535174375000003 0.4502479609375 0.21861785937499997 0.44569656562500004 0.21656434687499998 0.43737603125 0.2160394078125 0.43285544218750005 0.21647547031249997 0.421934428125 0.2204820546875 0.41496980937499994 0.22616605937499998 0.41268223437499996 0.23213041875 0.4121488484375 0.2367334765625 0.41079645625000005 0.2387604328125 0.41064353125 0.24627991875 0.40883124843749996 0.25089796875000003 0.4116533203125 0.2602979125 0.417002378125 0.26717829531250004 0.430472834375 0.278368740625 0.434518128125 0.279278984375 0.44864408593749994 0.2758573109375 0.45467351875000006 0.2741107078125 0.46200319062500006 0.2700983421875 0.4668450359375 0.255868096875
1 0.63517838125 0.227210915625 0.6316928500000001 0.22691556875000002 0.62313645 0.22864139843750003 0.616983565625 0.23287757656250002 0.6154833203125001 0.2379224796875 0.6157130859375 0.2401224890625 0.6211462125 0.2467640671875 0.628683790625 0.252232390625 0.6420059046875 0.2482973390625 0.6443085265625 0.24683452031250003 0.6460762296875 0.2429836453125 0.6454939140625 0.2368612265625 0.6430588 0.231861303125 0.6400449874999999 0.22897486250000001 0.63517838125 0.227210915625