1 0.72408435625 0.58141545625 0.7205598140625 0.577627221875 0.712824203125 0.57616259375 0.7011252171875 0.57707649375 0.6951420828125 0.58026 0.6922073796875 0.5848711125 0.6895393234375 0.590543596875 0.6907010015624999 0.596564109375 0.6972926140625 0.6060436453125 0.704323059375 0.60935641875 0.717222275 0.609961453125 0.7194518140625 0.6071984890625 0.724387 0.6040331875 0.72848401875 0.5989281046875 0.7289993124999999 0.5902726703125001 0.72408435625 0.58141545625
1 0.5665713578125 0.64372741875 0.5665530234375 0.6394637234375 0.5611932921875 0.6284837640625 0.554821284375 0.6185284625 0.5476241 0.6131478625 0.52250713125 0.612999165625 0.5161711640625 0.6180857390625001 0.502523621875 0.63781093125 0.5007424234375 0.6431724078125 0.5120993406250001 0.6635220640624999 0.5172719734375 0.670951978125 0.52227646875 0.6725810578125 0.5418826484375 0.673241625 0.5513110703125 0.6713576812500001 0.553822953125 0.66941820625 0.5616591578125 0.65690233125 0.564471278125 0.6515226484375 0.5665713578125 0.64372741875
0 0.6407392468750001 0.2913117765625 0.644324228125 0.290122665625 0.6473151015624999 0.286042240625 0.6501027125000001 0.27089083125 0.6501406015625 0.2631320109375 0.6527424953125001 0.2476878 0.65203751875 0.2387577671875 0.648192909375 0.23562826406249998 0.62007145625 0.2329905875 0.612214065625 0.23721695625 0.6082576515625 0.2378204609375 0.587677284375 0.2366474125 0.574656478125 0.23794544375 0.57001294375 0.23713985312500002 0.5616729390625 0.23799913906249998 0.553295665625 0.2401027625 0.55088073125 0.24281080781250003 0.547331153125 0.262299034375 0.5501723359375 0.2697104390625 0.558809240625 0.27192543125 0.5998769609375 0.275753746875 0.6103155953125 0.2778774109375 0.6125072359375 0.279378140625 0.6127111203125 0.2839346390625 0.6145867640625 0.28786912187499997 0.6197317 0.28979100468749996 0.6407392468750001 0.2913117765625
0 0.752019478125 0.654157115625 0.7522982593750001 0.64971045625 0.7511480734375 0.6459407328125 0.753375840625 0.6364254 0.7608366796875 0.62734973125 0.7667011609375 0.6229218890625 0.7920711515625001 0.598128940625 0.8004781734374999 0.5915237390625 0.8050623109374999 0.5860527296875 0.808384565625 0.580545003125 0.8108163359375 0.5723289265625 0.808608584375 0.5665645015624999 0.8039696828125 0.56250166875 0.7979018156250001 0.5591157703125 0.7930770609375 0.5580173765625001 0.785394375 0.558272853125 0.7817570375 0.559699846875 0.7633469484375001 0.5743008328125 0.75493961875 0.5841632765625 0.7449365515624999 0.5921590625 0.7360282859375 0.6009052140625 0.7345805484375 0.6038329375 0.7272498671875 0.6101820499999999 0.7202721234375 0.6128530750000001 0.7115875640625 0.610875965625 0.7064843390625 0.6109669890625 0.6992278140625 0.6180846718749999 0.698447784375 0.6246722796874999 0.6998392078125 0.6284969234375 0.7088382296875 0.6410692484375 0.7186354296874999 0.651317659375 0.724424825 0.655892975 0.7367276406250001 0.6619511218749999 0.7452266562500001 0.6636354265625 0.7482701296875 0.6625743609375 0.7498104828125001 0.661421659375 0.752019478125 0.654157115625
1 0.3501710546875 0.5509855046875 0.357036515625 0.5437579828125 0.3600278234375 0.534407409375 0.36046099374999996 0.5282406468749999 0.358430834375 0.51726099375 0.3519617515625 0.5097943640625 0.34449566875 0.5043588453125001 0.3337379671875 0.5019423781250001 0.3199705640625 0.504612790625 0.31005829218750003 0.51165704375 0.3060141703125 0.5167621265625 0.30535553125 0.5206231796874999 0.302665478125 0.526533546875 0.3036234828125 0.538775740625 0.3061619671875 0.544357203125 0.3097161578125 0.5489140078125 0.3196458828125 0.5559051765625 0.32820314375000004 0.557827365625 0.33694876875 0.556785115625 0.3448106 0.5540409671875001 0.3501710546875 0.5509855046875
0 0.69542973125 0.3691248640625 0.7061135640625 0.374030003125 0.7190549359375 0.37593429375 0.7373204546875 0.3695129734375 0.739465084375 0.3669878921875 0.7409144953125 0.35653923125000003 0.7468402968750001 0.3511049359375 0.74836424375 0.347939328125 0.7480074359375 0.341845690625 0.7463715234375 0.3357153390625 0.741763509375 0.33017028593750003 0.7362335171875001 0.32742491406249996 0.7350298953125 0.3248995265625 0.7385126 0.2961153390625 0.7398110453125 0.290644021875 0.7414101609375 0.288246984375 0.740790109375 0.281091975 0.7428789140625 0.2722902921875 0.741939478125 0.26105455 0.74282371875 0.25949920625 0.740087578125 0.25149309375 0.7402664546875 0.24965405000000002 0.737163046875 0.24645142031249997 0.7276447796875 0.2485732484375 0.722659671875 0.25221431562499996 0.71848300625 0.26004595468749997 0.7167706671875 0.2661760015625 0.70816871875 0.3241285078125 0.7046507890625 0.32809909375 0.7010767203125 0.329050321875 0.69402215 0.335985040625 0.6914633140625 0.3424260953125 0.6908794296874999 0.350312959375 0.6925156578125 0.3531860703125 0.69292860625 0.36229906562499997 0.69542973125 0.3691248640625
1 0.7033115875 0.5452544375 0.7021217140625 0.5394718078125 0.696151975 0.5290956578125 0.690200740625 0.5197259625 0.685048921875 0.5145468375 0.67948814375 0.5067692 0.674577815625 0.5049022359374999 0.661799421875 0.5040043984375 0.65549380625 0.504827275 0.649281334375 0.5041679328125 0.6455053671875 0.505064240625 0.6410971421875 0.5043135703125 0.6315549828125 0.5059047109375 0.62381645 0.5139190078125 0.61352851875 0.5338823890625 0.60837545625 0.5417322328124999 0.60684970625 0.5471486296875 0.6223045375 0.5692004890625 0.6274372265625 0.5798876468749999 0.6327935250000001 0.5863660281249999 0.6410147265624999 0.588233296875 0.6742909187499999 0.5875227078124999 0.6821963015625 0.5853092453125 0.6904372515625 0.5751539984375 0.6997206625 0.556215275 0.7033115875 0.5452544375
0 0.524380115625 0.5430784515625 0.5299989328125 0.55286899375 0.5326873 0.5544795640625 0.53533726875 0.567106196875 0.5416848375 0.5705470140625 0.54579230625 0.5704741953125 0.5545115484375 0.568187609375 0.56043035625 0.5647662203125 0.5646498921875 0.5642176359375 0.5775143765624999 0.557356653125 0.5861032890625 0.5512821375 0.5887922796875 0.5463782234375001 0.58896069375 0.54240733125 0.581848478125 0.5302743640625 0.5754832734375 0.516055365625 0.5741390921875 0.5152500812499999 0.567007053125 0.5151396296875 0.56237701875 0.513089703125 0.5439909578125001 0.4695910171875 0.53853993125 0.46234406562499997 0.532528253125 0.46073319062499996 0.5261989484375 0.46155606718750003 0.5171995390624999 0.4650320703125 0.5121394968749999 0.4691489046875 0.5103653046875001 0.4745103828125 0.5121568203125 0.48318432656250004 0.5146396265625001 0.48675288281249995 0.5173084828125 0.49712872656249996 0.5201460640625 0.500276434375 0.5229269875 0.5101765109375 0.52835913125 0.5196742515625 0.5304493875 0.5281652328125 0.5255011015625 0.5350635421875001 0.524380115625 0.5430784515625
0 0.4896747859375 0.6229507953125 0.5022617859375 0.6177549953125 0.5124177999999999 0.61627369375 0.5223669937500001 0.6102358953125 0.524797978125 0.6065213968750001 0.5243649593749999 0.6029164312499999 0.518374525 0.5890451578125 0.5150400140625 0.5835368203125 0.5065798453125 0.58439610625 0.5053363921875 0.5831150546874999 0.5034524703125001 0.5801870250000001 0.503340003125 0.57414830625 0.4988185875 0.567121034375 0.498894196875 0.5646323625 0.49525819374999996 0.5593069875000001 0.48830579375000005 0.5559942140625 0.47835691718750006 0.558774771875 0.47298663281250003 0.561830234375 0.4709514921875 0.5638795484375 0.470574078125 0.5698084265625 0.4782787875 0.58732138125 0.47954066875 0.5928661281250001 0.4784474890625 0.5963794578125 0.4737742265625 0.600844015625 0.4739813625 0.6021432718749999 0.48040513125000006 0.61636226875 0.4844932109375 0.62304181875 0.4896747859375 0.6229507953125
1 0.5369895375 0.560225784375 0.534575940625 0.5529242203125 0.528322390625 0.5442681734375 0.5250148390625 0.5417791953125 0.5120118953125 0.540643475 0.500034653125 0.548254821875 0.4965363890625 0.551987525 0.4952241453125 0.5574588406250001 0.49775216875000006 0.5610273968749999 0.49940515 0.5704149921874999 0.503910203125 0.5744229046875 0.5119132015625001 0.5779553578125001 0.5160573359375 0.5791268765625001 0.5199924828125 0.5789991375 0.5299545515624999 0.57219276875 0.535696203125 0.5667035546875 0.5369895375 0.560225784375
1 0.40126283437500004 0.48805963124999996 0.4021458765625 0.48324704531249996 0.40133912968749996 0.4757992328125 0.403048228125 0.47292642812499996 0.40130208125 0.470529084375 0.3997629984375 0.4629165125 0.40100318125 0.4544258375 0.396909634375 0.45325431875 0.395576671875 0.45019824531249997 0.390206521875 0.4457327703125 0.37971001718749997 0.44011398125 0.37105338125 0.4386675578125 0.358715753125 0.441905371875 0.3487252125 0.44717460156250005 0.34449963906250003 0.45198688281250005 0.34188850312499997 0.4619230609375 0.34181189375 0.477440703125 0.3425815921875 0.4796183671875 0.34917199062500004 0.48761568437499997 0.365658265625 0.4983404734375 0.3730753484375 0.5017630875 0.38212680468750004 0.49828708437499997 0.38843666875 0.49444484843750003 0.39134733125 0.49409743125 0.40126283437500004 0.48805963124999996
1 0.761747515625 0.3448480703125 0.7633862375 0.34245103125 0.766836915625 0.3402005484375 0.76884225 0.334125421875 0.767243171875 0.325506396875 0.763947196875 0.322779534375 0.759764259375 0.3226144703125 0.746733125 0.3262731296875 0.7424920140625 0.329603190625 0.7387137187499999 0.331030184375 0.7380194906249999 0.333884784375 0.740891 0.34052761875000004 0.7414497015625 0.34365681718749996 0.7406589453125 0.3479936359375 0.7436269828125 0.3531542515625 0.745651171875 0.35134281875 0.7528027921875 0.3501540140625 0.761747515625 0.3448480703125
0 0.2958968328125 0.43847755624999996 0.31220029843749997 0.44287082499999997 0.32708558593750003 0.4434394515625 0.3323628515625 0.44085975624999996 0.3344625296875 0.43857255781250004 0.33682721875 0.4340894890625 0.33739518749999997 0.42845341406250004 0.337169075 0.41963322031250005 0.3357512109375 0.41255133437499997 0.329736946875 0.40845178750000005 0.3286402265625 0.4054506328125 0.33256176875 0.34017805156250003 0.3292336515625 0.3324189234375 0.3248458140625 0.33018603281250003 0.31472690625 0.3291786625 0.3098658140625 0.331099628125 0.30795524687500003 0.33367962812499996 0.3061199453125 0.3402854421875 0.3049084265625 0.3507890234375 0.3014610859375 0.40213602187499997 0.2996261015625 0.40548459374999996 0.2942920703125 0.40830217187500006 0.2923815015625 0.4108821734375 0.28997854843750004 0.4198668203125 0.28933468281249997 0.4279915671875 0.2911119546875 0.43465260624999996 0.2958968328125 0.43847755624999996
1 0.8032425296874999 0.317513059375 0.8033383921875 0.3095163546875 0.8016082453125 0.305874675 0.797348934375 0.30192168124999996 0.789096121875 0.298334309375 0.780728846875 0.2984799453125 0.77002190625 0.30512155625 0.7639741046874999 0.310793734375 0.7624716125 0.3127150046875 0.761919803125 0.316100290625 0.7620143953125 0.32113255625 0.7639725140625 0.3270799453125 0.7683456515625 0.3338144140625 0.7799834031249999 0.3374020921875 0.7847566859375 0.33595689375000004 0.7984304546875001 0.326717078125 0.80208215625 0.321264271875 0.8032425296874999 0.317513059375
0 0.44871836875 0.5780408718750001 0.4574177296875 0.576998621875 0.463853534375 0.574693525 0.46725864531249994 0.5722051593749999 0.47023381718749996 0.5661118265625 0.46763369062500004 0.5630190374999999 0.4648471359375 0.5531189609375 0.46443612031250003 0.5472632078124999 0.46166786406250004 0.5416268265624999 0.46019067812500003 0.5337763703125 0.45832015000000004 0.530848340625 0.455665128125 0.514964465625 0.44797829062499994 0.49218136250000005 0.44721209375 0.48348921406249995 0.4453229546875 0.47955473125000003 0.442798525 0.46745878437500005 0.44581091875 0.46337835937499994 0.452284259375 0.45982892656249996 0.4541178765625 0.4574868078125 0.45235964375000004 0.45408301093750003 0.44816941093749996 0.4501300171875 0.447028796875 0.4441095046875 0.4445598859375 0.438290159375 0.4407437609375 0.434922771875 0.4298180625 0.43671508125 0.41066047812499995 0.44191026874999995 0.4059646078125 0.4433554671875 0.40226015000000004 0.446026796875 0.399995653125 0.4545356765625 0.40065018124999996 0.4571891078125 0.398759478125 0.46954083593749996 0.399114659375 0.47237723125000003 0.4033799625 0.47384155312500004 0.41481067187500004 0.4731655359375 0.41752309375 0.4757825578125 0.4438546828125 0.5736852359375 0.44559430468750005 0.5760825796875 0.44871836875 0.5780408718750001
0 0.4974472890625 0.503659578125 0.48837614687500003 0.49712597187499996 0.485857925 0.4903001734375 0.48405883281250006 0.48914716562500005 0.4783955640625 0.494398496875 0.4729593375 0.5019555375 0.480307384375 0.5048474656249999 0.49572261093750003 0.516304109375 0.5078803749999999 0.52728468125 0.5149253796875 0.5303595718749999 0.5192056453125 0.5298109875 0.5192059625 0.5265537453125 0.5149074890625001 0.5195813921875 0.50632875 0.5131576250000001 0.4974472890625 0.503659578125
1 0.6277754921875001 0.22113344375000002 0.628865284375 0.2143628703125 0.6275703125 0.20680521875000002 0.6243411265625001 0.1998146609375 0.6189522968750001 0.1943427328125 0.6110283109375 0.18980382812500002 0.5989541078125 0.1875885296875 0.58986529375 0.18905162656250002 0.585827790625 0.1908994671875 0.5813394265625 0.194650375 0.5754421203125 0.20434836406249998 0.573282475 0.20586699375 0.5699956765625 0.2121432890625 0.568173546875 0.2187491015625 0.5676283375 0.22539162968749998 0.570857525 0.2323821875 0.5739743078124999 0.23659126874999997 0.5776736640625 0.236170728125 0.5815981375 0.2380558953125 0.58909056875 0.2389898359375 0.6094085375 0.2400530453125 0.6200560578125 0.23743724687499998 0.6277754921875001 0.22113344375000002
0 0.5660176296875 0.7612809406250001 0.56468168125 0.7572184140625 0.5709552109375 0.755389084375 0.578379734375 0.7508149937499999 0.586955253125 0.7434961421875 0.5975908624999999 0.737147334375 0.60354925625 0.7312372734375 0.615595603125 0.723205078125 0.61687646875 0.7209910046875 0.6176009234375 0.7146412796875 0.6125907296875 0.70347835625 0.607858428125 0.6976405 0.6020308375 0.694309521875 0.59434688125 0.694564996875 0.589818 0.69654088125 0.586569675 0.6995599343750001 0.5696417609375 0.7099888609375 0.5606950921875 0.71672210625 0.5550896953125 0.7189540796875 0.549948075 0.7235466796875001 0.548258821875 0.726419484375 0.5411688296875 0.7263090328125 0.53484021875 0.7218617625 0.5303301109375 0.7215868578125 0.5153881203124999 0.732217259375 0.5083532109375 0.7383834078125 0.506533465625 0.7472400109375 0.511320846875 0.7593544671875 0.5318457359375001 0.7878297890625 0.534648125 0.7899710453125001 0.539046825 0.7907217171875 0.548086125 0.78576349375 0.55222539375 0.78219555 0.5644016125 0.7746940421875 0.5665177171875 0.772168959375 0.5660176296875 0.7612809406250001
1 0.7729400562500001 0.280509428125 0.7772728671875 0.2744528125 0.77931554375 0.2681398015625 0.7782855093750001 0.262649975 0.775098884375 0.257434440625 0.770709753125 0.2539572140625 0.7636295484375 0.2518887765625 0.7592401 0.2516687921875 0.753209234375 0.25283939218749996 0.749182115625 0.25545580156250003 0.7429025171875 0.2630859671875 0.741375334375 0.26725802656250003 0.74267213125 0.27706646875 0.741354753125 0.282537784375 0.7443505609375001 0.28746051562499997 0.7461062140625 0.2888514078125 0.7495795453125 0.28962028281249996 0.7592362687499999 0.29075569843750004 0.762690615625 0.2905181203125 0.7645228515625 0.2894203390625 0.7729400562500001 0.280509428125
0 0.6801486703124999 0.4948565234375 0.6884529749999999 0.492990784375 0.6911223140625 0.4913441109375 0.6960537609374999 0.48219501249999996 0.697407646875 0.4742350234375 0.6946648546875 0.46859864218749997 0.6905872390625001 0.4654142171875 0.6837477703125 0.46210144375000006 0.6200029765624999 0.45684368593749997 0.6114949000000001 0.45741016874999996 0.60278305 0.456677396875 0.5992058 0.4546092640625 0.5945728078125 0.444031946875 0.5913293421875 0.440536515625 0.58728860625 0.439364996875 0.5837479265625001 0.4425670140625 0.5801141140625 0.45050849218750005 0.5759233765625 0.4673432875 0.575142996875 0.486959865625 0.577088209375 0.498177403125 0.5811101953125 0.501599709375 0.584891528125 0.5017098546875001 0.5866154578125 0.50084995625 0.5971446765625 0.4927261265625 0.6039847640625 0.48952441718750006 0.6574606734375 0.49419565 0.6801486703124999 0.4948565234375