1 0.3390165671875 0.5092991687499999 0.3279977703125 0.5156479765624999 0.318074825 0.523991484375 0.3166511984375 0.5309450203125 0.31695759218749997 0.543791025 0.3201488546875 0.55125735 0.32593611562499997 0.55779065 0.3342425296875 0.5626223593749999 0.3485482375 0.5687721406249999 0.3533553875 0.56957773125 0.3574897875 0.567729890625 0.3789505984375 0.5541538671875 0.3804698734375 0.5522325953125 0.3812781375 0.5456449875 0.378933078125 0.536861203125 0.37876123281249996 0.5245458843749999 0.3776848328125 0.52030039375 0.3740124359375 0.516987925 0.35538039062500004 0.509135940625 0.347881275 0.50748835 0.3390165671875 0.5092991687499999
1 0.4638065828125 0.5957377078125 0.46761827812499995 0.60982835625 0.46980255781249997 0.6130491890624999 0.470914621875 0.6140374375000001 0.4855114078125 0.6176436265625 0.49166810156249996 0.61694879375 0.49715005312500005 0.6113497390625 0.5005860281250001 0.609575021875 0.50324780625 0.6043783046875 0.50356591875 0.6009380984375 0.49915850937500006 0.5859690421875 0.4958420765625 0.58401075 0.4836284734375 0.5806609546875 0.47868329374999996 0.5808618171875 0.474174771875 0.583661190625 0.4665279671875 0.5903031078125001 0.4638065828125 0.5957377078125
0 0.409521478125 0.259724078125 0.4061185328125 0.25522219375 0.4028893703125 0.2532639015625 0.3990606109375 0.25267799062499996 0.3913835296875 0.2537569546875 0.38616222968749997 0.255623 0.3782918046875 0.2564091625 0.3717359984375 0.26048928125000004 0.36960855000000004 0.2637829328125 0.368718125 0.2728592140625 0.37469195312500003 0.2874441390625 0.3769928640625 0.289951321875 0.38211700625 0.2928247390625 0.3848818796875 0.29668609687499997 0.3976404234375 0.338811790625 0.39852923125 0.3460217203125 0.403458734375 0.36163130312499997 0.40626240625000004 0.36424832500000004 0.4102264765625 0.3653649234375 0.42213856875 0.3632066875 0.425658234375 0.36071832187499997 0.42691578906250005 0.3544784359375 0.42596894531249996 0.3475063890625 0.41042693750000003 0.2939983984375 0.4111240171875 0.28462931406249997 0.41354164375 0.280146246875 0.4136192421875 0.277657575 0.4124405765625 0.26837981875 0.409521478125 0.259724078125
0 0.5028803296875 0.25144344687500003 0.5002956265625 0.25036356406250004 0.4893527234375 0.24966719999999998 0.4816924703125 0.25145981562499997 0.46984388906249996 0.2513123421875 0.46678710625 0.254386315625 0.46448458125 0.26188874218749997 0.4636721203125 0.27398438125 0.46604846093749996 0.2835367359375 0.4655382078125 0.2921921703125 0.4671415203125 0.29630961718750004 0.471404928125 0.302275515625 0.4735744859375 0.30401412968749997 0.47774404531250003 0.3049477640625 0.5035169203125001 0.30194905781250003 0.5068755953124999 0.298692121875 0.5103478359375 0.29170217656249997 0.5155554078125 0.289360365625 0.5338754421874999 0.2894535296875 0.5575350671875 0.28773556875 0.5621200828124999 0.28475323124999996 0.56587513125 0.27983111250000003 0.5674606203125 0.2731703796875 0.56685778125 0.2637645796875 0.5632923234375 0.2592077765625 0.558500209375 0.257633615625 0.5431046234375 0.257193034375 0.5279352203125 0.2590581609375 0.5221808046875 0.258270775 0.50952070625 0.260447215625 0.5028803296875 0.25144344687500003
0 0.562471815625 0.46664661875 0.5534976281249999 0.4641388234375 0.548982025 0.46463248906250004 0.5294825921874999 0.4780622640625 0.525117671875 0.483350309375 0.524002078125 0.49237167187499997 0.5285925484375 0.4991610609375 0.5301789875 0.505529296875 0.5322002625 0.5089880124999999 0.542137146875 0.5204807609375 0.551167721875 0.5260079140625 0.55938628125 0.527344496875 0.5635055890625 0.52200153125 0.570572228125 0.5173176015625 0.5739734999999999 0.512816328125 0.58281643125 0.5050217109374999 0.5845363375 0.49889166406249996 0.584555765625 0.49338363281250003 0.5981414328125 0.480886575 0.6181511984375 0.46531585 0.622213803125 0.46021076718750004 0.62332908125 0.45444664843749993 0.6201179796875 0.44621175468749996 0.6150550828125 0.4403189796875 0.6087071140625 0.43764673125 0.60203771875 0.43740823593749995 0.5910976984375 0.444232809375 0.5729773171875 0.459474321875 0.562471815625 0.46664661875
1 0.36670857031250004 0.3503008671875 0.3656544015625 0.35558921875 0.3668064578125 0.3651048578125 0.374757521875 0.37355973593749997 0.380462803125 0.375774421875 0.390601315625 0.37767840625 0.3957702890625 0.3755195578125 0.401655225 0.37050611093749997 0.40431965156249994 0.3653093921875 0.404956175 0.3616862234375 0.3998485296875 0.3473209765625 0.3967674546875 0.3444111515625 0.3911218359375 0.34195858281249997 0.3862712921875 0.340677225 0.377265725 0.34076794062500004 0.369830196875 0.34545187187500004 0.36670857031250004 0.3503008671875
1 0.2633020046875 0.413642690625 0.26381402187499997 0.417009771875 0.26718316875000003 0.42299387499999996 0.2768579890625 0.4318331921875 0.2813707734375 0.43104672343750006 0.2855287046875 0.4316875546875 0.30143177187500003 0.42958454531249995 0.306595784375 0.419666875 0.3070692546875 0.4145065671875 0.301729790625 0.4055944328125 0.29503038125000003 0.3988963734375 0.28107868593749996 0.3964064765625 0.27516674375 0.3973941125 0.2695501859375 0.400449575 0.2645243921875 0.4076406875 0.2633020046875 0.413642690625
0 0.5511383453125 0.3052473 0.547479465625 0.3139573484375 0.54332555625 0.31930031406250003 0.541267396875 0.32460687187500004 0.5367704078125 0.3313771375 0.5327684500000001 0.3415144859375 0.5272804468750001 0.351322315625 0.5237365656249999 0.3530421125 0.5108572203125 0.3534435296875 0.5046647421875 0.358585021875 0.501157175 0.3786039359375 0.5019567390625 0.385045296875 0.5026233062500001 0.387698728125 0.5057855640625 0.391907809375 0.5093480828125 0.3944517078125 0.5164541640625 0.39853305156249996 0.52409381875 0.4014798984375 0.536439590625 0.40221297656250005 0.5415077421875 0.3995783609375 0.54562374375 0.3922224890625 0.555036296875 0.3845377109375 0.55656088125 0.38036565 0.5565994265625 0.37586407187500004 0.5532659468750001 0.36911139843749996 0.5499893296875 0.3653780828125 0.5506947609374999 0.36027269375 0.5636720625 0.33233111875 0.5762298312499999 0.30830551562499997 0.5802131546875 0.2939044734375 0.5798514390625 0.291068078125 0.5740794499999999 0.282521871875 0.5663061640625 0.2823015796875 0.5601519125000001 0.2861987359375 0.5564361703125 0.29188942500000004 0.5553304796874999 0.298659996875 0.5511383453125 0.3052473
1 0.40426003125000004 0.41667520781249995 0.39812589374999996 0.42282315312499996 0.37902191093750004 0.45288686250000004 0.3835451265625 0.465422165625 0.39090815 0.4758350296875 0.39348208281249997 0.48242294531249996 0.39929289687499997 0.491737721875 0.40357096875 0.494446378125 0.43067955781249995 0.49598596562499997 0.44745221874999996 0.4952189265625 0.45188222031249997 0.4929502390625 0.45756246875000006 0.48219087656250004 0.469092784375 0.466472984375 0.47269065625 0.45575003125 0.4685836640625 0.4458132390625 0.4561860875 0.4250060203125 0.45200281562500005 0.42081514374999995 0.4496366765625 0.41878372812500003 0.44422261875 0.41757549374999997 0.43329970468749995 0.416641246875 0.40426003125000004 0.41667520781249995
0 0.324634375 0.436101171875 0.3224242625 0.4343625578125 0.3176770625 0.433319084375 0.2829086640625 0.430186825 0.27458607968750004 0.43412039062499996 0.2710301390625 0.4368466390625 0.26668639843749997 0.43739522500000005 0.2594017875 0.4403041328125 0.260266390625 0.4432503671875 0.274737759375 0.4552009828125 0.280155784375 0.4751840984375 0.2798858453125 0.483894453125 0.28199907031250004 0.4936297703125 0.283650184375 0.5117826390625 0.2855138765625 0.51820579375 0.285608515625 0.5330097859375 0.2880292734375 0.5425621390625001 0.2913732828125 0.54505111875 0.2955054109375 0.5464605203125 0.31653223750000004 0.543314953125 0.318473696875 0.5407349515625001 0.31933894218750003 0.5371667015625 0.31999354062499996 0.5257847124999999 0.320128990625 0.5165436718749999 0.31584614843750003 0.4842819515625 0.3152903671875 0.468123784375 0.31333139375 0.453411121875 0.32163517812500003 0.4452138609375 0.3243842 0.43930349375000005 0.324634375 0.436101171875
0 0.4981296015625 0.501207621875 0.49784911718749997 0.49588255312499996 0.4992919484375 0.4919483765625 0.4967072859375 0.48660479843750004 0.4885022734375 0.48550609843750003 0.4791172171875 0.48288846406249997 0.47244821562499995 0.4828878515625 0.4662091046875 0.49300668906249995 0.456127925 0.52155238125 0.4588063921875 0.5254137390625 0.46824735781250004 0.5310507328125 0.47624580625 0.5373646609375 0.48100418749999996 0.5356815796875 0.48649377187500004 0.527648771875 0.49127079062499995 0.52697214375 0.5694599109375 0.5586367859375 0.578844965625 0.5612544203125001 0.58109291875 0.5615108140625 0.5853080265624999 0.5599557765625 0.5879309 0.557540534375 0.5896358937499999 0.5546677296875 0.5910041781250001 0.5467077406249999 0.5896557828125 0.5426452140625 0.58326820625 0.53819794375 0.5645356796875001 0.5317183375 0.5467213484375 0.522439053125 0.519015959375 0.5126830828125 0.500789434375 0.5040625265625 0.4981296015625 0.501207621875
1 0.538614953125 0.6000815671875 0.5284650015625 0.608132271875 0.526438528125 0.6132009468749999 0.5269971265625 0.622844628125 0.526166890625 0.628425784375 0.527362159375 0.6387099921875 0.5281338421874999 0.6398812046875 0.551653228125 0.6517960234375 0.559178103125 0.6534436140625 0.5732446984374999 0.64775384375 0.5832980296875 0.6411853578125 0.585304984375 0.638367471875 0.5860386 0.6342685359375 0.586714628125 0.6271502421874999 0.5859247187500001 0.61520085 0.58347498125 0.6078992859375 0.571628746875 0.599041459375 0.558566759375 0.5919219390625 0.5559426515625 0.591848509375 0.538614953125 0.6000815671875
0 0.53008726875 0.63402545 0.5300498828125 0.62224081875 0.5287589203125 0.6166960718750001 0.525617321875 0.61224910625 0.5175023421875 0.6087166546875 0.5052040984375 0.608276378125 0.501117684375 0.60662909375 0.49153657031250003 0.6145517546875 0.48719924687500005 0.61610679375 0.49313597500000006 0.6199135390625 0.49199713437500003 0.635449384375 0.4932874546875 0.647508615625 0.49220678749999996 0.6595493359375 0.49405581249999997 0.6747377640625001 0.49217268281250004 0.678501175 0.4822577734375 0.6841790546875 0.4816207515625 0.69331025625 0.48314151406250005 0.7141896796875 0.48751686875000005 0.717904790625 0.4949187640625 0.7200281484375 0.51313488125 0.7200114734375 0.537558134375 0.7183484328125 0.5419341328125 0.7155490578125 0.543264740625 0.7100777421875 0.5416097421875 0.682153146875 0.5307578109375 0.6757657890625001 0.5293703171875 0.6717032609375 0.5298529578125 0.6642921640624999 0.5283695828125 0.655197371875 0.5312820296874999 0.637795175 0.53008726875 0.63402545
0 0.4305053046875 0.5828152125 0.42075762812499995 0.5731524078125 0.41732267968750003 0.5721456484375 0.41152701406250003 0.574377621875 0.3970948078125 0.586234153125 0.390780475 0.59386431875 0.386327603125 0.6014031546874999 0.3870565921875 0.603818703125 0.390548815625 0.6078448203125 0.40549680312499997 0.619905275 0.4143818515625 0.6201073625 0.4204072484375 0.623438340625 0.42102104999999995 0.6263296546875 0.42526199687500005 0.627263290625 0.43124889218750007 0.6318386046875 0.43758135156250005 0.6349866203125 0.44113148750000003 0.6355176124999999 0.4477331484375 0.633212515625 0.45249308125 0.625490715625 0.45362587187500003 0.619726596875 0.4527435125 0.615773909375 0.43691316406249997 0.5997607656249999 0.435896525 0.5952773921875 0.437259371875 0.59181898125 0.43714450312500003 0.5890375062500001 0.43478443125000005 0.585761753125 0.4305053046875 0.5828152125
1 0.6294914140625 0.551414465625 0.6234247140625 0.5588616671875 0.6202263484375 0.565430765625 0.618655925 0.571853615625 0.6186941609375001 0.5771237625000001 0.621232146875 0.585193896875 0.6277818171875 0.59313629375 0.635339553125 0.5980411265625001 0.6476843859375 0.6007321921875 0.6604948515625 0.598262946875 0.6662511296875 0.594255953125 0.67134865 0.588601978125 0.6734422234374999 0.583295421875 0.6746832687500001 0.5760490828125 0.67421893125 0.568180421875 0.6720296046875001 0.5619402296875 0.6700337249999999 0.559250084375 0.6580578046875 0.5496236875 0.6470308124999999 0.5469693375 0.636642975 0.54821275625 0.6294914140625 0.551414465625
0 0.384298521875 0.46461688125 0.38401483125 0.46254905468749996 0.3727556890625 0.4434986546875 0.37090165937499997 0.436069046875 0.372246378125 0.42609615156249997 0.3749725203125 0.41793499531249995 0.37357226718750003 0.4151168046875 0.3693517296875 0.41542750625 0.3613835796875 0.4184095375 0.354361903125 0.4195983421875 0.347037075 0.4242273515625 0.3436676078125 0.43074153125 0.3408664671875 0.4316196328125 0.33721394375 0.4295515015625 0.3347156390625 0.43024664062499995 0.3198011234375 0.43844328906249996 0.31722655624999996 0.44488434374999997 0.31792668281249997 0.44629343906249996 0.336189621875 0.4533768546875 0.34065587656249996 0.45637831562500003 0.3452984296875 0.4622587546875 0.3638366296875 0.4938753046875 0.364688015625 0.4968215390625 0.3733170546875 0.5095219078125 0.37659016562500003 0.520776159375 0.379674678125 0.525223125 0.3841409328125 0.5282245859375 0.3879638609375 0.5295790671875 0.38936442968749996 0.529140015625 0.40687170625 0.5220232499999999 0.410732925 0.5188761546875 0.411566115625 0.5143014515625 0.40263487500000006 0.4952695625 0.39879343437500003 0.489651384375 0.398244884375 0.48652218593749996 0.39109204218750004 0.47415133593750003 0.38897251875 0.47217483906249996 0.388310365625 0.46952140781249996 0.384298521875 0.46461688125
1 0.348306353125 0.3642064078125 0.34216239531250003 0.368927053125 0.34065569375 0.37813137812500003 0.34167901562499997 0.3838590890625 0.346034971875 0.3905386375 0.35615304999999997 0.39617563125 0.3623968734375 0.39648725156250003 0.3719337203125 0.39248056249999996 0.374302953125 0.39072405 0.3752470546875 0.3859114640625 0.3759504734375 0.37879316875 0.3752084515625 0.3708695890625 0.3738635484375 0.368582084375 0.3703704578125 0.36609310625 0.362761759375 0.3624875296875 0.3572206828125 0.3615720984375 0.348306353125 0.3642064078125
1 0.28444985312500004 0.343028365625 0.280281815625 0.3493777859375 0.277342628125 0.3582525921875 0.278109734375 0.36919553125000004 0.281566053125 0.374465984375 0.2895734828125 0.383744353125 0.293816978125 0.391192471875 0.3006917265625 0.39646323125 0.30518551875 0.3974517859375 0.317956784375 0.3957511125 0.3326679734375 0.39147043593749997 0.33595234375 0.3876828140625 0.34186860937499997 0.37520334843750003 0.34361715937500004 0.365816059375 0.33998825 0.35800201249999997 0.3276602625 0.3437641984375 0.31953723749999996 0.338218840625 0.3123548765625 0.3363882859375 0.29689504218749996 0.3372469609375 0.2886175703125 0.3399361890625 0.28444985312500004 0.343028365625
0 0.46528986874999995 0.779241359375 0.466333328125 0.7827182796875001 0.480665221875 0.7879896515625 0.4836561515625 0.7881180015625 0.4853826109375 0.7867274171874999 0.484540525 0.777028815625 0.4919496328125 0.75754089375 0.4998200578125 0.7416579375000001 0.5006438515625 0.734063875 0.49907849375 0.7304771156250001 0.49745255468750005 0.7303854796875 0.49309630000000004 0.7334776578125 0.4892416375 0.7389304625 0.4730191640625 0.7693422 0.46601280625 0.776386759375 0.46528986874999995 0.779241359375
1 0.50331635 0.5561787078125 0.4993097890625 0.564595953125 0.506506778125 0.5781562203124999 0.5104922843749999 0.581761490625 0.525265734375 0.5824032406249999 0.5295491484375 0.581561853125 0.5331387750000001 0.5780670328124999 0.5386128171875 0.5692107375 0.5397833875 0.5634466171875 0.5381380234375001 0.558084834375 0.531356975 0.5493738687499999 0.5238019015625001 0.547012628125 0.5148188031250001 0.5471033453125 0.5102180875 0.548127696875 0.50738209375 0.550780821875 0.50331635 0.5561787078125