1 0.6009396625 0.4124968875 0.5938447296875 0.4059143578125 0.5847453171875 0.40164807500000005 0.578999478125 0.40151695312499996 0.5701531531249999 0.4043645921875 0.5610337515625 0.41086542187499997 0.5567881203125 0.41866401093750005 0.556096321875 0.42791875468749996 0.5587107390625 0.43494240624999997 0.5669435593750001 0.443802 0.5776232593749999 0.44792691875 0.583889790625 0.4480921015625 0.592736115625 0.4452444625 0.5994577796875 0.4393209984375 0.6045208609375 0.4310864078125 0.604389734375 0.418840990625 0.6009396625 0.4124968875
0 0.370716803125 0.4419751953125 0.3748937140625 0.4437259875 0.376750515625 0.44605414374999997 0.391389965625 0.45365170624999995 0.3934757734375 0.45281376562500003 0.394981984375 0.449489275 0.399095453125 0.4451173578125 0.40136973749999993 0.43817374062500003 0.4017749015625 0.432572184375 0.4003285609375 0.42806914531249995 0.38991886875000004 0.4214917359375 0.3880620671875 0.41916357968750007 0.38093260624999997 0.41623423906249996 0.3674946 0.40602579375000003 0.35528625156250004 0.3998162640625 0.3539685171875 0.39703507656250003 0.35654756718749997 0.38937784999999997 0.35499553125 0.3863360859375 0.3356700375 0.373526996875 0.33041499218750003 0.37268226718749997 0.3266239046875 0.37609703125 0.309014403125 0.402561834375 0.30774249375 0.4061469015625 0.3085211609375 0.4093811203125 0.315005859375 0.4142247671875 0.3255388640625 0.4190973546875 0.332293096875 0.42371448593750005 0.3375076140625 0.421619634375 0.3417902203125 0.42190915156250003 0.34989741875 0.428820378125 0.3630253625 0.4363157578125 0.370716803125 0.4419751953125
0 0.49004939687500004 0.38966524375 0.5103102390625 0.426268590625 0.51315703125 0.42915195937500006 0.516416828125 0.42986044687499997 0.521592790625 0.4287397796875 0.5282134093749999 0.4252688046875 0.530996365625 0.422029465625 0.5310619375 0.4176286078125 0.5296066234375 0.41312556875000006 0.5090391265624999 0.37723583125000004 0.5053148828125 0.36890929843750003 0.498873253125 0.35942124999999997 0.49698188125 0.353909965625 0.491919334375 0.346472465625 0.490281440625 0.3409782125 0.49743914062499994 0.33362753437500003 0.4976163921875 0.33119207500000003 0.493590821875 0.3270058234375 0.48770932812499995 0.316821196875 0.4847916375 0.3149120109375 0.4811365578125 0.3161348609375 0.45132872031250004 0.3337111296875 0.4514280046875 0.339346746875 0.456178565625 0.34407118125 0.4589952359375 0.350868315625 0.4629091265625 0.35308916875 0.46750722656250004 0.35290862500000003 0.47167459687499996 0.3551465078125 0.47427856718749994 0.36486619375 0.477832625 0.3685312921875 0.480395815625 0.37531139687500004 0.49004939687500004 0.38966524375
0 0.47540811875 0.42990486250000004 0.47664130781249997 0.4268068859375 0.47922364687499996 0.42600300625000004 0.4780150265625 0.42176054374999994 0.4819061015625 0.42031117812499996 0.48259118125 0.4108128875 0.480651784375 0.40970246093749996 0.4793026359375 0.407408365625 0.48078875468750004 0.39380385625000003 0.48073777812499996 0.38401092812500004 0.48186029062499997 0.37894755468749997 0.47910929218750004 0.3750900015625 0.47627574531250005 0.3758768515625 0.46711987656250004 0.383821925 0.46061133125 0.3865622609375 0.43963286874999996 0.3834268875 0.43552571718750005 0.38437213125 0.415353575 0.3805572109375 0.41253759375000004 0.3811005140625 0.40300927656249996 0.3802098125 0.40033382656249994 0.37880474999999997 0.39103915 0.378174625 0.388170471875 0.379448565625 0.384957471875 0.3784965328125 0.381983396875 0.38123175 0.3807853390625 0.38384263281250003 0.3801283890625 0.399950725 0.381728746875 0.40226185000000003 0.3860923859375 0.40476031093750003 0.40333786875 0.40715313750000004 0.4098745453125 0.4110226 0.4152025984375 0.4106496 0.447360853125 0.415277109375 0.46581653906250003 0.422891453125 0.4721072890625 0.43017055937500004 0.47540811875 0.42990486250000004
0 0.42887902499999997 0.36991098125 0.4350566953125 0.3703197109375 0.43821752812500003 0.369549890625 0.44116954531249997 0.36460573125 0.44321794375 0.357888628125 0.44322512031250005 0.3507917359375 0.441142484375 0.347472365625 0.431391759375 0.3429114453125 0.4254894921875 0.34227620000000003 0.420850828125 0.33854298125 0.4202946109375 0.33556933906249997 0.41192089843749996 0.329875840625 0.39858453125 0.32483295 0.3943815 0.32920486718749997 0.3866918828125 0.34925399375 0.3851762875 0.35576161093750003 0.3857559140625 0.36191838125000003 0.38919756250000004 0.3643487203125 0.39204699375 0.3642925078125 0.396003446875 0.36675690781250003 0.404078346875 0.36949379375 0.4115322078125 0.363134328125 0.4197745140625 0.3671059734375 0.42315674999999997 0.36684027656249996 0.42887902499999997 0.36991098125
1 0.42804112656250004 0.47433084374999995 0.425002084375 0.4719345671875 0.4157784453125 0.46963368125000005 0.409593846875 0.46972907499999994 0.4057025453125 0.471439015625 0.3976452234375 0.4819387625 0.39880591875000004 0.49131271875 0.40060767343750003 0.4958327890625 0.403628025 0.49847261249999997 0.410980771875 0.500654284375 0.4195147375 0.501442803125 0.42283411718749997 0.5001858921875 0.429336434375 0.49595021875 0.43279971249999993 0.48931826718749993 0.43285016093750006 0.48516095625 0.42804112656250004 0.47433084374999995
0 0.4076063234375 0.3285780796875 0.4162587734375 0.3347927296875 0.419225021875 0.3357277328125 0.4292638359375 0.3437493859375 0.43084901093749994 0.3463040578125 0.43762951718750004 0.350434096875 0.4424096421875 0.350757675 0.44945576093749995 0.3407109609375 0.4526858984375 0.3379927734375 0.4510426578125 0.3327420671875 0.44148942187499995 0.32499802031249997 0.43278419375 0.3195140078125 0.42983024687500004 0.3149087859375 0.4233769859375 0.3132482671875 0.4161988640625 0.307622890625 0.391001559375 0.2924567046875 0.389791121875 0.28821424218749997 0.3912196859375 0.2824372625 0.3785541703125 0.27227990625 0.37256889531250004 0.2711405390625 0.37043306249999997 0.27270911875000003 0.3596765171875 0.28862308593749997 0.3548946671875 0.29882307343750003 0.35502839375 0.3039715984375 0.360463009375 0.309234215625 0.3723280046875 0.312974225 0.37746262656249996 0.3101402203125 0.37909793281250004 0.31025091875 0.38762194375000003 0.31474371562500003 0.393612509375 0.31930975625 0.3970643375 0.32052236562499997 0.40197818906249994 0.3259944671875 0.4076063234375 0.3285780796875
0 0.46902300781250006 0.8436024296875001 0.4759022671875 0.841366215625 0.48321280624999996 0.8332848984375 0.485257875 0.8265677953124999 0.4856711859375 0.8209662390625001 0.48463244375 0.814044771875 0.4798539234375 0.7983096796875 0.4807452625 0.7932292765625 0.48546799375000005 0.7852212015625 0.4867241375 0.778696553125 0.4865875421875 0.773548028125 0.483403075 0.7677080468749999 0.4816472890625 0.76000485 0.47585704062499995 0.7544816562500001 0.469630109375 0.7513768921875 0.457844778125 0.750106403125 0.45079838437499997 0.7511078578125 0.4420303859375 0.7544425890625 0.435431484375 0.7598789609375001 0.432042184375 0.763814878125 0.42770763125 0.7735618343749999 0.42696369531249995 0.790644109375 0.4283258984375 0.79318175 0.43196502031249995 0.79635975625 0.442912921875 0.8019800125 0.44434700468750005 0.8035434703125001 0.4485864234375 0.8265849390625 0.45394538906250004 0.837953234375 0.4590904765625 0.841720515625 0.465425228125 0.8433640046875001 0.46902300781250006 0.8436024296875001
0 0.4850317609375 0.414409865625 0.482619371875 0.4086380046875 0.475432528125 0.4082122453125 0.47150643593749997 0.41727965625 0.472067325 0.42098393593749994 0.46900168437499995 0.44062600312500005 0.46458105312500003 0.44868516875 0.4684046640625 0.451359053125 0.4720815171875 0.45231108593749997 0.48218330312499996 0.4524200578125 0.48443684375 0.44961671875000003 0.4812424421875 0.442819584375 0.4830758109375 0.4346071453125 0.4850317609375 0.414409865625
0 0.6183580078124999 0.7971085265625 0.6210112703124999 0.7950869171875 0.6440755 0.7917657640625 0.65842584375 0.7910316749999999 0.6663559703125 0.7888806125000001 0.6701002234375 0.78913606875 0.6784946734374999 0.7875061578125 0.68270325 0.7882827671875 0.7002235453125001 0.7853175828125 0.7062091015624999 0.7822996390625 0.707719009375 0.7787316015625 0.7070521859375 0.7740361078125 0.70426099375 0.7674825203125 0.6986367437500001 0.7619593265625 0.6956937062499999 0.7610243234375 0.6841415109375 0.7612151093749999 0.67777890625 0.762494171875 0.6741097218750001 0.7646912046875001 0.6612221671875 0.76601456875 0.6501342984375 0.76672650625 0.6411480921875 0.7661134125 0.6370494921875001 0.7673022015625001 0.6293637359375001 0.766043621875 0.6230761984375001 0.7697751734375 0.616069471875 0.76954186875 0.6136431234375 0.76839738125 0.608622834375 0.761446971875 0.6054650890625 0.7600078484375 0.6003209078125 0.7652858265625 0.59019659375 0.766552978125 0.586829390625 0.7680364046875 0.5805366046875 0.7683412828125 0.579229196875 0.7760836609374999 0.5796691078125 0.7839452515625001 0.5812698265625 0.7931097234375 0.5843857031249999 0.80213283125 0.5901199328125 0.8096214234374999 0.6029027546875 0.8097593359375 0.6075581999999999 0.8113006421875 0.614187878125 0.8097950656249999 0.616179565625 0.806504634375 0.6183580078124999 0.7971085265625
1 0.4250617 0.45304528906249997 0.42255567968749996 0.44725639843750004 0.416369959375 0.44049844531250004 0.40927739374999994 0.4385773484375 0.39940453593749997 0.437947225 0.3902183984375 0.44935303125 0.3892555765625 0.4549205265625 0.391171953125 0.46140599375 0.396116796875 0.466861065625 0.40351912343749996 0.47173877343750004 0.40291643125 0.4761055703125 0.4155639703125 0.47201804999999997 0.42088199218750005 0.472602203125 0.422031403125 0.4645992484375 0.42497401406249996 0.457689690625 0.4250617 0.45304528906249997
1 0.615429025 0.6837387968749999 0.6019842859375 0.6823831546875 0.5936416421875 0.6838035796875 0.5862196234375 0.694093840625 0.58579446875 0.6996953968749999 0.5913069796875 0.7110636921875 0.59569553125 0.71624115625 0.6000415546875 0.718479040625 0.6130500234375 0.7185828921875 0.61886010625 0.7155308875 0.6237976468750001 0.709975303125 0.6255075671875 0.704945990625 0.6249492734375 0.6983021296875 0.615429025 0.6837387968749999
1 0.6046570171875 0.36869268437499997 0.600088875 0.3568883875 0.598373803125 0.3555514453125 0.5767596078125 0.3499635828125 0.5635638921874999 0.35667901562500004 0.5501752296875 0.369500128125 0.5496702906250001 0.3763194140625 0.5517208109375 0.3801258765625 0.5554666 0.3960363921875 0.5723846515625 0.402048346875 0.5879843671875 0.40136534843750005 0.5953802390625 0.3959800671875 0.6012648296875 0.3900055109375 0.6051403890625 0.383164075 0.6058491187499999 0.3770924578125 0.6046570171875 0.36869268437499997
1 0.35727620781249997 0.476228346875 0.35438127656249996 0.473344978125 0.34809931875 0.47072730468749996 0.331027190625 0.4669072640625 0.3273463515625 0.467643021875 0.320301934375 0.4718276046875 0.310283296875 0.48119989218750003 0.30675749375 0.4868406296875 0.306618715625 0.4922156703125 0.3085835421875 0.500666534375 0.3139408125 0.5122783765625 0.32628300625 0.5170096 0.3385657078125 0.5190447875 0.3445844765625 0.5182187578125 0.35758275156249997 0.5070854359375 0.3632608140625 0.5003632125 0.3625487734375 0.49248459218749996 0.35727620781249997 0.476228346875