0 0.7437165421875 0.45368009843749996 0.7416157265625001 0.4604808734375 0.7398828171875 0.4630832140625 0.735009434375 0.4662053859375 0.7303884140625 0.46660967343750004 0.724584740625 0.4703033796875 0.7188327765625 0.4717869046875 0.6966305125 0.4813266203125 0.68612070625 0.4844517671875 0.6803078828125 0.49084208125 0.6786813640625 0.49466048125000006 0.680247025 0.49574886874999996 0.6870020453125 0.5113327125 0.6892243546875 0.5143242375 0.695602540625 0.51719724375 0.70143961875 0.5166865656249999 0.72894998125 0.5061923046875 0.7686238999999999 0.5002705546875 0.7738256078125 0.49809995156250003 0.7806142546875 0.4972609484375 0.791726025 0.49261269687500003 0.7952039734375 0.4903478296875 0.796407903125 0.48730162187500004 0.79560848125 0.475362975 0.79338319375 0.4667350265625 0.7848193015625 0.4500840734375 0.7757202546874999 0.44132228125 0.7696399656249999 0.4418542375 0.759458484375 0.4459309546875 0.74864163125 0.44834774531250005 0.7437165421875 0.45368009843749996
1 0.34605213125 0.6031654859375 0.3460551078125 0.608801909375 0.348754690625 0.6144474828125001 0.3553152296875 0.6222059984375 0.3636178296875 0.6246655671875 0.36823885 0.6242612796875 0.3756507390625 0.622142384375 0.379107409375 0.61963430625 0.3874102296875 0.6024879984375 0.3856530640625 0.59921070625 0.376161859375 0.5887677124999999 0.3722583453125 0.586168346875 0.36660064375 0.5859281125 0.3571792265625 0.5874875984375 0.3513542765625 0.59093809375 0.3479310125 0.5966292015625 0.34605213125 0.6031654859375
0 0.45530782968750005 0.4149484859375 0.44341174062500005 0.41623433125 0.44130794843750004 0.4173986828125 0.438465371875 0.4213234734375 0.441292403125 0.44803419375000003 0.4429887109375 0.456218275 0.4471992703125 0.4595259953125 0.4600164984375 0.46036521874999997 0.46663491874999996 0.4575805234375 0.4700581828125 0.4518894171875 0.473271640625 0.4494026171875 0.482164078125 0.4473992625 0.48757856874999994 0.44766077656250003 0.49572009375 0.4454780453125 0.5515310906249999 0.4391247765625 0.5535985 0.42914097343749996 0.5525892703124999 0.42040663437500003 0.5513610859375 0.417573209375 0.549795425 0.41648482031249995 0.5430797640625 0.4153568515625 0.4677692828125 0.42292595781250003 0.46619149374999996 0.418897753125 0.4632182703125 0.4157268515625 0.45530782968750005 0.4149484859375
1 0.24459430937499999 0.2586463359375 0.2423566734375 0.266684446875 0.24445429062500001 0.273853125 0.2537235640625 0.284560609375 0.260271975 0.2893793078125 0.26378332968749996 0.2902974703125 0.2724325546875 0.2883153953125 0.27925163125 0.2850229984375 0.2836447640625 0.2736103546875 0.2841403375 0.2708711921875 0.283398575 0.267995209375 0.2812918078125 0.2635231375 0.275038315625 0.25647297812500003 0.2687118375 0.2513897890625 0.26438573593750003 0.249562615625 0.25609526250000003 0.2500428640625 0.24901169687500002 0.253113328125 0.24459430937499999 0.2586463359375
1 0.59344088125 0.5820119203125 0.58405286875 0.5867544359375 0.58246890625 0.5910592593749999 0.5825052890625 0.5998787125 0.5828182890625 0.611859915625 0.5847912140625 0.623205746875 0.6043817640625 0.6342356031249999 0.6089297984375001 0.6357982859375 0.6121553843750001 0.6362513046875 0.6245044921875 0.631739871875 0.6410156484375 0.6187768921875 0.6414444109375 0.6096716718749999 0.6390855015625 0.5883116078125 0.6384288515625001 0.586408471875 0.6347047156250001 0.58305819375 0.6311933625 0.58214003125 0.6104505875 0.5719462015625 0.60658048125 0.572529865625 0.598207871875 0.5776736921875 0.59344088125 0.5820119203125
0 0.5457791265624999 0.44060830156249997 0.5064852390625 0.44527143750000003 0.497200640625 0.4455935875 0.49023261875 0.44718350312500005 0.486976603125 0.44918388125 0.48557201875 0.45273779062499997 0.4848604640625 0.4670142890625 0.48587884375 0.47305202343749997 0.487307684375 0.475377746875 0.49171889843749994 0.4781777671875 0.500200875 0.47988642343750004 0.54322805 0.475876959375 0.55141213125 0.474180653125 0.5544157828125 0.474898159375 0.5562793390625 0.4793915109375 0.5600885890625 0.48371463593749997 0.5712358203125001 0.4834745984375 0.5793023046875 0.48203365312499996 0.5878998234374999 0.48226176093750006 0.5905113171874999 0.481298065625 0.5920648500000001 0.4794466359375 0.59319281875 0.472730975 0.5907853984375 0.4396116421875 0.5883686078125 0.4287947890625 0.585480496875 0.426596734375 0.5781203140625 0.42650544687499997 0.5547932796875 0.42879137187499994 0.5518898453125 0.4376229515625 0.5498498875 0.4395169359375 0.5457791265624999 0.44060830156249997
0 0.6910890140625 0.4207882109375 0.6904566203125 0.42476470937500005 0.6922259125 0.43098182031250004 0.68759871875 0.4397191359375 0.675273865625 0.45011020156250003 0.6597264046875 0.465684675 0.649155740625 0.4737166109375 0.64767816875 0.4792374921875 0.6486114359374999 0.48430237812500004 0.6623557578125 0.49853951875 0.66666058125 0.50012348125 0.672126778125 0.49817481093750005 0.679240771875 0.49265095312499996 0.6849684828125 0.48528779375 0.69218886875 0.48097999375 0.7174405390625 0.45867475625000004 0.7205000218750001 0.4581620125 0.7262933968749999 0.461821403125 0.73042799375 0.461459671875 0.7396670578125 0.455014675 0.746917871875 0.44825348125 0.7517365703125 0.44170507031249995 0.7524328 0.43845820625 0.751213765625 0.4329281734375 0.7445559859374999 0.42125699375 0.733541675 0.41021203437500003 0.7207518984375 0.40128299375000004 0.7174624781250001 0.40010034218749996 0.7131059484375 0.40072656249999994 0.698254715625 0.4130541703125 0.6910890140625 0.4207882109375
1 0.7446219140625 0.5060465546875 0.7379851921875 0.5142244609375 0.7359573640625 0.5190582640625 0.7354313609375 0.5242508203125 0.7360088499999999 0.5364539578125 0.7413958875 0.5448052875 0.7488228828125 0.5512626328125 0.7606793921875 0.5551267875 0.7732625609375 0.5532906828125 0.7808112703125001 0.5499344515625 0.78787058125 0.5409843515625 0.79170430625 0.5315812359375001 0.7927046046874999 0.52340630625 0.7921847750000001 0.5202658328124999 0.7909353125 0.5171891953125 0.785982990625 0.511005490625 0.7725152859375 0.49993010312499997 0.7695024828125 0.5019092015625 0.76541959375 0.5000607484375 0.7562413875 0.5015989578125 0.7446219140625 0.5060465546875
0 0.5563946609375 0.4975168390625 0.5206457546875 0.48667529062500003 0.516690534375 0.48628610781250003 0.4919621109375 0.47815648906249997 0.482285353125 0.4767974375 0.47336866093749996 0.47292115625 0.46314164687500003 0.47087502499999995 0.4602018296875 0.47088715312499996 0.455413559375 0.4749821703125 0.4523307484375 0.48456466249999997 0.45418515312499996 0.4917546203125 0.46241476718749996 0.496181159375 0.494366553125 0.5056394 0.4990726875 0.506207959375 0.5081474781249999 0.5090901156250001 0.5107710984375 0.5110662375 0.5366091890625 0.51787340625 0.53996244375 0.51978569375 0.551299125 0.5205093749999999 0.5519983296875 0.522898934375 0.5506179999999999 0.5323324796875 0.5518461859375 0.5351659046874999 0.5562361218749999 0.5377227140625 0.564125284375 0.5382578671875 0.5736226640625001 0.5403678328125 0.5798823296875 0.5390849640625001 0.5830928125 0.530961740625 0.5848014671875 0.5224797640625 0.5865556546875 0.5201206328125 0.5891946 0.5110671203125 0.5913654234375 0.49666295156249995 0.589650815625 0.49387208281249995 0.5738695140625001 0.48716535156249996 0.5711182234375001 0.4837299609375 0.567533884375 0.48477876875000003 0.565493928125 0.48667275468750004 0.561617646875 0.49558944687500006 0.558989 0.4972898625 0.5563946609375 0.4975168390625
0 0.618006684375 0.72274036875 0.6153617859375 0.720521034375 0.613607596875 0.722880165625 0.607825203125 0.726817084375 0.6010729390625 0.7364755390625 0.6062229390625 0.7365151187500001 0.6095912984375 0.747003646875 0.610719046875 0.7598938609375 0.60779135625 0.76284580625 0.60372059375 0.763937171875 0.6028966953125 0.765724765625 0.6056994718750001 0.78655585 0.607870075 0.7917575578125 0.6101866484375 0.793025321875 0.6373625125 0.7899125234375 0.648909 0.787431896875 0.6519005250000001 0.7852095875 0.65109195 0.775967546875 0.64815533125 0.762010221875 0.6466839328125 0.7591980734375 0.639460571875 0.7578694500000001 0.6376304203125 0.7565591281249999 0.6319365578125 0.727893565625 0.6276621625 0.723856209375 0.618006684375 0.72274036875
1 0.3663479515625 0.3477390671875 0.36595876875 0.3516942875 0.3682144859375 0.357868840625 0.377571846875 0.37518559375 0.382174565625 0.38017451874999997 0.3881605921875 0.38136632187499997 0.3943564234375 0.3793538171875 0.3952958640625 0.37608567656249997 0.394107259375 0.36810225 0.389057696875 0.35800588125 0.3840202625 0.35084933125 0.38268568593749996 0.346799846875 0.378411290625 0.342762490625 0.3746992828125 0.3423520296875 0.368831775 0.34531610156250003 0.3663479515625 0.3477390671875
1 0.48761406875 0.53490373125 0.48768088125000003 0.5412697890625 0.4898970171875 0.5525943421874999 0.4959953875 0.56627505 0.5013581703125001 0.5687467453124999 0.523621071875 0.5739061171875 0.5282420921875 0.5735018296875001 0.530811028125 0.5720517109375 0.5345200593749999 0.5668257484375 0.5470759968750001 0.5534735859375 0.5478147828125 0.5507131453125 0.5469757796875 0.5439244999999999 0.5409261390625 0.5223971859375001 0.5384606171875 0.5194269390625 0.5228282640625 0.514422690625 0.511628403125 0.5124616734375 0.5070712171875 0.5135955937500001 0.5047880484375 0.5155108578125 0.48761406875 0.53490373125
1 0.30259498125 0.4537967421875 0.300029021875 0.46088328437500004 0.30055182812500003 0.4696601796875 0.3039810453125 0.47524191875 0.308763140625 0.47947992968750003 0.3162418421875 0.4837270921875 0.320461553125 0.484338209375 0.3294908109375 0.48109751875000006 0.336045396875 0.47758318906249997 0.338684340625 0.468529675 0.3382892046875 0.46121205 0.33596050312500003 0.45700446718750004 0.3248093734375 0.44719684375 0.32074776250000003 0.445591603125 0.3168776546875 0.4461752671875 0.3080703296875 0.4491514671875 0.3050362484375 0.450887353125 0.30259498125 0.4537967421875
1 0.37443887187499997 0.24973714062500002 0.371122 0.25664430625 0.369887640625 0.262143909375 0.3701155265625 0.273152265625 0.37546298437500003 0.286653596875 0.39004333281250003 0.302042959375 0.3948133 0.303341153125 0.39663132343749996 0.3017116578125 0.39708434062500003 0.298486071875 0.40392469531249997 0.2954368875 0.40605891562499996 0.2918191421875 0.41946300625 0.2825590203125 0.42844055625 0.2815285140625 0.4295715015625 0.280449275 0.43032858906250004 0.27229562343749997 0.42874782343750006 0.26263099375 0.4204818265625 0.249385003125 0.41244073906249995 0.2415109453125 0.40504715156250004 0.238236628125 0.38970354218750003 0.23933394687499998 0.3849031453125 0.24048914687499998 0.3781479046875 0.2445111796875 0.37443887187499997 0.24973714062500002
0 0.41346782812500005 0.28406382343750003 0.39877171875 0.289760884375 0.3948924609375 0.293041153125 0.39582870312499996 0.3037424640625 0.39374001718749996 0.3134830546875 0.3944605 0.31611582656250004 0.3964183203125 0.3188854171875 0.4058001578125 0.32247593124999996 0.4087003953125 0.327613803125 0.4117068046875 0.35357360937500004 0.41482533750000006 0.4116281953125 0.4170627515625 0.4231959609375 0.421516521875 0.4264824046875 0.4333609046875 0.42740674062500006 0.437832978125 0.425299971875 0.43952333125000004 0.4222112078125 0.44114687343750003 0.412756384375 0.43994911718749996 0.4074695640625 0.437702771875 0.378992528125 0.4347027578125 0.32509381875 0.435377709375 0.3216037421875 0.441944421875 0.32102922968750003 0.446510759375 0.3171987015625 0.448760521875 0.312100409375 0.4482832484375 0.3094463609375 0.4449695734375 0.30238407343749996 0.44353775625 0.29442192500000003 0.441367153125 0.2892202171875 0.437527475 0.28735048750000003 0.4321312875 0.2816957625 0.4162374203125 0.282106003125 0.41346782812500005 0.28406382343750003
0 0.5225075453125 0.6480156453125 0.5161719171875 0.6456290625000001 0.5072460734375001 0.6444493859375 0.5026220765625 0.63921725 0.4984966296875 0.636882375 0.4975359109375 0.6399073046875 0.49828980156249997 0.6457231046875 0.4963287828125 0.656922965625 0.496574971875 0.6625381109374999 0.49774527500000004 0.6759147484375 0.503119965625 0.7009321374999999 0.50450625 0.7027714390625001 0.5085040265625 0.7036470453125 0.515374809375 0.698144465625 0.5228141515625 0.687935753125 0.5248753859375 0.686284978125 0.5310712171875 0.6842724734375001 0.5382611749999999 0.68241806875 0.5975075640624999 0.673313509375 0.60967729375 0.669552990625 0.6144868421874999 0.6657011859375 0.6161346390625 0.662125996875 0.613556771875 0.646666846875 0.6121158046875 0.6414013046875 0.6082214421875001 0.6361053328125 0.5999309703125 0.6365855828125 0.5775250734374999 0.6409965765625001 0.5682404765625 0.6413187265625 0.524960940625 0.6480460734375 0.5225075453125 0.6480156453125
1 0.253858178125 0.479382028125 0.254262465625 0.4840030484375 0.257956171875 0.48980672031249994 0.263881340625 0.4959053125 0.2707459484375 0.49873576249999996 0.28215561562499997 0.49749247187499995 0.28614126562500003 0.49542826093750003 0.28791673125 0.4933123421875 0.291370425 0.48516784062499996 0.2927537328125 0.48137071875000004 0.29216091718750004 0.48019721718749997 0.2886374359375 0.47633923749999996 0.283779378125 0.4684317734375 0.2752427171875 0.463296878125 0.2646265203125 0.46520596718749996 0.2601331703125 0.46706952343749997 0.2554725703125 0.4726238109375 0.253858178125 0.479382028125
0 0.1949634859375 0.5737412921875 0.189430478125 0.569323903125 0.18333508437499998 0.56127961875 0.17133877656250002 0.5530163781249999 0.165574684375 0.5515600859374999 0.158035125 0.5522197109375 0.1468503671875 0.558834934375 0.14467359062500001 0.5619662562500001 0.14371287187499998 0.5649911859375 0.1444667609375 0.5708069859375 0.1483732515625 0.579042775 0.16350385781250001 0.595119215625 0.16523974375 0.598153296875 0.1885695359375 0.621109671875 0.195151353125 0.6291114 0.1973645125 0.6347995296875 0.1978113546875 0.6399069734375 0.1963246328125 0.6481244609375 0.19735514062499998 0.6571020109375 0.19845565625 0.6584761671875 0.204241028125 0.660175671875 0.2110083953125 0.6590934578125001 0.21787002812499998 0.6562874843750001 0.2245188765625 0.6510493937499999 0.22921288281250002 0.6486781359375 0.2408719359375 0.6390805390625001 0.247393115625 0.6323831796875 0.250773821875 0.62620565 0.2517649703125 0.620727325 0.25118130625 0.6168572171875 0.24999567812499998 0.6145102140625001 0.2445477828125 0.6110656718749999 0.2292984375 0.61043923125 0.22623095000000001 0.6089920890625 0.218463503125 0.598643359375 0.20288903125000002 0.5830958984375 0.1949634859375 0.5737412921875
0 0.5763108890625 0.74476876875 0.5780680546875 0.7480460609375 0.5871458234375 0.756564640625 0.59068760625 0.755029409375 0.593296121875 0.7484292906250001 0.6081656546875001 0.7307084703125 0.61299648125 0.7270998750000001 0.6167480703125 0.7223603359374999 0.6192835999999999 0.7177271890625 0.6201470796875 0.7107895937500001 0.6184750265625001 0.7084851484375 0.6175021796875 0.7085702609375 0.610418615625 0.711640725 0.5964034093749999 0.72512055625 0.5899673421875 0.7327907625 0.576648365625 0.7430237296875 0.5763108890625 0.74476876875
1 0.42237867656250005 0.5371800624999999 0.4050465984375 0.557567059375 0.40574878124999997 0.5655930421875001 0.41782380625000004 0.602768034375 0.42099768437499996 0.605431234375 0.42927900625 0.607647590625 0.462635378125 0.613551921875 0.465088771875 0.6135823515625 0.46880993125000003 0.61129620625 0.49486124531250003 0.5813237390625 0.496624584375 0.576268003125 0.49457867499999997 0.5668891421875 0.4859358421875 0.5409323125000001 0.48176486250000006 0.532474590625 0.44927494687499997 0.5252690890625 0.43751567812500003 0.5253175999999999 0.432578459375 0.5277101359375 0.429249459375 0.5316774828125 0.42237867656250005 0.5371800624999999