1 0.3864775296875 0.43197845625 0.3879413390625 0.444147546875 0.394033915625 0.45174354218749996 0.401470403125 0.456856553125 0.410613453125 0.4586744453125 0.416806125 0.457796078125 0.42685969687499997 0.4524843703125 0.43387057812499996 0.442752234375 0.4355489640625 0.43548288125 0.43365836562500004 0.4263759875 0.42843315937500004 0.41911955 0.4185438203125 0.41370683281250004 0.40940076875000003 0.41188894062500003 0.4037200078125 0.4126741390625 0.3952519171875 0.417945996875 0.3890730390625 0.425288315625 0.3864775296875 0.43197845625
0 0.631339428125 0.38292471250000004 0.6199879671875 0.390526334375 0.6079190484375 0.40224194375 0.6012020109375 0.4059894375 0.5996502265625 0.40851900781249995 0.5901331171875001 0.41627384999999995 0.5892639125 0.42091373125000003 0.59037383125 0.4264257984375 0.59351113125 0.43304970625 0.5981519578125 0.4369043890625 0.600068871875 0.4400266390625 0.602248 0.44061258593749997 0.6158408 0.4313468453125 0.6173925828125 0.428817275 0.6213235 0.4265874125 0.6282544953125 0.4200639609375 0.64035771875 0.411077725 0.6475439515625 0.4032628296875 0.6517644140625001 0.40247089843749995 0.6572122359375 0.4039357640625 0.6633432109374999 0.3985572703125 0.6731981203124999 0.3924800109375 0.6790325734375 0.38690844687500003 0.6793982781250001 0.38360659375 0.67768136875 0.3801981046875 0.65683601875 0.356005303125 0.652636484375 0.35306265625 0.6475194890625 0.354520234375 0.6299265875 0.3695107609375 0.6287678375 0.3727127125 0.632298171875 0.380009 0.631339428125 0.38292471250000004
0 0.4900587984375 0.3409835078125 0.4891244140625 0.34662859375 0.48501839531249996 0.35460344374999997 0.48383307656249996 0.3602951125 0.4786116671875 0.370466709375 0.475955421875 0.3791672578125 0.45999795624999995 0.41719778906249994 0.45911939999999996 0.42183766875 0.45974644375 0.4261980453125 0.46293865156249997 0.42908737343750003 0.469992415625 0.43175725 0.47530374843749995 0.4322634953125 0.4784683328125 0.43117859062499997 0.48094299375 0.4279833734375 0.496503196875 0.38928046250000004 0.5043109218749999 0.373903240625 0.5060051578125 0.36687354375000003 0.5090862890625 0.3628196078125 0.5104461421875001 0.35286746562500004 0.5143218 0.35015829374999996 0.5189361578125 0.3497990875 0.522560884375 0.3471364984375 0.5245060546875 0.3400602171875 0.5286467499999999 0.334814740625 0.5280267546874999 0.32920950625 0.49602006562499995 0.315254534375 0.4922143359375 0.3144687828125 0.48954456874999996 0.316705378125 0.48497135625 0.327502771875 0.481485909375 0.332129184375 0.481973675 0.3345257359375 0.4900587984375 0.3409835078125
0 0.5722713515625 0.371397746875 0.5694090359375 0.37119120781250003 0.5498734203125 0.37736108125 0.5456794875 0.376908153125 0.5252584406249999 0.38249881406249997 0.51845624375 0.380547903125 0.50837331875 0.37374383906249997 0.5054629703125 0.3732976453125 0.503218146875 0.3774514828125 0.5049681781250001 0.3823444859375 0.506148184375 0.3920704421875 0.5093322765625 0.40539795781250004 0.5082819140625 0.40783435937499996 0.5064971640625 0.409165653125 0.5083704671875 0.41851220156249996 0.5124133578125 0.41949102343750005 0.5117472640625 0.4238446640625 0.5144105015625 0.4243374421875 0.516023378125 0.42726662187500003 0.5193318812500001 0.4271403375 0.524658928125 0.4191722203125 0.54201401875 0.40943404843750003 0.5733402625 0.40104145625000004 0.5786736828125 0.4007821515625 0.5846731968750001 0.39616920625 0.6014836515625 0.39175662031249997 0.605499340625 0.3887612078125 0.6067968125000001 0.3862782234375 0.604120828125 0.37036781875 0.6026040187499999 0.36791795 0.599309403125 0.365554515625 0.5962410671875 0.36687907656249996 0.5932346515625 0.365953571875 0.5840915625 0.3676771890625 0.581613515625 0.369387890625 0.5722713515625 0.371397746875
0 0.5488820765625 0.3356083328125 0.5397950515625001 0.3412595984375 0.5381561296874999 0.34479437343749997 0.53907699375 0.35183753906250004 0.5419741765625 0.35826837500000003 0.5455396171875 0.3628352890625 0.5487747765625001 0.3632349 0.5548513749999999 0.36211687812500004 0.5601334125 0.358409234375 0.5635233328125 0.35828295 0.5711896390625 0.3533905 0.57940384375 0.3588430671875 0.5870630359375 0.3551954765625 0.5906711625 0.3522932328125 0.5935054859375 0.35202046249999996 0.596607228125 0.34921138749999997 0.5963896078124999 0.3430336734375 0.594048025 0.33674932343749997 0.583837328125 0.31773631875 0.5791043609375001 0.31388163593749996 0.56652186875 0.3204247359375 0.55894688125 0.32704135624999997 0.5587778906249999 0.33005696875 0.5546562671874999 0.334297240625 0.5488820765625 0.3356083328125
1 0.5654362390625 0.48101835781249996 0.5697672265625 0.4872162734375 0.5767982140625 0.4906982828125 0.5802662078124999 0.49157720156250007 0.588643796875 0.48984685156249996 0.595660590625 0.4868649078125 0.5983093875 0.483909346875 0.599494990625 0.47922288125 0.5993931984375 0.46978989843749996 0.589977421875 0.4602631953125 0.585880228125 0.4589981328125 0.5797196375 0.4595902609375 0.570859046875 0.46289829375 0.5681590484375 0.4656142 0.5648292421875001 0.4768976375 0.5654362390625 0.48101835781249996
0 0.58279645 0.2807699375 0.5596552781249999 0.2987957265625 0.553227465625 0.3052260109375 0.5470203578125 0.307635475 0.5446640171875 0.3125548625 0.5366999671875 0.3190249953125 0.5281777578125 0.3278383609375 0.52720606875 0.3332437921875 0.530760625 0.33556064218750004 0.5390336812500001 0.3447012046875 0.5437457875 0.3438161046875 0.5499668328125 0.3389169203125 0.5512207984375 0.33619427968750004 0.560190809375 0.3270480890625 0.563022253125 0.3257701140625 0.570841684375 0.318581015625 0.5761119453125 0.3153526828125 0.5803077078125 0.30934165625 0.58358695625 0.3077308578125 0.58896756875 0.302492115625 0.5968764453125 0.2970271859375 0.59848848125 0.2967243890625 0.6039512859375 0.2989315125 0.6152770640624999 0.2938196078125 0.6200170453125 0.2879550703125 0.6195007 0.2828291453125 0.6134596921875 0.2732693234375 0.600757378125 0.2587429796875 0.5984358828125 0.25743806875 0.592628371875 0.2592750546875 0.58131595625 0.2708509109375 0.5834649578125 0.276416296875 0.58279645 0.2807699375
0 0.55481826875 0.7495213359374999 0.54978836875 0.7556721140625 0.5490372906250001 0.7635206796875 0.5466308671875 0.769684925 0.54715663125 0.7748108499999999 0.54923956875 0.781141784375 0.5549490046875001 0.788544709375 0.556484890625 0.793484296875 0.5537691703125 0.8096540046875 0.5536284218749999 0.8166438515625 0.5547574203125001 0.82215591875 0.5576470359375 0.8285867546875 0.5659308609375 0.8357634921875 0.5730366 0.837188509375 0.5765720234375 0.8365363296874999 0.5826398421875 0.8341734484375 0.587255759375 0.8298400078125001 0.5911075734375 0.817937509375 0.5923506859375001 0.79457815 0.593571346875 0.7928607140625 0.603700934375 0.78601790625 0.6068998453125001 0.7824432828125001 0.6079241578125 0.7797672265625 0.6049931359375 0.7628982015625 0.59944515 0.7537245234375 0.5955803109375 0.7502093984375 0.5883415015625 0.745575696875 0.579222615625 0.7432784953125 0.5721097796875 0.7430983390625 0.5605915671874999 0.7457205250000001 0.55481826875 0.7495213359374999
0 0.512469165625 0.45046602656249995 0.522190265625 0.4493148890625 0.5256011093749999 0.44799032812500006 0.52891288125 0.44494159843750003 0.523526415625 0.43739892031250005 0.5178279296875 0.41821978125000003 0.5178510843749999 0.4144852015625 0.5128004265625 0.40589073593749997 0.5059330640625 0.4070553421875 0.5044142078125 0.41303324999999996 0.5091207062499999 0.4328780375 0.512034921875 0.44083997343750003 0.5099055625 0.4479162546875 0.512469165625 0.45046602656249995
0 0.41761772812500003 0.78175928125 0.4106913890625 0.782823984375 0.403983671875 0.7798678703124999 0.3965113515625 0.7820309453125 0.39229421875 0.7813383625 0.3834503234375 0.7830153953125001 0.372354603125 0.7836271703125 0.3593959828125 0.7838460703125001 0.3554791671875 0.7821016984375 0.34900330625 0.78158871875 0.3375117640625 0.7827729734375 0.33470705624999997 0.7840509499999999 0.32981392187499997 0.790201728125 0.3278618515625 0.7970383546875001 0.3277864875 0.8017781375 0.3297310890625 0.8051400421875 0.33604988593749996 0.8074237765625 0.353812475 0.8082836015625 0.357893253125 0.807012359375 0.36642992812499997 0.807631975 0.370114884375 0.8069332125 0.3782557359375 0.80812530625 0.3925928359375 0.8071475906250001 0.41590328281250005 0.8077015281250001 0.41878968906249997 0.80939258125 0.4221260078125 0.8184596234375 0.424514184375 0.8214887046875001 0.4312834609375 0.82219475625 0.4357123109375 0.8201113796874999 0.448384421875 0.81845455 0.45314120156250004 0.810339946875 0.45510707968749997 0.8010136015624999 0.45555122031249995 0.7917271046875001 0.45500580468749996 0.78387180625 0.45274074375 0.776342596875 0.44645589374999994 0.7767882359375 0.4429279984375 0.7757162453124999 0.4327194296875 0.775662375 0.42695351875 0.7710354078125 0.42399865 0.772839278125 0.41988335625 0.78033481875 0.41761772812500003 0.78175928125
1 0.5731963421875 0.4552029484375 0.57540585 0.4630183984375 0.58060644375 0.46184705781249996 0.5937060140625 0.46449728593749995 0.5925247015624999 0.46023007812500005 0.5992208359375 0.45456534375 0.603400615625 0.448600903125 0.6044367921875 0.44195061406249997 0.60273769375 0.436531715625 0.592096665625 0.426232728125 0.5823811437499999 0.42795634375 0.57559768125 0.43065204843749993 0.5703601984375 0.43804768593750004 0.5686457359375 0.44407217968749996 0.569352928125 0.448672209375 0.5731963421875 0.4552029484375
1 0.4084277171875 0.7282830828125 0.41460648593749994 0.7306599859375 0.42752155937499997 0.7290963234375 0.43154455625 0.7263871515625 0.43522045625 0.7207555328125 0.4391934234375 0.7088530343749999 0.4380289140625 0.7033409671874999 0.429289328125 0.69396075 0.4208096140625 0.6934876203125 0.40762674531250004 0.6963427249999999 0.40009377968750004 0.711866434375 0.40041891874999996 0.7185234578124999 0.402784534375 0.72332329375 0.4084277171875 0.7282830828125
1 0.3814373015625 0.3966627265625 0.386169296875 0.40300712812499995 0.3927844546875 0.40825989218750003 0.40082431874999996 0.4127538390625 0.416403965625 0.4116363703125 0.4324283828125 0.4037221265625 0.43409389843749996 0.3874991015625 0.43563871875000004 0.3834850171875 0.43425681562499996 0.376774675 0.41930567031250005 0.365590034375 0.40533446562500003 0.36044335312500003 0.3845917375 0.3684771484375 0.3830611859375 0.37000151406250004 0.38004885 0.382243571875 0.3799495578125 0.3907179328125 0.3814373015625 0.3966627265625
1 0.6386002234375 0.45886170000000004 0.63546015 0.47560388593749997 0.635770003125 0.48350577031249997 0.6422803390625 0.4895240828125 0.6566343546875 0.499077721875 0.66272184375 0.49920456093750004 0.674664284375 0.4957702421875 0.6863176906249999 0.489653134375 0.6901416890625 0.47751097812500004 0.691002825 0.46889686406250003 0.6901708171875 0.46357786875 0.6859388296875 0.45838515781250005 0.6747730734374999 0.45023633125 0.667232696875 0.446894075 0.663480053125 0.446587634375 0.647008871875 0.4523449828125 0.641104559375 0.455666484375 0.6386002234375 0.45886170000000004