1 0.274478246875 0.49435425781250003 0.2714595265625 0.49942929999999996 0.269686890625 0.5030610265625 0.26938313593749996 0.5064742140625 0.2717346921875 0.51164299375 0.2808316671875 0.5220572515625 0.2830030328125 0.5235602187499999 0.28714853125 0.52387675625 0.2986640015625 0.52163598125 0.30287341093750003 0.5182909687499999 0.30819984375 0.506907584375 0.3077627671875 0.5039698203125 0.30468742187500003 0.4983000515625 0.2991923453125 0.49136715468750003 0.295097978125 0.4881213765625 0.2897277015625 0.4880276375 0.283612334375 0.48865342656250005 0.277210253125 0.49171599062500004 0.274478246875 0.49435425781250003
1 0.365954359375 0.5135317828125 0.3665332796875 0.5223322890625 0.369608625 0.528002059375 0.37248673593750004 0.5309824296875 0.3807308625 0.53430064375 0.38756575781249997 0.534419946875 0.3924904359375 0.5320641296875 0.39967595624999996 0.5260851078125001 0.402325771875 0.5141666484375 0.40213279843749994 0.5112331453125 0.399785503125 0.5058202609375 0.39644475 0.5013667484375001 0.3862350140625 0.4987467578125 0.377194665625 0.49907731406250005 0.369529459375 0.5045596078125001 0.3672728765625 0.5079387078125001 0.365954359375 0.5135317828125
1 0.188217909375 0.5680553453125 0.17926827343750001 0.5771778859375 0.1734919828125 0.5863558171875 0.171702303125 0.59096395625 0.1730135328125 0.5997772453125 0.17958425625000002 0.6150309625 0.187280525 0.621758103125 0.1950407046875 0.624823690625 0.2187400421875 0.624016475 0.22193895156250001 0.6226072453125 0.226914759375 0.6173221859375 0.23493059062500002 0.60574156875 0.23821045624999998 0.5996943734375 0.2380345265625 0.5957844578125 0.23573409843749998 0.5876864359375 0.22744186875 0.573135203125 0.22023806875 0.56617248125 0.21561714687500003 0.5651151109375 0.199009590625 0.5653135812500001 0.1919092875 0.566410534375 0.188217909375 0.5680553453125
0 0.45225866718749996 0.5492231234375 0.45170228593750006 0.5531202578125 0.44766028437500005 0.5608633937499999 0.4301542453125 0.570569115625 0.4292046328125 0.5830056078125 0.42633627812499997 0.5934551875 0.42627662656250004 0.596872634375 0.42866227031250004 0.6000885890625 0.44022584531250003 0.6090808328125 0.45310367500000004 0.6127241046874999 0.461154828125 0.6131088171875 0.46434521562500003 0.61218779375 0.4693167625 0.6071468390625 0.474874515625 0.596500025 0.4798418015625 0.5917031734375 0.48066358906250006 0.586589784375 0.47975108750000006 0.5829111890625 0.4701914703125 0.5710237890625 0.4778469203125 0.552111546875 0.4804583875 0.5423900171875 0.4827234921875 0.538522709375 0.48432872031249996 0.5304928609374999 0.48710759687499994 0.5251694546875 0.48819905312499995 0.5185957046875 0.49044285312499997 0.515948915625 0.49411169218750006 0.5016064640625 0.493738528125 0.49500715 0.4918197859375 0.49302023437500003 0.4833358171875 0.4894536578125 0.478933434375 0.48986516875 0.47546911718749996 0.49249065468750003 0.46658889062500003 0.511625696875 0.456309190625 0.5409917796875 0.45225866718749996 0.5492231234375
0 0.46929465156249994 0.45453531875 0.4660744375 0.45716506562500003 0.46479426718749994 0.46056120937499995 0.46230210312500003 0.4634478421875 0.4006230984375 0.4858123015625 0.39687632968750003 0.4906304578125 0.3988176109375 0.5053150109375 0.4043212078125 0.5117597 0.41258663906250004 0.513857396875 0.414556509375 0.51291506875 0.41879148437499997 0.508105434375 0.42590031093749997 0.506520275 0.42834560625 0.5063187796874999 0.43222995624999994 0.5076074703125 0.43982698906250006 0.5060308328125 0.45899062187500006 0.49928417812500003 0.4653969625 0.4959775125 0.4702918140625 0.49533041874999995 0.47866802656249996 0.49108142499999996 0.48500619375 0.49168041406249996 0.486672309375 0.494151275 0.486355771875 0.49829677187500004 0.487336446875 0.4980697125 0.4876146375 0.4961211453125 0.4888521984375 0.4951660359375 0.49766548593750004 0.49385480625 0.49864189999999997 0.49387184843750004 0.501991175 0.49783715624999997 0.50297185 0.4976100953125 0.5049587640625 0.4956913546875 0.5057464656249999 0.49253079218750007 0.5025207546875 0.4814864859375 0.49547460625 0.46549193750000006 0.496733471875 0.46331631093750003 0.4958422734375 0.45841719843749995 0.49640291562499994 0.45427596093749995 0.4935035 0.45251610781249996 0.49091209999999996 0.4470989625 0.49118176875 0.44563860312500003 0.48118631093750003 0.44473159687499997 0.47555914843749997 0.44536590781249996 0.4716108859375 0.44773876875 0.46929465156249994 0.45453531875
0 0.38339290625 0.5636484484375 0.37583848125 0.5627840515625 0.37192004375 0.5634481874999999 0.3669868453125 0.5662922125 0.364944540625 0.5713842984374999 0.366214396875 0.596556778125 0.3708518078125 0.638636309375 0.36907065 0.6427562421874999 0.3646256578125 0.6456087875 0.3631099078125 0.6485124640625 0.362708153125 0.6575400296875 0.364220878125 0.6687986140625 0.3663496359375 0.6727426171875 0.3687565828125 0.674738053125 0.3758057578125 0.6765703421875 0.3845892203125 0.6769678359375 0.4017488953125 0.6731163359375001 0.405697159375 0.670743475 0.4077138984375 0.667116009375 0.40851864375 0.6629790343749999 0.4081710453125 0.6549150984375001 0.4056819046875 0.643639471875 0.4030521578125 0.6404192578125001 0.396760859375 0.63713513125 0.396058375 0.6354136234375 0.391227990625 0.590400590625 0.38792435 0.5698319890625 0.38339290625 0.5636484484375
1 0.463778825 0.406824365625 0.46428105000000003 0.420018734375 0.46666669375 0.42323468750000004 0.46908642343749996 0.4244978125 0.46805035781250004 0.4278982171875 0.469296440625 0.4264549015625 0.471981578125 0.42650177031250003 0.47387049374999995 0.43019740781250004 0.47822174687499996 0.43271513749999996 0.4889367328125 0.4343672359375 0.5133982078125 0.431864078125 0.5151197140625 0.43116159375 0.515419209375 0.4279925109375 0.5177056171875 0.42290468593749997 0.5182138921874999 0.40777453281250003 0.5103587390625 0.3961610640625 0.504114309375 0.39019179843749996 0.4975533421875 0.3883680328125 0.47971674843749995 0.38903340468750003 0.4715846390625 0.393286659375 0.466018365625 0.404421678125 0.463778825 0.406824365625
0 0.391804740625 0.3335355984375 0.3840403 0.3307141125 0.37941085625 0.33014495 0.372293509375 0.3322183171875 0.3700539703125 0.334621003125 0.36775051875 0.3406852421875 0.3671600515625 0.346535203125 0.3678369703125 0.3497213296875 0.3706724734375 0.3551427359375 0.37522522187499996 0.3601057609375 0.37985466562500003 0.3606749234375 0.4028825796875 0.37035563437499996 0.4055165875 0.3733317453125 0.407135834375 0.37848774375 0.4099926421875 0.38268863125 0.422318353125 0.38998493437500004 0.43472075937500004 0.39288737500000004 0.43788984218750004 0.39318686875000003 0.44355109062500003 0.39059973124999997 0.45001708437500004 0.3838756171875 0.4543287546875 0.37467212031249997 0.45648610312500004 0.3629892421875 0.4558432703125 0.3578502875 0.454001225 0.3514695109375 0.45065194999999997 0.347504203125 0.427606990625 0.33879990625 0.4229605046875 0.3392071578125 0.41532512343750005 0.3429807265625 0.41215604062500005 0.3426812328125 0.391804740625 0.3335355984375
0 0.3057354609375 0.3403352984375 0.30369315625 0.345427384375 0.3014889390625 0.3597954 0.29824563125000003 0.39172608124999997 0.295993309375 0.3948610796875 0.28909876093750003 0.3981592234375 0.28512919375 0.40175260156250003 0.2833309921875 0.4068489484375 0.28347283437500004 0.41271169218750003 0.286299815625 0.41862130468750003 0.29545644375 0.42561811250000003 0.3080773875 0.42998943437500003 0.3200341953125 0.4304423203125 0.329845203125 0.427927615625 0.33404182968749996 0.42531491250000003 0.337287609375 0.42122054374999995 0.3393384359375 0.41564025156250006 0.3396720171875 0.41051834062500003 0.33636535156249997 0.404112 0.33299477187500004 0.40136720937500003 0.33039485156250004 0.396438271875 0.3301026421875 0.38520099218750004 0.33254120625 0.35740728593750004 0.330985871875 0.3485897359375 0.3281972390625 0.3404831921875 0.32531912812499997 0.33750282187499997 0.3177945296875 0.3349297 0.31462118437500003 0.334874309375 0.3094651859375 0.33649355625 0.3057354609375 0.3403352984375
1 0.390272628125 0.39333241874999997 0.380346578125 0.40243791562500003 0.37461289531249997 0.40917481406249995 0.3708405625 0.415457590625 0.3683143109375 0.42029705 0.368019078125 0.42322203125 0.38571327499999997 0.45869248906250004 0.3893322171875 0.4611974359375 0.3944456078125 0.462019225 0.42447033125000005 0.46254330781249997 0.42966467656249996 0.45872713125000003 0.43543244531249997 0.45003740625 0.44112778124999996 0.44549744062499996 0.44314452187500003 0.441869975 0.4442785859375 0.43285519062500005 0.44680483750000005 0.42801573125000003 0.4483759796875 0.421938709375 0.44484651406250003 0.414307590625 0.43415159531249997 0.39751681875 0.43222433281250006 0.3960181109375 0.428579825 0.39497778437500003 0.4259287734375 0.3929780875 0.4178946640625 0.3916169640625 0.3971501328125 0.39101068906249997 0.390272628125 0.39333241874999997
0 0.456680865625 0.3378423265625 0.4561244859375 0.341739459375 0.4584504765625 0.3483728609375 0.4695343671875 0.3568683765625 0.4750464859375 0.362824859375 0.475916378125 0.3689444875 0.4771155921875 0.370186309375 0.4810169859375 0.37049858593749996 0.4856890375 0.368626715625 0.48967990937500006 0.36381281875 0.489777909375 0.358198440625 0.489066903125 0.356965140625 0.48516124843749997 0.3568969671875 0.48225331093749996 0.3556253203125 0.469053446875 0.34245349062499997 0.4632673984375 0.338201471875 0.458166790625 0.3366473734375 0.456680865625 0.3378423265625
0 0.32028583906249997 0.611870828125 0.3098557734375 0.635862375 0.30736360937499996 0.6387490078125 0.3068200125 0.6419138296875 0.3022770203125 0.6503807562499999 0.300461775 0.656453515625 0.295065934375 0.6578243984375 0.2889633484375 0.6577178765625 0.2857687 0.6588830031249999 0.2802450328125 0.6675769890625001 0.2792174890625 0.6704891859375001 0.279401940625 0.6739108953125 0.2764300921875 0.6763008 0.2718871 0.684767725 0.2713477625 0.6876884453125001 0.271986334375 0.693071503125 0.276046615625 0.698270109375 0.2866891671875 0.7040719656250001 0.292715059375 0.7085723484375 0.29998703125000004 0.711629415625 0.31165286718749996 0.7147631765625 0.318971709375 0.71513510625 0.3226503046875 0.7142226046875 0.3256221546875 0.7118327 0.33475500625 0.6922137109375 0.3373536921875 0.6832244921874999 0.3376531859375 0.680055409375 0.336727903125 0.6771091234375 0.3353144125 0.6741543171875 0.33338714999999997 0.6726556109375 0.33248743125 0.6682447046875 0.3372787859375 0.6595379375 0.3411448578125 0.647884884375 0.352542815625 0.6243985890625 0.3538485484375 0.6195378234375 0.3536768796875 0.6153838046875 0.35298717812499997 0.6129299875 0.347475059375 0.60697350625 0.34021586875 0.6031841296875 0.3302161484375 0.602521228125 0.32677739687499996 0.60368209375 0.3240453890625 0.6063203625 0.32028583906249997 0.611870828125
0 0.1493686515625 0.3456637734375 0.1449747890625 0.345587078125 0.12587932968749999 0.348428078125 0.12292878437500002 0.34959746406250003 0.12069350625 0.3517560484375 0.11939203281249999 0.356372709375 0.119474225 0.36565290156249997 0.12058822031250001 0.371776790625 0.12687223281249999 0.38946728125 0.12925361562499998 0.39292733750000003 0.1323886125 0.395179659375 0.13968615 0.39677210625 0.1599893453125 0.394684721875 0.1631967765625 0.392787284375 0.16644681562500002 0.3884488140625 0.17236495000000002 0.3851336265625 0.1838676375 0.3836251609375 0.18878379375 0.38175755 0.1993100671875 0.3802320421875 0.21059847812500002 0.37701059375 0.21524070312500002 0.37684744531250003 0.218957646875 0.3737380140625 0.21857596093749998 0.36762690625 0.21472872187499997 0.3502231265625 0.211349621875 0.3479665453125 0.20794069531249998 0.3474186859375 0.156786728125 0.3543394796875 0.15437978125000001 0.35234404375 0.1529918546875 0.3479246171875 0.1493686515625 0.3456637734375
1 0.32238161875000004 0.533770509375 0.32567976249999997 0.5406650578125001 0.331705653125 0.545165440625 0.3389776265625 0.5482225078125 0.3411745578125 0.5482608546875001 0.3525055765625 0.5425983703124999 0.35426542968749997 0.53969895625 0.35512130468750003 0.5326327375 0.35520226093749996 0.5279947734375 0.35334317187500003 0.5225904109374999 0.35022947968749996 0.5191175718750001 0.34128286874999997 0.5140778515625 0.3373857359375 0.5135214703125001 0.33026412656250004 0.515838940625 0.32581487343750004 0.518935590625 0.322989128125 0.526944134375 0.32238161875000004 0.533770509375
1 0.5964006640624999 0.4189064 0.5914729609375 0.435424478125 0.5913749625 0.44103885781249996 0.6040525328124999 0.4561549921875 0.6083952640625 0.45916092812500003 0.6120397734374999 0.46020125468749995 0.6200951859375 0.4603418625 0.6352636859375 0.45865320781249996 0.63797865 0.456991353125 0.63881748125 0.45090155000000004 0.6423329296875 0.445346821875 0.6484428015625 0.4310469796875 0.6490801375 0.4225118796875 0.6414648265625 0.411146775 0.6339828359374999 0.40613262031249997 0.620591234375 0.403945446875 0.608343453125 0.40617343906250003 0.6038856796875 0.4097582953125 0.6013636890625 0.4143536515625 0.5964006640624999 0.4189064
1 0.5641862953125 0.40393760624999997 0.56074754375 0.405098471875 0.5593255312500001 0.402631871875 0.5583491171875 0.40261482812500005 0.5587861937499999 0.405552590625 0.5636426984375 0.40710242812499997 0.5650647109375 0.40956902812499996 0.564213096875 0.41639114218750006 0.562187834375 0.4205068140625 0.561764775 0.430754896875 0.5668014703125 0.435970546875 0.5723519375 0.4397300984375 0.5769899015625 0.43981105468750004 0.5897301500000001 0.4373474796875 0.5935195265625001 0.4300882890625 0.59613525625 0.4201226578125 0.596207690625 0.41597289843749996 0.590237190625 0.40829917031249996 0.58708515 0.4070232625 0.585654615625 0.4050448703125 0.578357078125 0.40345242499999995 0.5710297140625 0.40356870312500004 0.565937628125 0.401526396875 0.5641862953125 0.40393760624999997
0 0.483878734375 0.430372103125 0.481446221875 0.42984128750000006 0.4739557109375 0.4253153390625 0.468233575 0.41740176875 0.4588809484375 0.42163371875 0.452046053125 0.421514415625 0.44885140312500005 0.4226795421875 0.4463294125 0.4272748984375 0.4438725703125 0.4421268609375 0.44717621249999995 0.4626954625 0.4517587859375 0.4659497640625 0.45615264843750003 0.466026459375 0.4716036 0.46214513281249997 0.4755007328125 0.4627015140625 0.47604007031249995 0.45978079374999997 0.478737990625 0.45909535312500005 0.4820050734375 0.45378046875000005 0.48494709687500004 0.4530992875 0.48763223437500003 0.45314615781249995 0.4898036015625 0.454649125 0.4892557421875 0.4580580515625 0.4906862765625 0.4600364453125 0.4908749890625 0.46321405000000004 0.495058834375 0.46133365625 0.49509292031249996 0.45938082968750005 0.49366664687500006 0.45715833281249996 0.4985785421875 0.4555348265625 0.514920690625 0.4565526125 0.5173745078125 0.45586291093750003 0.5398277625000001 0.45649901249999997 0.5625506875 0.455674753125 0.56550549375 0.45426126250000004 0.5680274843750001 0.4496659046875 0.569388609375 0.44163179531249996 0.568960053125 0.4382058265625 0.5643860015625 0.43446331875000005 0.5600134437500001 0.43316610625 0.5133811640625 0.43284049218750004 0.509239928125 0.43227985156250004 0.507072821875 0.4305327796875 0.49582702031250003 0.43131319375 0.483878734375 0.430372103125
0 0.4295874265625 0.5051195671875 0.426187021875 0.5040835015625 0.4237459875 0.5040408937499999 0.41636749375 0.5070864125 0.4148773078125 0.50852546875 0.41258237812500004 0.5141015 0.4137316953125 0.5321907203125 0.40729126875 0.5374502140625 0.4060196203125 0.54035815 0.40737043437500003 0.5608926656250001 0.4090237671875 0.5640958359375 0.41336649843749995 0.567101771875 0.41895531249999995 0.5686643921875 0.4309078609375 0.56936138125 0.4456733703125 0.562782134375 0.448721915625 0.55599836875 0.44681898281250004 0.5391168828125 0.4461420625 0.53593075625 0.444467425 0.533948103125 0.43792776250000004 0.5309038187499999 0.436758375 0.5279532734375 0.4355579265625 0.5127932953125 0.4331978484375 0.5081127203125 0.4295874265625 0.5051195671875
1 0.6258981515625 0.3657021625 0.6242290109375 0.3773935625 0.6264271765625 0.3913500671875 0.636753190625 0.40129742031250004 0.6440336859375 0.4038662796875 0.652080578125 0.40449509531250005 0.659459071875 0.401449575 0.6663919671875 0.3959545 0.6731915421875 0.3841084734375 0.67309656875 0.3755605921875 0.6710317234375001 0.3679550390625 0.6659992890625 0.362495284375 0.6601961984375 0.3592196796875 0.6531470234375 0.35738739218750004 0.6409333296875 0.35766255625 0.6377429421875 0.3585835796875 0.6258981515625 0.3657021625
1 0.56108415 0.3858143 0.558451378125 0.3967563453125 0.558559134375 0.40457191718749996 0.560944778125 0.4077878703125 0.5660326015625 0.410074278125 0.5748884999999999 0.4063220140625 0.580764025 0.40544786093749996 0.5861257796875 0.40602980625 0.5897094 0.3965694234375 0.5903424765625 0.388278428125 0.5891645671875 0.3858160890625 0.585802509375 0.38258309218750003 0.5790230046875 0.37929044375 0.5731687828124999 0.37894408125 0.566055696875 0.38077334375 0.5620989109375001 0.3836344125 0.56108415 0.3858143