0 0.8142996015625 0.748728728125 0.8178303093749999 0.7514800171875 0.826078975 0.7521822 0.8354930218750001 0.7483271968749999 0.8412888890625 0.74269375 0.8425292828125001 0.7401035359375 0.8423261203125 0.7339594109375 0.8367456531249999 0.7231912890625 0.8108839031249999 0.6942767828124999 0.8009229124999999 0.6846061999999999 0.7888778296875001 0.6701018140625 0.7820445078125 0.664863725 0.783903340625 0.6441907390625 0.7795696125 0.63916543125 0.7752234203125 0.6370799421875 0.7712459375 0.636496278125 0.7481029218749999 0.6445741890625001 0.745906428125 0.6465928671875 0.74307574375 0.65566468125 0.73734548125 0.66056849375 0.73409295 0.6659282984375 0.7273941234375 0.6732003921875 0.7267723968750001 0.6773137109375 0.72850965 0.6804024765625 0.73268089375 0.684433659375 0.7348649218750001 0.6853547984375 0.7531775765625001 0.6861784765625 0.7570476 0.68851751875 0.7772583359375 0.712490640625 0.78493841875 0.7195163250000001 0.80872548125 0.746293634375 0.8142996015625 0.748728728125
1 0.40933980156249994 0.5022568187500001 0.40453283906250004 0.499663628125 0.396248521875 0.49728024218750005 0.387733290625 0.497328971875 0.37888161875000004 0.5037224828125 0.3748500734375 0.5097693671875 0.374226603125 0.5163360796875 0.37647018125 0.5263198828125 0.3850052734375 0.5316643640625001 0.39331268124999996 0.5338045375 0.3986375859375 0.5337436796875 0.4062256890625 0.5294539609375 0.41322980937500003 0.522911503125 0.414024846875 0.5173389140625 0.41196600156249996 0.50540941875 0.40933980156249994 0.5022568187500001
1 0.7616458374999999 0.45952974375 0.7564308921875 0.45322454375000004 0.7519202609375 0.45065263125 0.743626240625 0.4489988796875 0.7366982046875 0.449661703125 0.722622721875 0.45611607187500003 0.720205315625 0.4593508078125 0.7188657046875 0.47076047499999996 0.719864859375 0.47696843437499997 0.7282473781250001 0.4832857625 0.7337833 0.486186 0.7439935453125 0.4843192453125 0.7513899765625001 0.481488796875 0.75951685625 0.4765119984375 0.7615935703125001 0.4712890140625 0.7623272265625001 0.46350624218750003 0.7616458374999999 0.45952974375
0 0.622772390625 0.7196519328125001 0.6219219921875 0.7119847046875 0.6145730234375 0.701332125 0.60698486875 0.696051478125 0.6034543046875 0.6947807359375 0.59886651875 0.6936680921875 0.5900272125 0.6934310546875 0.5816923078125 0.6961763921874999 0.575436321875 0.701788559375 0.5711687390625 0.71124040625 0.5704122578125 0.7165697828125001 0.5746898046875 0.7294204171875001 0.5827823609375 0.7376834375 0.5857729984375 0.7391548359375 0.5952751046875 0.7406717656249999 0.602911684375 0.739829565625 0.6112239609375 0.737327440625 0.618255890625 0.7317791078125 0.6213402109375 0.726641234375 0.622772390625 0.7196519328125001
1 0.803069809375 0.39550996875 0.7985202203124999 0.3863075078125 0.794222384375 0.3827627484375 0.7837311078125 0.376740340625 0.77464486875 0.3750014765625 0.7639051875 0.37729081875000003 0.7590625984375 0.37688653125 0.7565680546875 0.37888393125 0.748721171875 0.3804344890625 0.7396732921875 0.3894820484375 0.7359842171875 0.4073094796875 0.7349170078125 0.41334721406249997 0.73684138125 0.4203699203125 0.7554504718749999 0.43589268593749997 0.7578877109375 0.4373215265625 0.761688509375 0.43788391249999997 0.78776829375 0.43074841875000003 0.796338315625 0.424111696875 0.8004417046875 0.4185725140625 0.803216540625 0.4107167578125 0.803069809375 0.39550996875
0 0.4211574484375 0.397393040625 0.42655470781249993 0.4032330953125 0.438299890625 0.407394925 0.4514951546875 0.40702084687499995 0.4631218078125 0.4040657046875 0.4682564734375 0.4015514515625 0.4730357859375 0.3972921625 0.4778054625 0.390336265625 0.478231165625 0.3857152453125 0.47326274062499996 0.36961774687500004 0.47208779375 0.35996226875000004 0.468460790625 0.3545143734375 0.464331234375 0.35172052656249997 0.461536596875 0.3512432546875 0.45847623125 0.3480480984375 0.44788626093749995 0.308936784375 0.4454053 0.30505455000000004 0.44052986406250005 0.3019536578125 0.43063179218750003 0.30015095937499997 0.42263527500000003 0.3029175734375 0.4195269640625 0.3058452640625 0.416495503125 0.310739925 0.4161114765625 0.3205109453125 0.41761287031250005 0.32382164375 0.4236666203125 0.3505474671875 0.4254689171875 0.35339302031250003 0.42440936406249996 0.35649093593750003 0.42162436249999996 0.35871027031249997 0.417456496875 0.364735875 0.4173189296875 0.37183156875 0.421643865625 0.38370935625 0.4211574484375 0.397393040625
0 0.645678809375 0.40388731875 0.6549019125 0.399281403125 0.66057191875 0.39780383124999996 0.681216334375 0.4005427734375 0.684866240625 0.3991381875 0.68534700625 0.3937875328125 0.6791678125 0.372920065625 0.67701965 0.36881589843749996 0.6756520828125 0.367228959375 0.671536921875 0.36540795937500004 0.668723771875 0.3659035328125 0.6672281421874999 0.360139440625 0.663984046875 0.3542264 0.6575365015625 0.34755031875000003 0.6530841484375001 0.3466808859375 0.6488348125 0.3519555796875 0.6474517328125 0.35894488125 0.6414290203124999 0.3699502609375 0.6359650890624999 0.37193553281249997 0.632661771875 0.37508515625 0.627447621875 0.3770917078125 0.6204506953125 0.3821323390625 0.6181371062500001 0.3826704703125 0.591248390625 0.399005446875 0.583655090625 0.4022797640625 0.5811666796875 0.4047635859375 0.5751376265625 0.4074359375 0.5672602375 0.4138720046875 0.566529690625 0.41920138125 0.5691212546875 0.426774346875 0.5759466390625 0.43764885937500003 0.580495803125 0.44024205 0.5927599859375 0.43540504999999996 0.6146187703125 0.4218275375 0.6227334859375 0.41835256562499995 0.630251828125 0.413111278125 0.6407893953125 0.40788211875 0.645678809375 0.40388731875
1 0.7314375546874999 0.530407953125 0.7262853671875 0.5260697249999999 0.71974986875 0.5223547390625 0.7111443453125 0.520922921875 0.707109390625 0.52157659375 0.7015071421875 0.524799203125 0.691147125 0.5335184374999999 0.69016144375 0.5383401140624999 0.692317025 0.5463569453125 0.6945777046875 0.5504611140625 0.6960399015625 0.551804840625 0.7094328671875 0.5558298500000001 0.71697704375 0.5544799484375 0.72979483125 0.5449793703125 0.7319600640624999 0.5360869328125 0.7308987171875 0.5333052140625 0.7314375546874999 0.530407953125
0 0.35870356875 0.3918181375 0.3552022203125 0.38588381875 0.35548691718750003 0.3827220671875 0.35697938906250004 0.38015313125 0.368794128125 0.36939394062500003 0.3703304015625 0.36633858125 0.3765913421875 0.3612341140625 0.378105715625 0.358421965625 0.386926090625 0.350104040625 0.390433565625 0.3447655140625 0.40650672656250003 0.32873162968749997 0.4141850234375 0.3190912546875 0.41521124687500005 0.3132967328125 0.408893796875 0.302221565625 0.407022675 0.30059206875 0.40281111718749996 0.299743915625 0.3931114625 0.303820853125 0.378267978125 0.3202043390625 0.37227925 0.3250868734375 0.356988353125 0.3436379859375 0.3498888671875 0.349651465625 0.3450422171875 0.355856446875 0.3342506390625 0.366457540625 0.33216051874999997 0.3672601609375 0.321181034375 0.36314088906249997 0.3155646015625 0.36388882499999997 0.31474795625 0.364554625 0.31388445 0.371343271875 0.306074753125 0.382442915625 0.3050923296875 0.3877510140625 0.308136846875 0.393156353125 0.320036346875 0.40666661406250004 0.3324395421875 0.4145830078125 0.3366073015625 0.415917584375 0.3399708953125 0.41497814375 0.3529715109375 0.405054978125 0.3576210640625 0.4010389 0.358885121875 0.3982054734375 0.35870356875 0.3918181375
1 0.5530490015625 0.7385654390624999 0.5559051453125 0.7270402296875 0.5570080187500001 0.7178194671875 0.5477441046875 0.70675345 0.538512096875 0.6981408265625 0.536341146875 0.693793446875 0.5325603921875001 0.69298785 0.5172334421875 0.6975907890624999 0.503216646875 0.6991170906249999 0.5008098609375 0.7001416453125 0.497791059375 0.70503630625 0.49029359375 0.727937775 0.48954770937500003 0.733267153125 0.49083242968749996 0.73607015 0.5052606640625 0.7524685203125 0.51051423125 0.7568280281249999 0.516778303125 0.7585760421875001 0.522411171875 0.7588009515625 0.538458571875 0.7547482703124999 0.543782196875 0.7527417203125 0.547687228125 0.7493914421875 0.5530490015625 0.7385654390624999
0 0.7046211859375 0.7075664328125 0.706855203125 0.7023647265624999 0.7051404296875 0.6933963265624999 0.706197978125 0.6900551984375001 0.7135259328125 0.6843062093750001 0.7189796875 0.6825641484375 0.7228783234375 0.6784842359375001 0.7290079109375001 0.6748390390625 0.735400296875 0.6682753015625 0.7400812 0.66671261875 0.7436419203125 0.6635842734375 0.7502533046875 0.6545884203125001 0.750703784375 0.646784371875 0.7459946265624999 0.6402572375 0.73778103125 0.633432209375 0.7309692562500001 0.6306475140625001 0.7228496140625 0.6311826671875 0.715718759375 0.6347427515625 0.7090103546875001 0.64201484375 0.7053088203125 0.6439058531249999 0.6945390640625 0.654263734375 0.685120975 0.6608153437500001 0.6790789859374999 0.6634876937499999 0.675030115625 0.663633665625 0.6706120109375 0.6622778109375 0.6682934578124999 0.662815940625 0.6632308390625 0.665816615625 0.65882215 0.6671573671875 0.6500579937500001 0.6720490515625 0.6451361921875 0.6762870624999999 0.642129325 0.681668146875 0.640611878125 0.6901167187499999 0.6411438296874999 0.69261266875 0.6431871015625 0.6979328953125 0.647373725 0.7046606828125 0.6534533859375 0.71277475625 0.662014315625 0.721344821875 0.6698586765625001 0.726668025 0.6743424828125 0.7272942453125 0.6856536078125 0.7221289203125 0.7046211859375 0.7075664328125
1 0.45187117499999996 0.5842033609375 0.4444339609375 0.5813973875 0.428188884375 0.5874383171875001 0.4260207078125 0.5906943328125001 0.42465329062499996 0.5967107875 0.4232134546875 0.6090933 0.43131304843749996 0.616118984375 0.43968939999999995 0.6202261296875 0.4441477625 0.620831071875 0.44769005 0.61989163125 0.46160873281250003 0.613172771875 0.4634902328125 0.610138690625 0.4635921640625 0.5922565750000001 0.45993778750000003 0.58877565 0.45187117499999996 0.5842033609375
0 0.6501678 0.5876395234375 0.6545642328125 0.5948750125 0.6561956921875 0.5991798359375 0.655278271875 0.6037583 0.6558544562499999 0.6057678281250001 0.6704433296875 0.617545178125 0.6721311125 0.6184237609375 0.6764335203125 0.6182990671875 0.6801816609375 0.6159216359374999 0.6986530140625 0.5986199859375 0.7029584875 0.5928588703125001 0.703559653125 0.5889887625 0.7024824625 0.586936678125 0.69279409375 0.5768009515625 0.685335284375 0.5727363624999999 0.6797897796875 0.5754512703125 0.6761950515625 0.576126221875 0.671861303125 0.5737975203125 0.653517928125 0.556064571875 0.6473554734375 0.5516199515625 0.638810046875 0.5428066734375 0.6319399109375 0.5378117953125 0.61469564375 0.5218877203125001 0.6096322984375 0.5192519718749999 0.607355840625 0.5193036796875 0.599270884375 0.5249888328125001 0.596665684375 0.5286887140625 0.5962179328125 0.530856340625 0.5974893046875 0.5363559437500001 0.602330421875 0.5470602312499999 0.60633849375 0.5474006828125 0.6098330640625 0.5506383953125 0.61733570625 0.5542165609375 0.6190109984375 0.5580349609375 0.6257058046874999 0.56497553125 0.6435825765625001 0.5794828937500001 0.6501678 0.5876395234375
1 0.41766471562499996 0.61155286875 0.4191450875 0.60922714375 0.4252272953125 0.60655479375 0.4270163078125 0.6008241062499999 0.42684302656249995 0.5971333750000001 0.428071415625 0.5947863734375 0.4273941671875 0.5910530859375001 0.42832648281249996 0.589171228125 0.42703504062500003 0.5866114421875 0.4277371890625 0.56485921875 0.42668824843750003 0.55962410625 0.42395104375 0.556207015625 0.4201177234375 0.553677659375 0.41472841406249994 0.55150705625 0.4126369296875 0.5493698593749999 0.39666740625 0.540669146875 0.39196790937500003 0.5392920140624999 0.38889053906250004 0.5368264921875 0.38492494375 0.5357564046875 0.354425721875 0.5500910046875 0.3422928328125 0.5578891015624999 0.3405353484375 0.5660731828125 0.3385543203125 0.582325803125 0.33988368593749996 0.5956720109375 0.33956248125 0.6020167921875 0.3412697078125 0.6055919796875 0.3468323 0.6114533125 0.3722103 0.6256048984375 0.38028324375 0.6289824078125 0.3890270390625 0.6277601765624999 0.4146944890625 0.6135077124999999 0.41766471562499996 0.61155286875
0 0.44722653125 0.7181854984375 0.4426940078125 0.7187966140625 0.43130728124999995 0.727917159375 0.42972680781249994 0.73072930625 0.431065696875 0.7332890921875 0.43843599062500005 0.736095065625 0.4645898328125 0.7659185843749999 0.4708694484375 0.76912586875 0.47411862187500003 0.76816515 0.47500679375 0.7643163203125 0.4729657734375 0.7580232484375 0.45066198281250003 0.7292485390625 0.44722653125 0.7181854984375
1 0.7498929671875 0.501432146875 0.7418300453125 0.49734628125 0.73742198125 0.49649812656250003 0.73256855 0.4975743875 0.7199666859375 0.502432665625 0.7151788125 0.508415715625 0.7138165828124999 0.52006859375 0.7217648984375 0.52537051875 0.7309413578124999 0.5344482875 0.7386079640625 0.534335721875 0.7468345453125 0.5310826843750001 0.7510166 0.5287265296875 0.755951859375 0.5239808171875 0.757405775 0.5113550921875001 0.756564090625 0.509081075 0.7498929671875 0.501432146875
1 0.3426566203125 0.607410003125 0.342910703125 0.5934618296874999 0.3405000046875 0.58027371875 0.336898603125 0.5743394 0.3277552203125 0.5694175078125 0.3154643328125 0.567666515625 0.3054327671875 0.5695332703125 0.2940431328125 0.577659690625 0.2880249640625 0.5894159828125 0.28654458125 0.5941951015625 0.286473853125 0.6005611609375 0.287378259375 0.6048021484375 0.2908670328125 0.611952525 0.297982884375 0.6191575859375 0.306489015625 0.622556375 0.3188474796875 0.6235777312499999 0.3273567640625 0.621340096875 0.3366963390625 0.6157400546875 0.3426566203125 0.607410003125
0 0.5886911625 0.59742035625 0.5904625921875 0.6005091218749999 0.5951045609375 0.6031023125 0.599437465625 0.6034640421875 0.6085588421875 0.602019878125 0.61342691875 0.5965445296875 0.6138633046875 0.5889836921875 0.6116744375 0.5792431 0.6091510875 0.5731506828125 0.6034702015625 0.5454732921875001 0.59892366875 0.5306344078125 0.5956356875 0.5244781546875 0.5936156218749999 0.510095265625 0.5918887921875 0.5065200765625 0.588616640625 0.49178758437500003 0.5919873453125 0.4886379609375 0.6007327609375 0.48569196875 0.6026952890625 0.48389522500000004 0.602730296875 0.4807121953125 0.5967597578125 0.4758024296875 0.595367409375 0.46857906875 0.59261148125 0.4622221609375 0.5884123703124999 0.4604011609375 0.5529559625 0.46895954062499995 0.5494418750000001 0.47087182812500006 0.547944503125 0.473197553125 0.547097146875 0.48243959375 0.5479478531249999 0.48716700468749996 0.5473807921875 0.49055068906250004 0.545583946875 0.493341559375 0.545803815625 0.496545865625 0.5474318609375 0.4983972953125 0.551764765625 0.498759025 0.5595894578125 0.49745167968750004 0.5634222 0.500467459375 0.5886911625 0.59742035625
0 0.676353075 0.3662398765625 0.698162665625 0.3678549578125 0.7185014390625 0.368119228125 0.7223184921875 0.3704053734375 0.72350979375 0.3739380046875 0.7232697015625 0.3766133328125 0.726587796875 0.37885692031249996 0.7440731656249999 0.3801031875 0.7547040765624999 0.3792943921875 0.7594347953125 0.37700207343750003 0.760011671875 0.373375178125 0.7617268140625 0.37107073125 0.76379118125 0.3648749 0.7661017453125 0.34473089375 0.7650662828125 0.3338593578125 0.761576628125 0.32792503906250003 0.757759575 0.32563889375 0.733853228125 0.3231097578125 0.7294592953125 0.3244505078125 0.72688353125 0.3335436015625 0.7213607234375 0.336258509375 0.7154168765625 0.33526140781249997 0.664304859375 0.333352759375 0.6590315296875 0.33608894375 0.6461555328124999 0.356312109375 0.641711840625 0.36941212968750003 0.6485662984375 0.371467190625 0.6536431875 0.370919909375 0.654045453125 0.36923870625 0.657397815625 0.36829926562500004 0.6555765953125 0.366183346875 0.6573353890625 0.36339247812500003 0.66173870625 0.36474833281249996 0.665533934375 0.36727768906249997 0.676353075 0.3662398765625
1 0.5495147453125 0.573087509375 0.5402850124999999 0.56668506875 0.5290356187499999 0.562565796875 0.519065428125 0.5641893390625 0.5028471 0.5719114734375 0.49687786718750004 0.57778813125 0.4949547015625 0.6070373578125 0.49778550624999995 0.6099680234375 0.5179729375 0.6236514875 0.5221534 0.6259589109375 0.5263017734375001 0.6258129390625 0.54931326875 0.614488165625 0.5529166171875 0.61184624375 0.555128571875 0.6046775656250001 0.5554103859375 0.5792133328125 0.5495147453125 0.573087509375