0 0.850104053125 0.6257945578124999 0.84710303125 0.61555371875 0.8476219109375001 0.6082473421875 0.851309571875 0.6053196703125 0.8533177140625 0.6015421484375 0.870054003125 0.5828708140625001 0.8908411671875 0.55615734375 0.89340798125 0.5480130265625001 0.89196540625 0.540326859375 0.888002703125 0.5366277 0.87962240625 0.5321349015625 0.874710121875 0.531307203125 0.8656500812499999 0.532886021875 0.85405781875 0.5421220671875 0.8434082437500001 0.5555835453125 0.837850809375 0.5603403703125001 0.833955596875 0.5661905921875 0.8288582578125 0.571468571875 0.82573966875 0.5768827937500001 0.8193883140624999 0.582319165625 0.8151938703124999 0.5888829953125 0.8118573281250001 0.590366421875 0.7993517703124999 0.59146326875 0.793616175 0.59522888125 0.7921719046875 0.5980662796875 0.791647825 0.601945984375 0.7935850890625 0.6096662109375 0.8063242 0.622780178125 0.8217788921875 0.6326548062499999 0.8302456703125 0.635929875 0.8361127375 0.6373127875 0.8445916109375 0.6369176375000001 0.848279271875 0.6339899671875 0.8496889515625 0.631639659375 0.850104053125 0.6257945578124999
1 0.7107278499999999 0.32525601875 0.7028964921874999 0.3161528796875 0.6866783890625 0.30574006875 0.6749036171875 0.3029742421875 0.6682022062499999 0.302514421875 0.6614140171875 0.30327233124999997 0.6550007375 0.305769121875 0.6521091125 0.304347028125 0.6457704750000001 0.3092963078125 0.6388607937499999 0.3117590390625 0.63465874375 0.3112259765625 0.634478265625 0.320758328125 0.6293303765625 0.35099720156249997 0.628474721875 0.359504278125 0.631388921875 0.3641095 0.6583647203125 0.384560453125 0.662018303125 0.38579009218750004 0.6662550656249999 0.3858360640625 0.699262196875 0.3741508671875 0.707511796875 0.366885340625 0.7102558390625 0.3528788890625 0.7117952921875 0.32777663125 0.7107278499999999 0.32525601875
0 0.5915619859375 0.31697925 0.5956978625 0.3255833890625 0.59807465625 0.3343118609375 0.6061202296875 0.354686234375 0.6092904234375001 0.35930848593750003 0.6129182140625 0.3610252171875 0.61791185625 0.361122278125 0.6256719984375 0.357492909375 0.62989134375 0.3509290796875 0.6304254703125001 0.33995248437500003 0.626635859375 0.3370009921875 0.6217082859375 0.32197950937500003 0.618913925 0.3190961390625 0.6114756 0.30072122343749996 0.611186759375 0.2977646125 0.60844459375 0.2941506046875 0.6024069187500001 0.273668928125 0.6023390296875 0.264119546875 0.610227896875 0.2516884640625 0.6107724859375 0.24756521406249998 0.5989356 0.234762915625 0.5974079296875 0.235147825 0.5954574609375001 0.2379511625 0.5926744140625 0.23665935624999998 0.5904585859375 0.234427428125 0.590401159375 0.2317313921875 0.5874797765625 0.2271261703125 0.579309003125 0.2295037484375 0.5669136546875 0.235018484375 0.56217405625 0.23836512656250003 0.5575266812499999 0.24392071093749998 0.556768078125 0.24753983906250002 0.5582766453125 0.257922040625 0.55660285 0.267352209375 0.56075089375 0.2722861296875 0.5659411515625 0.27313085937500003 0.5734925109375 0.272424040625 0.5764086625 0.2736025890625 0.5833719921875 0.2951265703125 0.5866692078125 0.301470675 0.5915619859375 0.31697925
0 0.22688164375 0.46109656250000003 0.230531903125 0.46208265624999995 0.24004845000000002 0.46078144375 0.24695891093750003 0.4612582953125 0.24995505156250003 0.4609755671875 0.25381240781250003 0.4590391109375 0.2662560640625 0.4584293546875 0.270135865625 0.459676025 0.27399322187499997 0.45773956718750003 0.2774432625 0.45455131875 0.2835736125 0.45203749843749996 0.28970915 0.45295034999999995 0.3015263265625 0.4576815734375 0.3037820625 0.4573477546875 0.304907334375 0.455467509375 0.30357665625 0.44974674062500003 0.30415136249999997 0.44513639843749997 0.3061896234375 0.44087178437499996 0.3024478859375 0.43767674687499997 0.299308490625 0.43648116875 0.27855985 0.43529416249999997 0.252243496875 0.43568085468750006 0.2252730296875 0.434798725 0.2226272390625 0.4336372078125 0.22046986249999997 0.42908307656250005 0.2190408234375 0.42825025625 0.21491421875 0.42698655625 0.206029340625 0.42637346249999997 0.1960537046875 0.42715352187500005 0.1916682296875 0.4295430109375 0.18998031875000002 0.4323633796875 0.18833211562500002 0.4381233296875 0.1877625984375 0.4461603453125 0.189281425 0.4597256734375 0.1921274328125 0.4650615328125 0.20179242187500002 0.4686652984375 0.21189405312499998 0.469607090625 0.2173927328125 0.46900757656250003 0.22147963124999998 0.4673316953125 0.224011496875 0.4631011421875 0.22688164375 0.46109656250000003
0 0.5961144359375 0.4993525046875 0.5973363421875 0.49625452968749995 0.596723625 0.49082839843750004 0.5879091 0.48117004375 0.5871397359375 0.47793582656250005 0.590260646875 0.47276515 0.5930003484374999 0.46242891875 0.59528750625 0.45842488125 0.6032507578125 0.43449605 0.6148675484375 0.40494351249999994 0.6148744875000001 0.3978466203125 0.6121834765624999 0.393501975 0.60810868125 0.3910205453125 0.601689275 0.3898471171875 0.5976545234375 0.39030526875 0.5950087890625 0.392326878125 0.589797409375 0.402249259375 0.588366640625 0.4082697859375 0.5855294484375 0.4129704 0.5832301171875 0.42064465625 0.5751693734375001 0.4389378703125 0.573756009375 0.4447148515625 0.5633437171875 0.471412959375 0.5499252953125 0.473676446875 0.5460698296875 0.47512581249999997 0.544633828125 0.477719665625 0.544169115625 0.487722078125 0.5423501953125001 0.495673940625 0.5429455062499999 0.50134361875 0.5474885421875 0.5077728734375 0.5530219796875 0.510843578125 0.5676257875 0.5164927734375 0.579058175 0.5175197171875 0.5824158234375 0.516036290625 0.590909996875 0.5021779937499999 0.5961144359375 0.4993525046875
0 0.5439902546875001 0.73651524375 0.5483815671875 0.737552428125 0.5503683453125 0.734018453125 0.5545386515625 0.7171746031249999 0.559939653125 0.68646566875 0.5594873796875001 0.6788476234374999 0.5572433828125 0.6755112234375 0.5534769500000001 0.6796566234375 0.5484366171875 0.680777290625 0.5407035078125 0.6848937515625 0.5346758203124999 0.6859462984375 0.5249403625 0.683316715625 0.5155432375 0.68291310625 0.5090166828125 0.68050491875 0.4873811953125 0.6777885140625 0.458811778125 0.6714121328125 0.45017242812499997 0.67081606875 0.4467391390625 0.6737607703124999 0.4439704421875 0.6848276390625 0.44280359999999996 0.6942918703125 0.4440429828125 0.6978036953125 0.44768170781250005 0.7024600078125001 0.4679621796875 0.70679608125 0.47979835781249996 0.7112837578125 0.488914121875 0.712157428125 0.494734684375 0.7140274328125 0.5285394921875 0.720030815625 0.531662090625 0.721469940625 0.5439902546875001 0.73651524375
0 0.4604335640625 0.75735656875 0.4534245546875 0.75345304375 0.45712226093749997 0.729965334375 0.4583326890625 0.7271109046875 0.4601361 0.7264994796875001 0.4642659375 0.7284938171875 0.4653591875 0.7307708828124999 0.47156006250000004 0.7319272796875 0.4721128046875 0.7312307031249999 0.46869838281250004 0.7297745484375 0.467622625 0.7272539375 0.4727827234375 0.7254026312499999 0.469941165625 0.724719690625 0.46748967031250005 0.7221054125 0.46091622499999996 0.7226368062499999 0.45867725156250005 0.7188133125 0.4558330640625 0.7164170359375001 0.4544774484375 0.717793159375 0.45140587656250003 0.718562978125 0.44629299375000003 0.716256971875 0.4440365296875 0.712677025 0.4419707546875 0.7169416390625 0.43554249531250006 0.7189513390625 0.43224354062500003 0.7228872546875 0.426992559375 0.7470034203125 0.42479908593750004 0.74954618125 0.420209221875 0.7504573640625 0.4178005953125 0.7524960046875 0.4148550078125 0.765511240625 0.41345743593749995 0.7744713484375 0.41374781250000003 0.777427959375 0.4151086859375 0.779478509375 0.430657228125 0.7834739749999999 0.44983008281250003 0.78600304375 0.4551178765625 0.785873590625 0.45781161875 0.7833648890625 0.45877191406250006 0.7804934296875 0.46199209999999996 0.7601547859375 0.4604335640625 0.75735656875
0 0.4856844265625 0.741490240625 0.49109296875 0.733046165625 0.490672853125 0.7283677015625 0.48686734375 0.7285993375 0.48041994375 0.72693881875 0.46985237812499997 0.7193701953125 0.45549688125000004 0.7117896625 0.44595760625 0.7074722890625 0.44319267812499996 0.7072849546875 0.44161422968749997 0.7081569562500001 0.4408127140625 0.7122631765625 0.44184100312499996 0.7155144250000001 0.44980182968750004 0.7207038 0.4547463734375 0.7256888109374999 0.4578909765625 0.7276150265625 0.46432080156250005 0.7295190921875 0.47131135312500005 0.7341532546875 0.47801539374999996 0.7392574765625 0.481218015625 0.7438797296875 0.4856844265625 0.741490240625
1 0.517431909375 0.6115422453125 0.512166090625 0.5903810218750001 0.504890915625 0.5867040125 0.4888977859375 0.58194385 0.4803599625 0.5818519078125 0.47596863906250003 0.5835107578125001 0.4681391203125 0.5910538921875 0.46288039062499997 0.597793146875 0.4589367703125 0.6002166953125 0.45855204374999997 0.60557470625 0.46437575000000003 0.6294660249999999 0.4673995015625 0.6328535171875 0.47224378749999996 0.6353860375 0.4912029484375 0.6408376578125 0.495954540625 0.6411612359375 0.5050344765625 0.633703253125 0.511095921875 0.626284453125 0.5183203468750001 0.6201685343750001 0.517431909375 0.6115422453125
1 0.6537168640625 0.2630344953125 0.658121484375 0.25427875312500003 0.6583263734375 0.24792952812500002 0.6606573953125 0.2400117265625 0.6608973078125 0.2331754109375 0.6587378625 0.22470751562500002 0.655028484375 0.22029474843750002 0.6475974796874999 0.215139434375 0.6397759296875 0.21191545625 0.6347845750000001 0.211331303125 0.6315112984375 0.211353453125 0.6230365124999999 0.2137140015625 0.611619475 0.22199289375000003 0.6087297609375 0.2271806 0.6068996234374999 0.23513246250000003 0.6072306484375 0.24102865625 0.6049644125 0.2445456015625 0.6077648453125 0.251099190625 0.6041640921875 0.2591753859375 0.6067088171874999 0.262285271875 0.6220892265625 0.272386415625 0.62650964375 0.27391069218749997 0.6315535375 0.2737642078125 0.6442280578124999 0.268997140625 0.6537168640625 0.2630344953125
1 0.77797056875 0.25923103125 0.774056603125 0.2535835046875 0.7663862499999999 0.250620103125 0.7580148999999999 0.250301646875 0.75335215625 0.251456375 0.7455154328125 0.25778177812499997 0.7381372109375001 0.26829855468749997 0.7379832203125 0.273917140625 0.7403075359375 0.28043666875 0.7428442671875 0.28403364531249997 0.7472237890625 0.2867756515625 0.7594860796875 0.2895585078125 0.761835153125 0.2887375984375 0.7726334390625 0.28016406875 0.7781157656250001 0.2712329015625 0.7792061921875 0.26322994843749997 0.77797056875 0.25923103125
1 0.63171445 0.5578664109375 0.62824730625 0.5537142203125 0.6208885890625 0.54782826875 0.615800546875 0.5452787171875 0.60812744375 0.5437765921875 0.587958725 0.5485198390625 0.582753671875 0.55110178125 0.579180021875 0.55893443125 0.5762736140625 0.5714625765625 0.5736588734375 0.5764237671875 0.5736868421875 0.5830335671875 0.5939097875 0.6020334859375 0.6000842515625 0.6034334296874999 0.62075251875 0.59872424375 0.6294316765625 0.5931975984375 0.6352602468749999 0.5784213296875 0.636330915625 0.5669917015625 0.63171445 0.5578664109375
1 0.700582240625 0.5851944171875 0.6938211359374999 0.5769070671875001 0.6891094015625 0.575365759375 0.6767656171875001 0.5740441796875 0.6738983015625 0.575074575 0.6677167109375 0.5797973390625 0.6654659734374999 0.58282719375 0.6636445296875 0.58343861875 0.6589663953125 0.591933784375 0.665391846875 0.6048485078125 0.66990925625 0.60906881875 0.6798733296874999 0.6116984015625 0.6854489671875 0.611829525 0.6940332453125 0.608981884375 0.6970418890625 0.6060031218749999 0.701449721875 0.5977344718750001 0.702396640625 0.591679884375 0.700582240625 0.5851944171875
1 0.775271478125 0.4553382484375 0.7595997359375 0.4530646359375 0.750731075 0.459078371875 0.744935978125 0.4684796015625 0.7449999953125 0.474602309375 0.750206753125 0.4837616609375 0.7607410984375 0.48642530468749995 0.7653345375 0.48648830624999995 0.7730086265625 0.48284190625 0.77880906875 0.47686735156250004 0.782014146875 0.4714531296875 0.782204334375 0.46534745156249996 0.7800533625 0.4598191375 0.775271478125 0.4553382484375
1 0.73758755 0.459291309375 0.7378125265625 0.45269853906249996 0.7340902703125 0.44437200781249997 0.7294892953125001 0.441125878125 0.7217596000000001 0.438893115625 0.71363483125 0.4385916890625 0.70448961875 0.4453190328125 0.69925088125 0.4508405578125 0.697518221875 0.45366092656249996 0.6974172546874999 0.45854887499999997 0.6989834109374999 0.46501731093750004 0.7010155015625 0.468580228125 0.705598759375 0.47206990156249995 0.7148130984375001 0.4748919390625 0.7193556 0.47544203281249997 0.7275636171875 0.47109905625000004 0.7346466359375 0.4647225609375 0.73758755 0.459291309375
1 0.3233550140625 0.5451076515625 0.32405563593750003 0.535365815625 0.32010215625 0.5238391265625 0.31429546249999996 0.5170811734375 0.30820852187500003 0.5142199546875 0.298527228125 0.5123380390625 0.29314445624999996 0.513685221875 0.28511145781249997 0.5133837953125 0.2758015390625 0.52033765625 0.268873853125 0.529166640625 0.2676442140625 0.532264615625 0.2685568546875 0.5440740328125 0.2700299953125 0.5480899796875 0.2731864578125 0.5531993234375 0.2783643078125 0.5582013640625 0.2873519625 0.5627282234375001 0.2968353203125 0.5638624703125 0.3075658296875 0.5616551953125 0.3163397484375 0.5551543671875 0.3233550140625 0.5451076515625
0 0.36708923437499996 0.4931368671875 0.375424259375 0.501786975 0.384318053125 0.5060702890625 0.3893522640625 0.5051931671875 0.3911877578125 0.5038511046874999 0.3967409375 0.4956676046875 0.401539859375 0.491103234375 0.40224221875 0.48821474374999996 0.400270028125 0.48098160781250004 0.38463451875 0.470115765625 0.379411715625 0.46314832812500006 0.3607625765625 0.44571186718750005 0.3596121421875 0.444408984375 0.3590948703125 0.441191796875 0.3614545328125 0.43597002968750004 0.361644821875 0.43329102500000005 0.359734928125 0.43218059843749995 0.354955 0.4259778578125 0.3391586015625 0.41387725625 0.33497034062500003 0.41334419375 0.32639143437499996 0.4186272921875 0.315452865625 0.42913215937500004 0.30910563281250003 0.43799520468750003 0.3041804171875 0.4408377234375 0.3015785703125 0.44946913281249995 0.3045749015625 0.45628329843750004 0.3066629828125 0.4583849390625 0.3234489265625 0.47055366249999997 0.3273552015625 0.47155678749999996 0.3292425921875 0.46948408593749996 0.334823471875 0.4679103875 0.341295303125 0.471292759375 0.3536629 0.48266784375 0.36708923437499996 0.4931368671875
0 0.36487366875 0.5240331359375 0.3680402078125 0.5178882765624999 0.37274767343750004 0.5040180703125 0.372386603125 0.49860896875 0.368957446875 0.494456778125 0.3622822671875 0.49057028437500005 0.35668679999999997 0.48896085625 0.3545843921875 0.4871027609375 0.3507406484375 0.48879567343749997 0.3460815046875 0.48798500312500004 0.3385615671875 0.48550869375000005 0.3270665765625 0.479576771875 0.3161917765625 0.4754007609375 0.3140548203125 0.4740297578125 0.31380259062500004 0.4705860546875 0.315492103125 0.4677656859375 0.3134760671875 0.46468986250000005 0.3068527109375 0.4600727296875 0.2867805421875 0.4525705609375 0.2815755 0.45245646875 0.2751404703125 0.455683896875 0.27264075 0.4594273578125 0.2707836859375 0.468109859375 0.26745648437499997 0.4730199578125 0.2633640109375 0.48521940468749997 0.2622428625 0.4905263234375 0.262166878125 0.49859739999999997 0.265348996875 0.5027325593749999 0.271581928125 0.5058543546875 0.28872420781249997 0.51266506875 0.293487 0.5120144625 0.3236427296875 0.5138486234374999 0.35531353593750004 0.5258214406249999 0.3600072296875 0.5261450187500001 0.36487366875 0.5240331359375
0 0.4196760484375 0.5394138140625 0.43742270625 0.5374398453125 0.4416370921875 0.5347897796875001 0.44581121562500003 0.529200134375 0.44781511875 0.5188128109375 0.4482298765625 0.5095410359375 0.4464727 0.5059951515625001 0.44579885937499997 0.497872984375 0.438983709375 0.494717128125 0.43591740156250003 0.4883900546875 0.4361167703125 0.44361678906249996 0.43231714375 0.436995078125 0.42446589687499997 0.43425819218750006 0.4174582390625 0.43378134218750003 0.4079881078125 0.43607376875000003 0.4050075890625 0.43905253125000004 0.4034937078125 0.4426205671875 0.40210245 0.4794811515625 0.4003610609375 0.48621528593749996 0.39774108125 0.49117647656249996 0.39154726875 0.496873425 0.3901033921875 0.499467278125 0.3914896203125 0.5291747578125 0.3927987546875 0.5319559453125 0.3970411640625 0.53591568125 0.4044268640625 0.5381314140625 0.4196760484375 0.5394138140625
1 0.6628747671874999 0.2979313515625 0.6638707703125 0.2948163453125 0.66216558125 0.2866260578125 0.657377940625 0.2855718421875 0.6522107874999999 0.28620541718750003 0.6456271265625 0.288702209375 0.63125 0.2997333484375 0.6297978578125 0.3020836546875 0.6299386484375 0.31065885312499997 0.63174538125 0.31396119375 0.6355316625 0.314703740625 0.639822175 0.3120536765625 0.6484620062500001 0.3094495828125 0.6604800734375 0.30266602656249997 0.6651910890625 0.3012677515625 0.663478796875 0.30017435625 0.6628747671874999 0.2979313515625