1 0.775146484375 0.414794921875 0.779052734375 0.423095703125 0.7822265625 0.42724609375 0.787109375 0.431640625 0.79443359375 0.436279296875 0.806640625 0.439697265625 0.811279296875 0.439453125 0.8193359375 0.437255859375 0.830078125 0.431396484375 0.837646484375 0.42236328125 0.83935546875 0.41943359375 0.83984375 0.415283203125 0.846435546875 0.40478515625 0.84619140625 0.399658203125 0.84423828125 0.39501953125 0.837890625 0.383544921875 0.8330078125 0.37841796875 0.827880859375 0.3759765625 0.807861328125 0.373291015625 0.79833984375 0.374267578125 0.788818359375 0.378173828125 0.779052734375 0.388916015625 0.774658203125 0.39990234375 0.77392578125 0.407958984375 0.775146484375 0.414794921875
1 0.4306640625 0.521728515625 0.4404296875 0.531005859375 0.443603515625 0.532958984375 0.448486328125 0.53369140625 0.46337890625 0.529052734375 0.46728515625 0.52587890625 0.47119140625 0.515869140625 0.472900390625 0.501953125 0.457275390625 0.486572265625 0.455078125 0.48583984375 0.451171875 0.486328125 0.436279296875 0.490234375 0.43212890625 0.49267578125 0.430419921875 0.495849609375 0.4267578125 0.509765625 0.426513671875 0.515869140625 0.4306640625 0.521728515625
0 0.712646484375 0.485595703125 0.7236328125 0.4951171875 0.737060546875 0.510498046875 0.7451171875 0.517578125 0.7476398921875 0.5205891109375 0.74853515625 0.524658203125 0.75048828125 0.527587890625 0.752197265625 0.528076171875 0.7568359375 0.525390625 0.768798828125 0.51318359375 0.767578125 0.51025390625 0.76025390625 0.509521484375 0.7572429203125 0.5074870609375 0.74755859375 0.498291015625 0.738525390625 0.49169921875 0.722900390625 0.47802734375 0.715576171875 0.47509765625 0.71240234375 0.47509765625 0.710693359375 0.476806640625 0.710205078125 0.480224609375 0.712646484375 0.485595703125
0 0.314453125 0.2900390625 0.330078125 0.316162109375 0.3291015625 0.327392578125 0.330810546875 0.334716796875 0.333984375 0.34130859375 0.341796875 0.350830078125 0.3486328125 0.355224609375 0.35986328125 0.357421875 0.369873046875 0.355224609375 0.37646484375 0.351318359375 0.382080078125 0.343994140625 0.38525390625 0.33447265625 0.385009765625 0.325439453125 0.382080078125 0.31689453125 0.376953125 0.30859375 0.372314453125 0.303955078125 0.368408203125 0.30126953125 0.36083984375 0.298583984375 0.3583984375 0.296142578125 0.345947265625 0.27197265625 0.337890625 0.266357421875 0.333251953125 0.26513671875 0.326171875 0.265380859375 0.322265625 0.266845703125 0.31787109375 0.270263671875 0.3134765625 0.278564453125 0.313232421875 0.28515625 0.314453125 0.2900390625
1 0.552978515625 0.474853515625 0.55810546875 0.47802734375 0.572021484375 0.482421875 0.576171875 0.480224609375 0.58447265625 0.473388671875 0.591552734375 0.46533203125 0.591552734375 0.45947265625 0.587890625 0.445556640625 0.58447265625 0.442626953125 0.576171875 0.439453125 0.568359375 0.437744140625 0.564453125 0.438720703125 0.552490234375 0.44970703125 0.550048828125 0.454345703125 0.548828125 0.45751953125 0.552978515625 0.474853515625
1 0.22705078125 0.437255859375 0.22900390625 0.43994140625 0.244140625 0.4521484375 0.251953125 0.452880859375 0.255859375 0.45166015625 0.267578125 0.44677734375 0.271484375 0.44287109375 0.273193359375 0.4306640625 0.270263671875 0.428466796875 0.27001953125 0.427001953125 0.271240234375 0.425048828125 0.27099609375 0.41943359375 0.267333984375 0.414794921875 0.25390625 0.40478515625 0.24658203125 0.404541015625 0.232177734375 0.410400390625 0.228271484375 0.413818359375 0.22607421875 0.42236328125 0.22509765625 0.432373046875 0.22705078125 0.437255859375
0 0.79638671875 0.57177734375 0.798583984375 0.5751953125 0.80126953125 0.576171875 0.81396484375 0.577880859375 0.865478515625 0.57958984375 0.89990234375 0.582763671875 0.925048828125 0.5830078125 0.927978515625 0.584228515625 0.93115234375 0.593505859375 0.934326171875 0.59912109375 0.939697265625 0.602783203125 0.9462890625 0.604736328125 0.954833984375 0.602783203125 0.958984375 0.598876953125 0.9765625 0.5986328125 0.982666015625 0.59716796875 0.98486328125 0.59521484375 0.9892578125 0.583251953125 0.99169921875 0.57275390625 0.990234375 0.5595703125 0.986328125 0.5478515625 0.984619140625 0.545166015625 0.982177734375 0.543701171875 0.975830078125 0.54248046875 0.966552734375 0.5419921875 0.9599609375 0.54052734375 0.95166015625 0.53369140625 0.947265625 0.532470703125 0.940185546875 0.53369140625 0.935546875 0.53662109375 0.93017578125 0.54541015625 0.92919921875 0.548583984375 0.9263508296875 0.5517578125 0.872314453125 0.54833984375 0.80908203125 0.54638671875 0.802490234375 0.546875 0.79931640625 0.54833984375 0.79736328125 0.550537109375 0.795166015625 0.556396484375 0.795166015625 0.56591796875 0.79638671875 0.57177734375
1 0.384765625 0.3720703125 0.412841796875 0.413330078125 0.416015625 0.415771484375 0.423583984375 0.41845703125 0.43994140625 0.41943359375 0.464111328125 0.41650390625 0.470458984375 0.415283203125 0.474365234375 0.413330078125 0.482421875 0.3974609375 0.486083984375 0.39306640625 0.49609375 0.3720703125 0.498779296875 0.364501953125 0.499267578125 0.35986328125 0.486328125 0.33935546875 0.47021484375 0.31787109375 0.463623046875 0.313720703125 0.4462890625 0.313232421875 0.431396484375 0.31396484375 0.412109375 0.316650390625 0.407958984375 0.319091796875 0.404052734375 0.32275390625 0.396484375 0.335693359375 0.384521484375 0.362548828125 0.383544921875 0.36962890625 0.384765625 0.3720703125
0 0.577880859375 0.25830078125 0.579833984375 0.26123046875 0.58740234375 0.264892578125 0.595458984375 0.26611328125 0.6025390625 0.2685546875 0.60791015625 0.2724609375 0.610107421875 0.281494140625 0.614013671875 0.28662109375 0.619140625 0.30078125 0.632080078125 0.319580078125 0.634521484375 0.328369140625 0.638427734375 0.33447265625 0.640625 0.341064453125 0.649658203125 0.357666015625 0.654296875 0.362548828125 0.658447265625 0.363525390625 0.666748046875 0.36083984375 0.67138671875 0.357421875 0.677734375 0.35498046875 0.689208984375 0.3466796875 0.687744140625 0.340576171875 0.685791015625 0.337646484375 0.685791015625 0.334228515625 0.68408203125 0.333251953125 0.68212890625 0.328369140625 0.67919921875 0.324462890625 0.67333984375 0.31103515625 0.670654296875 0.30908203125 0.669921875 0.304931640625 0.664306640625 0.296142578125 0.65966796875 0.28515625 0.653564453125 0.273681640625 0.651611328125 0.271728515625 0.650390625 0.26708984375 0.648681640625 0.265869140625 0.647216796875 0.26123046875 0.644287109375 0.2578125 0.643798828125 0.25537109375 0.640625 0.25048828125 0.64111328125 0.243896484375 0.647216796875 0.2236328125 0.646240234375 0.21875 0.64306640625 0.217041015625 0.6396484375 0.217041015625 0.6279296875 0.22021484375 0.620849609375 0.226318359375 0.618408203125 0.227294921875 0.614990234375 0.22705078125 0.611083984375 0.228759765625 0.596923828125 0.2373046875 0.579345703125 0.252197265625 0.577880859375 0.255126953125 0.577880859375 0.25830078125
0 0.498291015625 0.379150390625 0.50146484375 0.38427734375 0.517578125 0.38818359375 0.5283203125 0.388916015625 0.532958984375 0.388671875 0.537353515625 0.385009765625 0.540283203125 0.384033203125 0.5634765625 0.38671875 0.568603515625 0.385498046875 0.572998046875 0.3828125 0.575927734375 0.379638671875 0.578125 0.374755859375 0.579833984375 0.366455078125 0.57958984375 0.36376953125 0.576416015625 0.35791015625 0.572265625 0.35498046875 0.558837890625 0.351806640625 0.5478515625 0.350341796875 0.546142578125 0.3466796875 0.544921875 0.339599609375 0.542236328125 0.337158203125 0.515869140625 0.3310546875 0.509521484375 0.33251953125 0.505615234375 0.33740234375 0.4990234375 0.35498046875 0.49755859375 0.3662109375 0.4970703125 0.373046875 0.498291015625 0.379150390625
1 0.287841796875 0.6240234375 0.291015625 0.627685546875 0.3046875 0.636474609375 0.310546875 0.63671875 0.3251953125 0.630126953125 0.33056640625 0.62744140625 0.333984375 0.622802734375 0.33544921875 0.606689453125 0.333740234375 0.60107421875 0.3310546875 0.597412109375 0.318115234375 0.588623046875 0.310302734375 0.58740234375 0.294189453125 0.594970703125 0.290283203125 0.597900390625 0.287109375 0.606689453125 0.28662109375 0.62109375 0.287841796875 0.6240234375
1 0.337890625 0.536865234375 0.34033203125 0.54248046875 0.357177734375 0.5517578125 0.37646484375 0.56005859375 0.3798828125 0.559814453125 0.380615234375 0.558349609375 0.384765625 0.557861328125 0.392333984375 0.55419921875 0.407958984375 0.54248046875 0.412109375 0.5380859375 0.412109375 0.52490234375 0.409423828125 0.516845703125 0.408203125 0.5 0.404052734375 0.49267578125 0.390869140625 0.48681640625 0.37939453125 0.4833984375 0.373291015625 0.48046875 0.364990234375 0.480712890625 0.362548828125 0.48388671875 0.357177734375 0.484619140625 0.342041015625 0.495849609375 0.33642578125 0.50146484375 0.335205078125 0.505126953125 0.33544921875 0.520751953125 0.337890625 0.536865234375
0 0.349365234375 0.4189453125 0.349365234375 0.42578125 0.354248046875 0.436767578125 0.3544921875 0.440185546875 0.353271484375 0.444091796875 0.3525390625 0.466796875 0.353271484375 0.47216796875 0.357177734375 0.474609375 0.3603515625 0.4716796875 0.37255859375 0.46435546875 0.376220703125 0.460693359375 0.38134765625 0.4580078125 0.38427734375 0.45751953125 0.41455078125 0.462158203125 0.435546875 0.462890625 0.4423828125 0.464599609375 0.472412109375 0.466552734375 0.4833984375 0.46630859375 0.491455078125 0.4638671875 0.494384765625 0.461181640625 0.495849609375 0.45458984375 0.494384765625 0.42822265625 0.4873046875 0.425048828125 0.474609375 0.42333984375 0.47021484375 0.423828125 0.467041015625 0.422119140625 0.46240234375 0.4228515625 0.459228515625 0.421630859375 0.45458984375 0.422119140625 0.450927734375 0.420654296875 0.427490234375 0.42041015625 0.423828125 0.41943359375 0.41162109375 0.41943359375 0.40771484375 0.42041015625 0.404052734375 0.418701171875 0.400634765625 0.419677734375 0.396484375 0.417724609375 0.3935546875 0.418701171875 0.388671875 0.417236328125 0.384521484375 0.417724609375 0.38037109375 0.41552734375 0.376220703125 0.41162109375 0.361328125 0.3955078125 0.35791015625 0.396240234375 0.353759765625 0.402587890625 0.35009765625 0.404541015625 0.350341796875 0.416259765625 0.349365234375 0.4189453125
1 0.27880859375 0.434814453125 0.28466796875 0.4375 0.294921875 0.445556640625 0.304931640625 0.4501953125 0.309814453125 0.45458984375 0.313232421875 0.45556640625 0.314697265625 0.45751953125 0.320556640625 0.458740234375 0.326171875 0.45751953125 0.332763671875 0.452880859375 0.337890625 0.451416015625 0.3515625 0.44384765625 0.35400390625 0.440185546875 0.353271484375 0.436767578125 0.35400390625 0.432861328125 0.352783203125 0.426025390625 0.353271484375 0.42236328125 0.352294921875 0.419677734375 0.350341796875 0.39599609375 0.34814453125 0.39501953125 0.346435546875 0.392822265625 0.343017578125 0.3916015625 0.341796875 0.389892578125 0.338623046875 0.388916015625 0.321533203125 0.37841796875 0.318359375 0.37744140625 0.310546875 0.37841796875 0.302978515625 0.381591796875 0.287109375 0.390380859375 0.283447265625 0.39306640625 0.28173828125 0.396484375 0.279296875 0.401611328125 0.27880859375 0.4072265625 0.278076171875 0.421142578125 0.27880859375 0.434814453125