0 0.6714752703125 0.3738669984375 0.6637838640625 0.3747503953125 0.659698753125 0.37374123125000003 0.651466659375 0.374505865625 0.647197228125 0.3798323578125 0.644910096875 0.3859298515625 0.643884134375 0.3929755359375 0.6450215625 0.39948965468750003 0.6470025703125 0.40227389062499996 0.6509671703125 0.40381589531250006 0.662262934375 0.40405978906250006 0.6840721078125 0.406501109375 0.705582265625 0.40675137031249997 0.7103272828125 0.4093596921875 0.710924025 0.41575504687500003 0.7127851671875 0.41806550624999994 0.715908771875 0.4193109234375 0.732371665625 0.41979488906249995 0.74036338125 0.41908931718750003 0.7437898796875 0.41648608906250006 0.7464359609375 0.41281654375 0.7471622609375 0.40458641562500003 0.749147790625 0.40032433125000005 0.7515625421875 0.38262120624999996 0.7509677375 0.3732059984375 0.7490479546875 0.368645415625 0.7433414328125 0.3662733453125 0.7319850890625 0.36679918125 0.71876695625 0.36602117500000003 0.7152766500000001 0.37442721875 0.71293216875 0.3762613546875 0.6811476859375001 0.3757678375 0.6714752703125 0.3738669984375
0 0.47391589375 0.284567325 0.473369859375 0.2874684140625 0.438505728125 0.34630435 0.43844216874999997 0.3511005484375 0.4407378140625 0.3540626109375 0.45077056562499995 0.3601677453125 0.4548813328125 0.361176909375 0.4586918546875 0.358988396875 0.47321933437499997 0.3332990359375 0.4761868296875 0.3257808484375 0.4842961953125 0.3142393734375 0.492891284375 0.2995599203125 0.497185578125 0.29725328125 0.5008735328125 0.29761084375 0.5034143125 0.29548075625000003 0.5092805421875 0.293293515625 0.5140670609375 0.277782725 0.5131021171875 0.2739925078125 0.5096586515625 0.26954941250000003 0.4968464828125 0.2606003421875 0.4868727375 0.2567453296875 0.48022053906249995 0.2588728703125 0.474895140625 0.266211959375 0.47053533593749997 0.27633465 0.47391589375 0.284567325
1 0.6604895078124999 0.4369218734375 0.6656161765624999 0.4394711328125 0.6771684140625001 0.4424979890625 0.6820505484375 0.44107984062499994 0.686995646875 0.437885346875 0.695281440625 0.4283571078125 0.6949143125 0.42290930624999995 0.6914000171875 0.41141989062500006 0.687015578125 0.40768682656250005 0.6762658734375 0.40572628593750004 0.669962903125 0.40672908281250003 0.6642139453125 0.4108704953125 0.657782396875 0.419452453125 0.65802426875 0.4274463296875 0.6604895078124999 0.4369218734375
1 0.2545206390625 0.341924465625 0.246985203125 0.349795121875 0.243152665625 0.3600365734375 0.243633346875 0.3679713875 0.24490606874999998 0.37193943125 0.2498204640625 0.37904799843750003 0.26159352187499996 0.3917860140625 0.266631678125 0.395341890625 0.270699984375 0.39611416718750003 0.2898919015625 0.393461428125 0.294872746875 0.391747328125 0.2975465265625 0.3890844 0.300891853125 0.380974309375 0.3032015328125 0.37789666718750003 0.30423783437499996 0.3718576 0.30557504999999996 0.37002282656249996 0.30575808125 0.3687202578125 0.30242059062500004 0.36475094218750004 0.29950973593749997 0.358413375 0.2962927421875 0.355924453125 0.29156072499999997 0.34851993281250004 0.285795671875 0.34212139375 0.2830639296875 0.34052096249999997 0.27262025 0.3380275828125 0.2633281453125 0.3390284703125 0.2545206390625 0.341924465625
0 0.3764846703125 0.2172400203125 0.3744829078125 0.218482253125 0.372479840625 0.2217377203125 0.367264071875 0.2235108828125 0.3587081203125 0.23339413593749997 0.35069324375 0.250442475 0.3521435 0.2581410359375 0.3593525546875 0.2682116671875 0.3645032765625 0.2732479375 0.37001884375 0.2766856890625 0.37747569375 0.2786443171875 0.3892384765625 0.279302925 0.39451472656250003 0.27776665 0.3968806828125 0.275932515625 0.40112939687500004 0.2693625171875 0.40671653125 0.2559246609375 0.4078123734375 0.24911586406250003 0.4074514390625 0.24467468124999997 0.4053937578125 0.238633703125 0.40539767031249996 0.2325939984375 0.4171787125 0.20506731875 0.41730554375000006 0.196481540625 0.41603477812499995 0.192513496875 0.41294499531250006 0.1884851171875 0.4034902953125 0.181729015625 0.3987603375 0.182377434375 0.389538434375 0.19066153125000002 0.386381653125 0.1964624375 0.383708071875 0.20516506875 0.3764846703125 0.2172400203125
0 0.2574349625 0.7641728359375 0.2499872640625 0.7660037890625 0.245961653125 0.7692579828125 0.2397725125 0.7750569765625 0.2340612890625 0.784764315625 0.235799053125 0.79062746875 0.248823321875 0.8017676 0.2569247609375 0.8105953625 0.269109128125 0.8204322890625001 0.271869078125 0.8242828421875 0.2782920078125 0.8284909578124999 0.2809321546875 0.8318677343750001 0.289275134375 0.8386232 0.29746513281250003 0.8498195281250001 0.2984534921875 0.8537281906249999 0.298628028125 0.8624917953125 0.2974828125 0.869063703125 0.29814172031249997 0.8716694781250001 0.30096350625 0.87273706875 0.3052879765625 0.8716739359375 0.3118970671875 0.86652654375 0.3399623625 0.8342138531250001 0.34579339062500003 0.8249802921875 0.3454359234375 0.8205391078125001 0.34297483125 0.8188796140625 0.338231703125 0.817277909375 0.3250193375 0.8185131374999999 0.31931586093750003 0.81614106875 0.302452140625 0.798899621875 0.29248797031249996 0.7917878703125 0.26656052343750003 0.7679681484375 0.2574349625 0.7641728359375
1 0.30077483125 0.43006230937499995 0.306034815625 0.4320787265625 0.316371559375 0.43238104687499995 0.3204584625 0.42989658124999997 0.32739677500000003 0.42119649687500005 0.32319570937500003 0.40911454062499997 0.3163297875 0.4019456359375 0.3041985546875 0.40081325156250003 0.2993694265625 0.4024682890625 0.2935477796875 0.40737942812499994 0.291376853125 0.41418758906250003 0.29595036406249997 0.42467102343749996 0.30077483125 0.43006230937499995
0 0.38613965625 0.44497880468749995 0.3852814875 0.4557550078125 0.378872040625 0.4953052171875 0.377279609375 0.5133049296875 0.3754511390625 0.520290915625 0.37690463125 0.52899609375 0.38784602343749996 0.5323779656250001 0.3972687046875 0.5338640906250001 0.4018287625 0.5335116234374999 0.405357221875 0.5301386671875 0.4120646578125 0.4998258390625 0.41145887343750004 0.4964503359375 0.41694885625 0.468446059375 0.418478028125 0.45423592656249995 0.4255356 0.446483396875 0.43538932499999994 0.43956156875 0.43508741406249996 0.43636389062500003 0.4319273953125 0.43411185625000004 0.41618337031249997 0.4301348984375 0.39052955 0.425796559375 0.38159267343750003 0.425198925 0.3774577765625 0.42620299531250005 0.37733387343749997 0.4297556875 0.38255774531250003 0.43704208125 0.38613965625 0.44497880468749995
1 0.44735124062500004 0.4267207078125 0.43497468437500003 0.43855558749999995 0.43171374218749997 0.4428760984375 0.43165161249999995 0.4456590625 0.428874084375 0.4488548296875 0.42742319218749997 0.45323567656249997 0.43193371249999996 0.476035409375 0.4354864890625 0.486991984375 0.43819864218750004 0.49161226718749995 0.4395252765625 0.49279734687500004 0.4746953328125 0.502056378125 0.4827205078125 0.5013508078125 0.5005317515625001 0.482650615625 0.5085006359375 0.47566845156250004 0.51097724375 0.471288240625 0.511340940625 0.46868310312499994 0.5044191828125 0.44244753125 0.49851276093749997 0.4323184734375 0.4916977453125 0.42769564375 0.4814425375 0.4246694234375 0.4736600421875 0.423302696875 0.46630078125 0.42057433906249997 0.4541720953125 0.42228398125 0.44735124062500004 0.4267207078125
1 0.4438293421875 0.5473350578125 0.44681106093749995 0.5476329203125 0.446621821875 0.5519553421875 0.444942728125 0.55461890625 0.4430784015625 0.5555651859374999 0.4394090421875 0.56172110625 0.4404011671875 0.5645047062499999 0.44356811562500004 0.5665198515625 0.44977941875000005 0.5680631296875001 0.4591596765625 0.5686017 0.46375919374999997 0.5649924921875 0.4720287390625 0.554220746875 0.47097598281249997 0.5491870234375 0.4660746515625 0.5395323796875 0.4634054359375 0.5363924921875001 0.451603825 0.5336615859375 0.44539118593750004 0.5341315437499999 0.4420349984375 0.53643881875 0.43867747343749997 0.5407593296875 0.4438293421875 0.5473350578125
0 0.49214143750000006 0.3768325703125 0.4897626953125 0.37866670625 0.48031115937499996 0.3822136671875 0.4770170125 0.3855275609375 0.47530716406250006 0.389967471875 0.4759132828125 0.395356209375 0.47859278906249997 0.3997396046875 0.4791956296875 0.41016142968749997 0.4807773046875 0.415313915625 0.4950994171875 0.4216584859375 0.5152781546874999 0.42155245781249995 0.5199754859375 0.41664068125 0.52583473125 0.40616361406249996 0.5283357468750001 0.4037966375 0.529740240625 0.40018551875 0.5273085578125001 0.3897033578125 0.5207889406249999 0.38448862500000003 0.5153063437500001 0.3782679109375 0.5219300375 0.3172827859375 0.5212049249999999 0.3073938 0.519745521875 0.3017084734375 0.5165788921875001 0.2964365875 0.5103626625000001 0.293412915625 0.5037161828125 0.29577734375000003 0.4990181984375 0.3016957390625 0.49614184375 0.3187472609375 0.49662306562499997 0.328695309375 0.49214143750000006 0.3768325703125
0 0.5401903828125 0.5863576765625 0.544253465625 0.5861823984375001 0.5467083406250001 0.5800849046875001 0.545824390625 0.5526096468749999 0.5466053453125 0.542366284375 0.5492525140625 0.5379860734374999 0.5485442093749999 0.536386915625 0.5466102 0.5353199625 0.530422196875 0.536257965625 0.530162803125 0.5383302624999999 0.533123984375 0.5462072859375 0.5349224015625 0.5568666375 0.5360678265625001 0.5792497453125 0.5401903828125 0.5863576765625
0 0.411941009375 0.552880609375 0.4055064984375 0.5509226171875 0.40198480156249994 0.551275721875 0.3936624421875 0.5580800609375001 0.38558167656250003 0.566838571875 0.38418354374999997 0.569443071875 0.3843619625 0.5751868250000001 0.3868502 0.57684631875 0.394736225 0.587509490625 0.40298888125000004 0.59456090625 0.40954451562500005 0.596992675 0.41470593593749994 0.5959892421874999 0.4284957859375 0.584332825 0.42995448124999996 0.5819652125 0.42989848906250006 0.5746820015625 0.43184428593749996 0.5701830296875 0.43949785781250006 0.564799384375 0.446060675 0.5561583625 0.44733899062500004 0.55106685 0.4451568265625 0.5455587125 0.4407280171875 0.540345253125 0.43611491406249997 0.538447596875 0.4328361171875 0.5387416375 0.42761348281249995 0.5405148 0.4173472875 0.5487982609375 0.41485578749999996 0.5521718546875001 0.411941009375 0.552880609375
0 0.5767289140625 0.4381118921875 0.5703732046875001 0.4311208140625 0.5572988140625 0.42175702812500004 0.554662190625 0.416367015625 0.5553244109375 0.4129330859375 0.556945521875 0.4112761390625 0.559109153125 0.4057114859375 0.5580312078125 0.4024541078125 0.5513710875 0.40233152499999997 0.546692465625 0.3999600921875 0.5448345375 0.396643015625 0.539856021875 0.39409375625 0.53733264375 0.3992436953125 0.52833256875 0.3989420140625 0.526649025 0.404388540625 0.522687959375 0.40586638906249994 0.5189643578124999 0.41131164218749994 0.517279525 0.41877140468749996 0.5139774546875 0.421848409375 0.5121150078125 0.42557765468750003 0.5145115875 0.4310267296875 0.5186496218750001 0.43428601718750004 0.52548413125 0.44317220468749996 0.5278234421875 0.444357921875 0.5321442515625 0.4432947875 0.5391074953125 0.438562109375 0.5446265968749999 0.4402235140625 0.5630366671875 0.45657774218749997 0.59608174375 0.48140853906250003 0.603997425 0.4885190171875 0.6138334640625 0.4951569921875 0.61851273125 0.4965218078125 0.622713196875 0.4959915140625 0.6285965609375 0.4910213109375 0.6309410328125 0.48415408906249996 0.630462878125 0.4812523625 0.6269857734375 0.4765723796875 0.6197284421875 0.4720676765625 0.6148117125 0.466735453125 0.608273871875 0.463060178125 0.5965798999999999 0.4531051265625 0.59340075625 0.4516228203125 0.585305525 0.4438016765625 0.5767289140625 0.4381118921875
1 0.668757803125 0.45297378281249995 0.665215415625 0.4633930609375 0.667341603125 0.47470401406249996 0.669654790625 0.47967931249999995 0.67720895625 0.4869079171875 0.6872646234374999 0.490762928125 0.697322915625 0.4905914703125 0.704822175 0.4885236296875 0.7122625984375001 0.4831990484375 0.718425475 0.4739064234375 0.7197723484375 0.46502532968750004 0.7161835796875 0.4530621375 0.7138703890625 0.4480868390625 0.710945878125 0.4457757421875 0.706253453125 0.4436411984375 0.6923572765625 0.439961465625 0.6851032 0.43995700781249997 0.6769324671875 0.44344554374999995 0.668757803125 0.45297378281249995
1 0.2371312734375 0.4246931546875 0.2390974984375 0.4302603546875 0.2456795546875 0.4374883234375 0.25367918125 0.442111790625 0.2593428375 0.441759959375 0.2700554578125 0.4396940296875 0.2735052890625 0.4358472953125 0.278128403125 0.42643527187499997 0.278068325 0.4241851484375 0.2745630453125 0.4187354359375 0.265951375 0.40872323125000004 0.26028904062499997 0.40706182812499997 0.2506856515625 0.4073520484375 0.2453904140625 0.4091252109375 0.24218751875 0.41190626406249997 0.238181746875 0.41865408750000005 0.2371312734375 0.4246931546875
1 0.33227604374999997 0.5456658578125 0.32971699375 0.5548422671875 0.3300136265625 0.5660928843749999 0.334627696875 0.5750368609375001 0.340885425 0.5803106578125 0.35486198125 0.5874840203125 0.358691078125 0.5883153578125 0.3672027234375 0.5862481546875 0.382161190625 0.579092621875 0.384776953125 0.57619280625 0.385818190625 0.564114034375 0.390019590625 0.5532806781249999 0.3882605484375 0.5474175265625 0.384798525 0.5429744328125 0.3805443359375 0.541491490625 0.36699483437499997 0.5319498796875 0.36073449062499996 0.530702553125 0.3521015765625 0.5322959796875 0.338420346875 0.53838646875 0.33227604374999997 0.5456658578125
0 0.459893678125 0.646407828125 0.4482233546875 0.6316565765625 0.4422658234375 0.6273303359375 0.4341450921875 0.6164893390625 0.429331153125 0.6126375109375 0.42415430781249996 0.6113908218749999 0.41975879687499995 0.612217065625 0.416988596875 0.6133995984375 0.4089769671875 0.620144875 0.404454875 0.630563515625 0.406858284375 0.6380258249999999 0.4090234234375 0.6415207281249999 0.412935275 0.6438324625 0.41696528906249997 0.649637825 0.42905792500000006 0.66302744375 0.44066754531249996 0.678548421875 0.43680733125 0.689559603125 0.44607100624999996 0.70188163125 0.456479571875 0.7126648390625 0.460091159375 0.7137921296874999 0.46713676406250004 0.711309575 0.4773768234375 0.703263003125 0.48882312031249997 0.6919012640625 0.4961715796875 0.6865766828125001 0.4992465765625 0.679532271875 0.4978053078125 0.6738469453125 0.48691696718750005 0.6601620125000001 0.478192471875 0.651985215625 0.47620619687500004 0.6512142140625 0.4715698265625 0.6520995218750001 0.466813996875 0.6515044343749999 0.46494912343749994 0.649193975 0.459893678125 0.646407828125
1 0.303971415625 0.372805790625 0.30359794687499997 0.3774241640625 0.3103818125 0.38838265 0.3132814296875 0.391463475 0.3188979109375 0.39389460781249996 0.33118306406250003 0.39473104062500003 0.33865759687499997 0.38816295312500004 0.3415002796875 0.38396056875 0.341810840625 0.38111854218749996 0.3396548421875 0.3738340578125 0.3363870671875 0.367318665625 0.3315128765625 0.362697109375 0.3262049640625 0.360443803125 0.3187350765625 0.35996556874999996 0.3109546296875 0.362329359375 0.3062598703125 0.3664714078125 0.303971415625 0.372805790625
1 0.445193984375 0.62946424375 0.4461637828125 0.63224784375 0.4559321328125 0.645221475 0.46370031406249995 0.652391015625 0.46782832343749997 0.6544067984375 0.48768812500000003 0.6503333640625 0.4978922296875 0.6468461015625 0.5040959984375 0.6317506609375 0.5064049015625 0.6296796375 0.5079289874999999 0.6205025921875 0.50768800625 0.6175418031250001 0.5047746937500001 0.61523070625 0.49652324531250003 0.6041528203125 0.4857199546875 0.595205021875 0.47163077812500004 0.5966174390625001 0.4619132046875 0.5989799578125 0.45498715 0.6041864140625 0.4493304828125 0.6183939984375 0.44671676250000003 0.6223004328124999 0.445193984375 0.62946424375