0 0.566002778125 0.262419521875 0.5779462468750001 0.2683183859375 0.586575815625 0.277885490625 0.59336053125 0.28339736718749997 0.6006371421875001 0.27942558125 0.6031803874999999 0.275711084375 0.6079893359375 0.2729060125 0.6135813328124999 0.2673635953125 0.6198130703125 0.2576057109375 0.6225537375 0.248024996875 0.627644765625 0.24438608281250002 0.627623296875 0.2395895296875 0.62528986875 0.23465420468749998 0.6277067375 0.2304680640625 0.625504221875 0.2297944609375 0.6247628953125 0.22797107656249999 0.6276051500000001 0.22442921249999997 0.6249309921874999 0.2238819875 0.622349346875 0.221793453125 0.6202438828125 0.2233686234375 0.608409859375 0.21693492656250002 0.603895384375 0.216122553125 0.6007541187500001 0.21949178281249998 0.60117950625 0.220136059375 0.598998459375 0.2242590109375 0.5929934703125 0.22637354843750002 0.591073034375 0.2248661046875 0.5889754265625 0.219867590625 0.58426685 0.2145576734375 0.5828473828125 0.21114672343750002 0.5832851640625 0.209007396875 0.5802318765625001 0.2070452390625 0.5781805265625 0.2012760734375 0.573724703125 0.1969094421875 0.5728400671875 0.1936079375 0.5685060828124999 0.18592287031250002 0.56581499375 0.1843691703125 0.5608367328125 0.1771094890625 0.5575476218750001 0.175210521875 0.5508215578125 0.1661443875 0.5431860703125 0.15934395625 0.5398044468750001 0.15898629375 0.5326079546875 0.1642003765625 0.5305070265625 0.169565625 0.5305454265625 0.17536865468750001 0.5314639234375 0.180683109375 0.5359874734375001 0.18907564062499999 0.5436737546875 0.1988954984375 0.5545781 0.21695218437500002 0.5605628375 0.2241949328125 0.5630395734375 0.2306083765625 0.570536290625 0.23972076874999998 0.5704776390624999 0.24327502499999998 0.56745035625 0.2498995015625 0.566002778125 0.262419521875
1 0.44871602343749994 0.5000928390625 0.44391493125 0.49632422812500004 0.43978744374999995 0.490353103125 0.4366878984375 0.4891616 0.42242461249999996 0.489697646875 0.41854201875 0.49124349062499995 0.41591865468749994 0.4937156890625 0.40881135625000004 0.5077522265625001 0.41423647187499996 0.5204527390625 0.4205326125 0.5250845171875 0.423867978125 0.52621283125 0.43545710625 0.5251295578125 0.440645184375 0.5237394171875 0.44286009374999996 0.521629415625 0.44885600937500003 0.5119347203125 0.4496683828125 0.5074202453125001 0.44871602343749994 0.5000928390625
1 0.63778266875 0.21336130781249998 0.6384979921875 0.206598059375 0.6354525609375 0.1980622203125 0.630226084375 0.19364933281250002 0.6180682625 0.192610209375 0.610947353125 0.1952765109375 0.60681654375 0.19966914687499998 0.6018948281250001 0.2133728125 0.601945621875 0.21639223749999997 0.6048014875 0.2242206109375 0.613535965625 0.22946280468750002 0.6203962640625 0.23242690000000002 0.622047015625 0.2319845828125 0.6243127187499999 0.23289400625 0.62717190625 0.23035861875000002 0.6280643984375 0.227086440625 0.6343345359375 0.2231315859375 0.63778266875 0.21336130781249998
1 0.409715353125 0.5403678890625 0.414300875 0.5348424015625 0.418612175 0.523577071875 0.417319084375 0.5206377671875 0.414737440625 0.5185492328125 0.41221444687500003 0.51290644375 0.399002678125 0.4985010640625 0.3924583203125 0.49671607812499996 0.387598578125 0.496501725 0.3805532515625 0.49662024374999997 0.36810095781249996 0.4991985671875 0.361864684375 0.505166371875 0.35597821406249996 0.5143262359375 0.3524499609375 0.5228542171874999 0.353857034375 0.5290487703125 0.3574203640625 0.5366875796875 0.36569227187500003 0.5496363078125001 0.372961025 0.5522382046875001 0.37942526249999997 0.55278089375 0.3914228453125 0.551335421875 0.4026836375 0.55185664375 0.40467512031249997 0.547026228125 0.40824177187500005 0.544301275 0.409715353125 0.5403678890625
0 0.6230724640624999 0.747073128125 0.622613215625 0.7444159 0.6185026578125 0.73945125 0.617537903125 0.7349074484375 0.618413465625 0.73062879375 0.622763165625 0.7251664953125 0.6258367046875 0.717771365625 0.6302326625 0.7115384125 0.63216095625 0.706472175 0.6337947765624999 0.70502338125 0.634278815625 0.7021134015625 0.63936530625 0.694684409375 0.6411333609375001 0.6871335765625 0.6454153359375 0.6776453765625 0.6444336500000001 0.6720951000000001 0.642197271875 0.669408546875 0.6256716046874999 0.6586714078125 0.6205297828125 0.659290896875 0.616773565625 0.6613083828125 0.6138049343749999 0.6643786031250001 0.6099607406249999 0.671727475 0.6056742296875 0.677425596875 0.6044996578124999 0.6815316171875 0.6010932437500001 0.6867411625 0.5995102171875 0.69120938125 0.59476899375 0.698040353125 0.593202896875 0.703515046875 0.5906427203125 0.70622306875 0.587396546875 0.7139172078125 0.583956271875 0.717113803125 0.58022938125 0.7173541625000001 0.5767676374999999 0.715754203125 0.5749442515625 0.71649553125 0.57287265 0.7200836515625 0.566762753125 0.7265231 0.5612554125 0.73709789375 0.55936098125 0.7441770828125 0.5608143109375 0.7496009828125 0.5851481 0.76683954375 0.6042046203125 0.7766457890625 0.6092200640625001 0.7755546578125 0.616563184375 0.7614549328125 0.6154134015625 0.7599937453125001 0.6152531625 0.7575091515625 0.61811235 0.7549737640624999 0.6194595546875 0.7505687328125 0.6230724640624999 0.747073128125
0 0.5930298515625 0.4538414765625 0.5951307781249999 0.448476228125 0.5948441625 0.445519990625 0.591975903125 0.44047522031249997 0.586922059375 0.435763321875 0.5966007140625 0.40208131874999997 0.598356375 0.397314090625 0.6020617968749999 0.39227717812499996 0.6010755750000001 0.3829368234375 0.597798859375 0.37825425 0.5844867171875 0.3719638625 0.5762622828125 0.372398321875 0.5704637906250001 0.37622680000000003 0.5651629453125 0.388515534375 0.5547937578125001 0.42339357812499995 0.552060946875 0.426400609375 0.54830473125 0.42841809687500004 0.5434619203125 0.4292102171875 0.540729109375 0.4322172484375 0.5333657359374999 0.4556742609375 0.5329618171875 0.45982653906250004 0.5336275625 0.46419770624999995 0.536984396875 0.470122575 0.54173923125 0.47466184062499994 0.55116424375 0.47870799374999995 0.56312010625 0.48182325312499996 0.5734376109375 0.48259722812500006 0.5818640046875 0.48008662968750004 0.5853042796875 0.47689003437500005 0.5922344078124999 0.45936242812500006 0.5930298515625 0.4538414765625
1 0.6044480375 0.1785670296875 0.600114053125 0.1708819640625 0.5949676953124999 0.16771137187500001 0.590154209375 0.166726365625 0.5827636171874999 0.1674429046875 0.5788810234375 0.168988746875 0.5746238375 0.1729097390625 0.5691627546875 0.18271388125000002 0.5697190546875001 0.1876198796875 0.5741038328125 0.19832437187500002 0.5802442703125 0.20426163593750002 0.5811751625 0.2067924875 0.5890712625 0.207962521875 0.5936782515625 0.20723358906249997 0.5968195171875 0.20386435937499997 0.60268905625 0.1936980203125 0.6051600390625 0.18216754375 0.6044480375 0.1785670296875
0 0.4645429734375 0.46577441718749996 0.46403746718749994 0.46388784375 0.4634857046875 0.4627719234375 0.4607652890625 0.46299535 0.44708762812499997 0.46666026875 0.445154796875 0.46793642812499997 0.445677234375 0.4708294765625 0.44879371093750003 0.4730274546875 0.45199484375 0.480257809375 0.45905953281249995 0.509453446875 0.46169197031250003 0.51456140625 0.46624030781250003 0.5173867296875 0.46882981093750004 0.51290158125 0.4694988765625 0.5069089859375 0.462568421875 0.47161130937499995 0.4645429734375 0.46577441718749996
1 0.411923771875 0.217516103125 0.4132416515625 0.2148882015625 0.41298436250000004 0.2101548359375 0.41104245781250004 0.20385083750000002 0.4029353265625 0.1971767828125 0.391653065625 0.19185900625000002 0.383175878125 0.1913501796875 0.37251764375 0.194964303125 0.364032596875 0.201029159375 0.359653571875 0.20826858750000002 0.35862684375 0.2176428046875 0.35918768125 0.2263388828125 0.35834598125 0.23263048749999998 0.3638636109375 0.24378969218750002 0.378750921875 0.25218554531250004 0.38282307968749996 0.25134716562500004 0.39671509375 0.24282250625000001 0.4059538609375 0.23579743125000002 0.410113996875 0.2296276671875 0.41106967812499995 0.2265913109375 0.411923771875 0.217516103125
0 0.7496986859375 0.5470850296875 0.7481313734375 0.5384058828125 0.7531534609375 0.516587228125 0.7542264453125 0.50644235625 0.7558895921875 0.503216434375 0.758482415625 0.48836752343749995 0.7621325078125001 0.47652110625 0.7630204640625 0.4694588484375 0.76440153125 0.46706676874999997 0.76218540625 0.4550229296875 0.760311228125 0.45274483125 0.7512484140625 0.449107134375 0.7421901375 0.44925951406250003 0.7351154859375 0.4511551625 0.7318941 0.45328209375000006 0.7291150328125 0.457059778125 0.7262434515625 0.4623787703125 0.724849990625 0.4675544546875 0.7235457203125 0.4815525921875 0.7188428953125 0.49418659375 0.7184265828124999 0.5011224750000001 0.7161744890625 0.5115832874999999 0.7137745515625 0.516775903125 0.712996040625 0.523303328125 0.711097071875 0.5265924390625 0.71237323125 0.5285252687499999 0.7100240875 0.5367373093750001 0.70312660625 0.5421240265625 0.6967300937500001 0.5456072375 0.6928520375 0.5509431593749999 0.69241425625 0.5530824859375 0.6935809703125 0.55555015 0.700302496875 0.5608262046875 0.7084682812499999 0.5639460015625 0.7255998265625 0.5684547249999999 0.7511577671875 0.57045285 0.7551667359375 0.56937865 0.75819855625 0.5665442515625 0.7583497218749999 0.5614486875 0.7496986859375 0.5470850296875
1 0.696250265625 0.4994820125 0.692241296875 0.5005562125 0.682455303125 0.5102554453125 0.6803836999999999 0.5138435640625 0.6804221 0.51964659375 0.6825073125000001 0.5274287109375 0.6851690765625 0.530759540625 0.692547275 0.53282660625 0.7045787203125 0.533394084375 0.7122637859375 0.5290601015624999 0.7154760984374999 0.5193530109375 0.7149321921875 0.5116634078125 0.710109634375 0.5030982421875 0.7047443859375 0.5009973140625 0.696250265625 0.4994820125
1 0.63274365 0.23417348750000003 0.6328902796875 0.22528784375000002 0.6359931453125001 0.2161155859375 0.6358915578125 0.210076734375 0.6325516546875 0.205158340625 0.628664525 0.20291410468749999 0.6270261671874999 0.20057281875 0.6192857703125 0.19809729843749999 0.6136892359375 0.1998496375 0.6121648609375 0.20076359843749997 0.6117440109375 0.20390940156249998 0.6142963296875 0.20777506250000002 0.6064724921875 0.2144210078125 0.6035162546875 0.2147076234375 0.5997939015625 0.21873806093749998 0.5972675875 0.22345903125 0.5967542234375001 0.228146140625 0.59696071875 0.22986008125000001 0.6049369375 0.23227241250000003 0.6051310390625 0.2367699578125 0.608230584375 0.23796146093749998 0.6126322937500001 0.249672428125 0.6151800749999999 0.24974801093750001 0.6175258984374999 0.25189973125 0.621442353125 0.2523668390625 0.6274890625 0.24569156875 0.63274365 0.23417348750000003
0 0.568373715625 0.3118293203125 0.5702140328125 0.3120944671875 0.5732842515625001 0.3150630984375 0.5789654421875 0.3183431359375 0.58305453125 0.3185112328125 0.5855345875 0.3145609140625 0.587100684375 0.3090862203125 0.591496640625 0.30285326874999996 0.5945916484375 0.3002546921875 0.59606523125 0.29632130624999997 0.592733184375 0.284829228125 0.587059853125 0.27497550937500004 0.5839433765625001 0.27277753125 0.5839727031249999 0.271000403125 0.5861876125000001 0.2688904015625 0.58516420625 0.2679008578125 0.5813448015625 0.2696825234375 0.5797527 0.2665705828125 0.5822666203125 0.26463321562500003 0.5830327375000001 0.26088939375 0.5748376281249999 0.259546725 0.5727490953125 0.2621283703125 0.5675903421874999 0.26174138281250003 0.5645878484375 0.2627986515625 0.5509655171875 0.2732730734375 0.5433267078124999 0.2768364046875 0.5451591671875 0.28367523437500003 0.5500110515625 0.290463271875 0.5461961843750001 0.296035015625 0.5412947203125 0.30038139375 0.5336943109375001 0.3097477546875 0.5254620171875 0.316755896875 0.5065974953125 0.335964796875 0.5032373390625 0.340403690625 0.48014495625000003 0.3617564546875 0.47747533437499995 0.36499930625 0.4767554734375 0.367972475 0.47899638906249997 0.37444910781249996 0.4833427671875 0.3793505703125 0.48861550156250005 0.3829928046875 0.492515025 0.3824534359375 0.5001831609375 0.3771129765625 0.539546028125 0.33724638281249997 0.5494121421875 0.3287894484375 0.55300811875 0.3242873671875 0.564962765625 0.31324878749999996 0.568373715625 0.3118293203125
0 0.64837901875 0.4208124984375 0.6483360828125 0.4112193890625 0.6509334421874999 0.4001605578125 0.6890800171875 0.368960715625 0.7080709171875 0.350223459375 0.7109255671875 0.34389799375 0.7084397578125 0.329904390625 0.706312825 0.32668300625 0.7016550421875001 0.3243925140625 0.6967953 0.32417816093749996 0.6884151625 0.32591810468750004 0.678860453125 0.3317640703125 0.630001528125 0.373922371875 0.62429555 0.37620954375000004 0.6176880046875 0.374188734375 0.6099814703125 0.373726165625 0.601807828125 0.37718005 0.599374028125 0.380359715625 0.601880090625 0.3849960296875 0.6042349859375 0.394727909375 0.6068211671875 0.400606521875 0.6099252500000001 0.40558810312500004 0.6185548187500001 0.41515520781250004 0.6267251390624999 0.42206508437499995 0.634436209375 0.42631773281249996 0.6439029421875 0.42580315312500006 0.6470611390625 0.42344039999999994 0.64837901875 0.4208124984375
0 0.42094925156249996 0.5709739203125 0.421542734375 0.5675291078125 0.4202620375 0.5618061984375 0.41562904375 0.5539484984375 0.4065831609375 0.5513172749999999 0.40270056875 0.55286311875 0.3933263515625 0.5518363921875 0.3748521359375 0.5555227781250001 0.357026734375 0.56257385625 0.353097884375 0.564890353125 0.3523148375 0.5676277 0.35547424843750003 0.5794187875000001 0.3614048703125 0.594005871875 0.3668886375 0.6031521265625 0.370586203125 0.604688896875 0.3911150875 0.5964079156250001 0.3933299984375 0.5942979140625 0.3977383484375 0.5852813578125 0.40323783124999996 0.581280246875 0.41746271874999996 0.57494116875 0.42094925156249996 0.5709739203125
1 0.5127622453125 0.6249788765625001 0.5081247140625 0.6133310984375 0.49948728750000004 0.610337678125 0.48707671250000006 0.60835526875 0.4814124546875 0.6060817078125 0.47803083125 0.6057240453125 0.4742746140625 0.6077415328125 0.46601299531249996 0.6165268046875 0.4558061515625 0.6293718390625 0.45425245 0.632062928125 0.45449280937500003 0.63578981875 0.46077777031249995 0.6573590421875 0.46424405 0.6627490796875 0.4721277546875 0.66670271875 0.478971121875 0.6686603390625 0.49053092343750004 0.66935419375 0.4978876546875 0.6666247046875 0.5112572328125 0.6552069953124999 0.5165964765625 0.6487212890625 0.5176153453125 0.6459207546875 0.5127622453125 0.6249788765625001
0 0.4466576171875 0.265078615625 0.4640361640625 0.25258670625 0.4666888546875 0.248337378125 0.46641463437499997 0.24259753750000002 0.45684963593749994 0.226709503125 0.44618564843749997 0.21237970781249998 0.4390680609375 0.20468224687499997 0.43461677343750005 0.2041056953125 0.43053222187499995 0.207727678125 0.4122859703125 0.21792455781250003 0.4106273609375 0.22494055937500002 0.3715928296875 0.26320265625 0.3665649890625 0.2670773921875 0.36452724999999997 0.2726784625 0.37269425 0.2899521 0.3796978546875 0.2943943140625 0.3821361921875 0.295004728125 0.385909340625 0.2939937171875 0.41196249687500003 0.2761444171875 0.4321832984375 0.26011064375 0.4360365671875 0.2603419296875 0.44146953906249997 0.2664687578125 0.44337304531250005 0.2669697265625 0.4466576171875 0.265078615625
0 0.27305782968750003 0.49256566875 0.27763549374999996 0.49361386406249996 0.2851186015625 0.49135601875 0.2947026359375 0.483732925 0.300387146875 0.47664919843750003 0.30247114375 0.47027747499999994 0.30243274375 0.4644744453125 0.301059534375 0.4602928421875 0.2952643625 0.45375755937499995 0.290037884375 0.44934467187499993 0.285017903125 0.44664572343750003 0.28121089375 0.4456437859375 0.2771387359375 0.44648216406249996 0.2718998640625 0.44485287968750004 0.22594362499999998 0.40257217343749996 0.2205783765625 0.400471246875 0.21590820000000002 0.4009643578125 0.21296889375 0.4022574484375 0.207894796875 0.4069028375 0.2055873734375 0.4105541453125 0.2054023453125 0.413636759375 0.20732731875 0.41893428281249995 0.211138865625 0.42372629999999994 0.2542313796875 0.4647523140625 0.2551622734375 0.4672831640625 0.25443001875000004 0.4730399375 0.2553146546875 0.476341440625 0.25901675625 0.48166829062499994 0.268336859375 0.4900393546875 0.27305782968750003 0.49256566875
1 0.6969362640625001 0.49449589375 0.70701673125 0.481179215625 0.70841019375 0.47600353125000006 0.7082454171875 0.469728859375 0.7053218265625001 0.457874584375 0.6962871234375 0.4383059171875 0.6931999734375001 0.434330809375 0.6857879125 0.43025079374999997 0.65549206875 0.42471987968749997 0.6473770796875 0.4246195078125 0.6406984890625 0.42893656093750004 0.6161833171875 0.45724213750000003 0.6148993 0.4618829890625 0.6148745109375 0.46745019687499995 0.6160457609375001 0.4737079390625 0.622085828125 0.4877601921875 0.6245332390625 0.49595076406249994 0.6294189859375 0.5047517515625 0.6331797390625 0.50652434375 0.6455101937500001 0.5072644546875 0.675115503125 0.513991409375 0.6796762359375 0.5140331296875 0.694018425 0.5005855375 0.6969362640625001 0.49449589375
1 0.32738910468750004 0.6208130765625001 0.322208884375 0.6156295359375 0.317723734375 0.6130400328125 0.3083156546875 0.61000035625 0.296318071875 0.6114458265625 0.28833399531250004 0.615607178125 0.28136093125 0.6235416765624999 0.274978028125 0.638395125 0.27805732031249997 0.6489439140625 0.28464461406249997 0.660322009375 0.2949203984375 0.6656567156250001 0.3036503390625 0.6671088296875001 0.31215685312499997 0.665840528125 0.3228274828125 0.6594428 0.329248784375 0.65039238125 0.3331516296875 0.6394892515625 0.330653425 0.628279253125 0.32738910468750004 0.6208130765625001