0 0.205078125 0.51611328125 0.208740234375 0.51806640625 0.22021484375 0.521728515625 0.22705078125 0.52197265625 0.232421875 0.523681640625 0.2724609375 0.526123046875 0.30078125 0.5341796875 0.306640625 0.5341796875 0.312744140625 0.53076171875 0.314697265625 0.527587890625 0.320068359375 0.511474609375 0.321533203125 0.51025390625 0.319580078125 0.506591796875 0.313232421875 0.500732421875 0.302490234375 0.49853515625 0.279541015625 0.490966796875 0.273681640625 0.489990234375 0.267578125 0.48681640625 0.262939453125 0.48681640625 0.2578125 0.484130859375 0.255859375 0.481689453125 0.253173828125 0.47509765625 0.247802734375 0.47021484375 0.23681640625 0.46875 0.226318359375 0.465576171875 0.22021484375 0.465576171875 0.2119140625 0.47509765625 0.204833984375 0.492431640625 0.203369140625 0.501220703125 0.20361328125 0.51318359375 0.205078125 0.51611328125
1 0.630859375 0.608642578125 0.634521484375 0.61083984375 0.64208984375 0.6123046875 0.646728515625 0.6123046875 0.65478515625 0.609130859375 0.66064453125 0.600830078125 0.662841796875 0.594970703125 0.662353515625 0.58935546875 0.659912109375 0.5830078125 0.656005859375 0.57763671875 0.64990234375 0.57470703125 0.640380859375 0.573974609375 0.634765625 0.57470703125 0.631103515625 0.57763671875 0.62255859375 0.5888671875 0.62109375 0.59228515625 0.630859375 0.608642578125
0 0.443359375 0.44384765625 0.49951171875 0.4453125 0.5078125 0.44677734375 0.51318359375 0.446044921875 0.522216796875 0.447265625 0.525634765625 0.449462890625 0.529541015625 0.454833984375 0.536376953125 0.45703125 0.549072265625 0.455078125 0.552978515625 0.451416015625 0.553955078125 0.443115234375 0.554443359375 0.416259765625 0.55126953125 0.41259765625 0.549072265625 0.41162109375 0.537109375 0.411376953125 0.529296875 0.412841796875 0.526611328125 0.416259765625 0.525390625 0.42041015625 0.44970703125 0.41943359375 0.443115234375 0.421142578125 0.441650390625 0.42236328125 0.440673828125 0.42529296875 0.4404296875 0.43408203125 0.443359375 0.44384765625
1 0.69580078125 0.255615234375 0.701171875 0.2666015625 0.708251953125 0.269287109375 0.717041015625 0.2705078125 0.720458984375 0.269287109375 0.7265625 0.263916015625 0.73486328125 0.25244140625 0.736328125 0.2451171875 0.7333984375 0.2373046875 0.728515625 0.232177734375 0.72119140625 0.229736328125 0.712890625 0.22998046875 0.708740234375 0.232177734375 0.702880859375 0.23779296875 0.697265625 0.245361328125 0.695556640625 0.25 0.695068359375 0.2529296875 0.69580078125 0.255615234375
1 0.369873046875 0.630615234375 0.387451171875 0.64208984375 0.400146484375 0.6455078125 0.4033203125 0.644775390625 0.40771484375 0.642822265625 0.42626953125 0.630126953125 0.42724609375 0.61865234375 0.426513671875 0.606689453125 0.42578125 0.597900390625 0.423828125 0.59375 0.4140625 0.58984375 0.408935546875 0.5859375 0.400146484375 0.58154296875 0.396240234375 0.581298828125 0.37646484375 0.59326171875 0.373046875 0.594482421875 0.36962890625 0.59814453125 0.369140625 0.60009765625 0.36865234375 0.62158203125 0.369873046875 0.630615234375
0 0.406494140625 0.487548828125 0.408203125 0.4892578125 0.410888671875 0.489990234375 0.41943359375 0.489013671875 0.4275949703125 0.48974609375 0.438720703125 0.489013671875 0.442138671875 0.484375 0.443603515625 0.479736328125 0.446533203125 0.478759765625 0.454833984375 0.479736328125 0.498046875 0.47998046875 0.50634765625 0.4775390625 0.510498046875 0.474365234375 0.51171875 0.471923828125 0.51220703125 0.4658203125 0.51025390625 0.45166015625 0.508544921875 0.4482421875 0.505126953125 0.446533203125 0.498046875 0.445556640625 0.48876953125 0.446044921875 0.44921875 0.44482421875 0.445068359375 0.444091796875 0.44287109375 0.4423828125 0.439208984375 0.433837890625 0.415771484375 0.43359375 0.408447265625 0.434326171875 0.40576171875 0.436767578125 0.404296875 0.44775390625 0.40478515625 0.48095703125 0.406494140625 0.487548828125
0 0.244140625 0.4638671875 0.24951171875 0.469970703125 0.25732421875 0.47607421875 0.26708984375 0.481689453125 0.271240234375 0.481689453125 0.2766926265625 0.4775390625 0.27978515625 0.477783203125 0.306884765625 0.497802734375 0.314453125 0.50146484375 0.32080078125 0.50830078125 0.328369140625 0.51318359375 0.333984375 0.5146484375 0.338134765625 0.5126953125 0.3505859375 0.497314453125 0.35107421875 0.4921875 0.34912109375 0.48681640625 0.337890625 0.479736328125 0.321044921875 0.465576171875 0.307861328125 0.456298828125 0.302490234375 0.447998046875 0.3037109375 0.441650390625 0.302734375 0.437744140625 0.294921875 0.4306640625 0.279052734375 0.419677734375 0.274658203125 0.41943359375 0.271484375 0.4208984375 0.259521484375 0.430908203125 0.24951171875 0.44287109375 0.243896484375 0.455078125 0.2431640625 0.460693359375 0.244140625 0.4638671875
1 0.212158203125 0.556884765625 0.216796875 0.56591796875 0.224609375 0.57421875 0.232421875 0.576904296875 0.2451171875 0.57763671875 0.256591796875 0.57275390625 0.263427734375 0.565673828125 0.26806640625 0.556884765625 0.267578125 0.544677734375 0.2666015625 0.53955078125 0.26416015625 0.534912109375 0.2568359375 0.52734375 0.244873046875 0.52392578125 0.235595703125 0.523193359375 0.231689453125 0.525390625 0.228515625 0.523681640625 0.216064453125 0.535888671875 0.211669921875 0.54248046875 0.210693359375 0.545654296875 0.21044921875 0.548828125 0.212158203125 0.556884765625
0 0.412109375 0.518798828125 0.41552734375 0.527587890625 0.41748046875 0.52978515625 0.419921875 0.5380859375 0.423828125 0.5458984375 0.43017578125 0.546630859375 0.439453125 0.543701171875 0.447265625 0.54248046875 0.451416015625 0.53955078125 0.452392578125 0.53662109375 0.4501953125 0.52734375 0.45068359375 0.52490234375 0.4619140625 0.523193359375 0.465087890625 0.52099609375 0.490234375 0.511962890625 0.49267578125 0.509765625 0.50146484375 0.506103515625 0.506103515625 0.505126953125 0.537109375 0.492919921875 0.544921875 0.48779296875 0.546142578125 0.48046875 0.542236328125 0.47119140625 0.537109375 0.467529296875 0.5341796875 0.4677734375 0.524169921875 0.470703125 0.515625 0.475341796875 0.506103515625 0.4775390625 0.482177734375 0.48779296875 0.478271484375 0.488525390625 0.443603515625 0.50244140625 0.4409992671875 0.50244140625 0.438232421875 0.5009765625 0.43359375 0.492431640625 0.431396484375 0.49072265625 0.427734375 0.489990234375 0.42529296875 0.49365234375 0.41015625 0.501708984375 0.40869140625 0.504638671875 0.412109375 0.518798828125
0 0.376708984375 0.79931640625 0.388427734375 0.80078125 0.415771484375 0.801513671875 0.41796875 0.800048828125 0.419677734375 0.794677734375 0.420654296875 0.773681640625 0.419677734375 0.77197265625 0.41552734375 0.771240234375 0.412353515625 0.7685546875 0.412353515625 0.755615234375 0.414794921875 0.744873046875 0.419921875 0.744384765625 0.412353515625 0.7353515625 0.40625 0.73193359375 0.404296875 0.729736328125 0.40185546875 0.732177734375 0.392333984375 0.734130859375 0.388427734375 0.738525390625 0.38525390625 0.767578125 0.383544921875 0.76904296875 0.37646484375 0.77099609375 0.375244140625 0.77392578125 0.37353515625 0.7880859375 0.37353515625 0.79736328125 0.376708984375 0.79931640625
1 0.5947265625 0.37060546875 0.60107421875 0.3720703125 0.60693359375 0.370361328125 0.611083984375 0.364990234375 0.618896484375 0.346923828125 0.62060546875 0.340576171875 0.619873046875 0.336669921875 0.6171875 0.33447265625 0.611083984375 0.33203125 0.607421875 0.332763671875 0.603515625 0.337158203125 0.6025390625 0.34130859375 0.59814453125 0.348876953125 0.593994140625 0.359375 0.593505859375 0.367431640625 0.5947265625 0.37060546875
1 0.457763671875 0.557373046875 0.471435546875 0.569580078125 0.4755859375 0.574462890625 0.478271484375 0.57568359375 0.48291015625 0.57568359375 0.504638671875 0.568603515625 0.509765625 0.565673828125 0.5146484375 0.551513671875 0.515869140625 0.5400390625 0.515380859375 0.53369140625 0.49658203125 0.515869140625 0.494140625 0.51416015625 0.489501953125 0.513427734375 0.478515625 0.516357421875 0.46337890625 0.522705078125 0.461181640625 0.52587890625 0.45703125 0.5478515625 0.456787109375 0.5546875 0.457763671875 0.557373046875
1 0.661376953125 0.46337890625 0.668212890625 0.46630859375 0.677490234375 0.46875 0.681640625 0.4677734375 0.688720703125 0.462890625 0.693115234375 0.458251953125 0.696044921875 0.452392578125 0.69580078125 0.443603515625 0.692626953125 0.436767578125 0.68994140625 0.43408203125 0.686767578125 0.4326171875 0.677734375 0.430419921875 0.673828125 0.43017578125 0.669921875 0.43212890625 0.65966796875 0.44287109375 0.65771484375 0.447265625 0.657958984375 0.45458984375 0.661376953125 0.46337890625
1 0.551025390625 0.275146484375 0.55224609375 0.276123046875 0.561279296875 0.2763671875 0.575439453125 0.284423828125 0.577880859375 0.287841796875 0.5849609375 0.290283203125 0.585693359375 0.29345703125 0.587646484375 0.294921875 0.59228515625 0.293212890625 0.60546875 0.276611328125 0.609619140625 0.2626953125 0.60888671875 0.251708984375 0.607177734375 0.246337890625 0.603271484375 0.23974609375 0.59912109375 0.23486328125 0.592041015625 0.2314453125 0.587158203125 0.230712890625 0.57177734375 0.23095703125 0.564697265625 0.23486328125 0.557373046875 0.243408203125 0.55029296875 0.25732421875 0.549560546875 0.26708984375 0.551025390625 0.275146484375
0 0.537353515625 0.313232421875 0.542236328125 0.316650390625 0.548828125 0.316650390625 0.5498046875 0.320068359375 0.551513671875 0.3740234375 0.5517578125 0.402587890625 0.551025390625 0.407958984375 0.553466796875 0.417236328125 0.555419921875 0.420166015625 0.56005859375 0.421875 0.57177734375 0.419921875 0.575927734375 0.416259765625 0.5771484375 0.404541015625 0.5751953125 0.346435546875 0.575927734375 0.3203125 0.578369140625 0.31494140625 0.58740234375 0.310546875 0.589111328125 0.3076171875 0.589599609375 0.304931640625 0.586669921875 0.29541015625 0.586669921875 0.28466796875 0.58251953125 0.28173828125 0.5673828125 0.27734375 0.564453125 0.275634765625 0.548583984375 0.276611328125 0.543701171875 0.28271484375 0.5400390625 0.284912109375 0.538330078125 0.290283203125 0.53759765625 0.29833984375 0.534912109375 0.3056640625 0.53466796875 0.308349609375 0.537353515625 0.313232421875
0 0.400390625 0.675048828125 0.405517578125 0.678466796875 0.41796875 0.68115234375 0.477783203125 0.68505859375 0.485107421875 0.686279296875 0.491455078125 0.687744140625 0.49365234375 0.689208984375 0.501953125 0.69873046875 0.50927734375 0.70361328125 0.51318359375 0.702392578125 0.514404296875 0.700439453125 0.517578125 0.675048828125 0.517578125 0.66162109375 0.517333984375 0.656005859375 0.514404296875 0.64501953125 0.5146484375 0.63916015625 0.513427734375 0.63623046875 0.509521484375 0.638916015625 0.50537109375 0.64453125 0.49658203125 0.646484375 0.490478515625 0.6494140625 0.488037109375 0.649658203125 0.4443359375 0.646728515625 0.43505859375 0.647216796875 0.412353515625 0.644775390625 0.404052734375 0.64501953125 0.400634765625 0.650634765625 0.399658203125 0.656005859375 0.3984375 0.671630859375 0.400390625 0.675048828125
1 0.70654296875 0.467041015625 0.710693359375 0.474853515625 0.712646484375 0.476806640625 0.716796875 0.478515625 0.728271484375 0.478759765625 0.73486328125 0.475341796875 0.740234375 0.46875 0.743408203125 0.462646484375 0.743408203125 0.4580078125 0.7412109375 0.451416015625 0.736083984375 0.4462890625 0.7314453125 0.44482421875 0.720703125 0.44384765625 0.712646484375 0.44970703125 0.70849609375 0.4580078125 0.705322265625 0.462158203125 0.704833984375 0.46337890625 0.70654296875 0.467041015625
0 0.75927734375 0.60400390625 0.76318359375 0.60986328125 0.770263671875 0.615966796875 0.78271484375 0.62451171875 0.78759765625 0.62646484375 0.794677734375 0.631103515625 0.8017578125 0.63330078125 0.80859375 0.6337890625 0.814208984375 0.631591796875 0.815185546875 0.630126953125 0.8154296875 0.62109375 0.813232421875 0.613037109375 0.813232421875 0.60791015625 0.81494140625 0.60205078125 0.82080078125 0.593505859375 0.842041015625 0.568603515625 0.843505859375 0.5654296875 0.857177734375 0.548095703125 0.8603515625 0.53955078125 0.860595703125 0.53369140625 0.859375 0.53076171875 0.85693359375 0.52783203125 0.84521484375 0.522216796875 0.837646484375 0.522216796875 0.83203125 0.524169921875 0.82080078125 0.533447265625 0.8154296875 0.5419921875 0.810302734375 0.546875 0.80322265625 0.556884765625 0.7890625 0.57373046875 0.7822265625 0.584716796875 0.779296875 0.58642578125 0.76416015625 0.58837890625 0.759033203125 0.59228515625 0.758056640625 0.5947265625 0.7578125 0.5986328125 0.75927734375 0.60400390625
0 0.403076171875 0.731689453125 0.4072265625 0.736083984375 0.412353515625 0.7392578125 0.4287109375 0.755615234375 0.431884765625 0.761962890625 0.435546875 0.76318359375 0.44384765625 0.75390625 0.4453125 0.75048828125 0.44482421875 0.748779296875 0.4306640625 0.73974609375 0.423583984375 0.732666015625 0.408447265625 0.720458984375 0.401123046875 0.718017578125 0.400146484375 0.718017578125 0.398681640625 0.720458984375 0.400146484375 0.727294921875 0.403076171875 0.731689453125
1 0.51220703125 0.58056640625 0.540771484375 0.608154296875 0.544677734375 0.610107421875 0.547119140625 0.60986328125 0.579833984375 0.60107421875 0.587890625 0.59814453125 0.5908203125 0.59521484375 0.599609375 0.55712890625 0.599609375 0.549072265625 0.58056640625 0.5302734375 0.5732421875 0.525390625 0.569580078125 0.521728515625 0.564453125 0.519775390625 0.552734375 0.520751953125 0.52099609375 0.53076171875 0.517578125 0.53955078125 0.51123046875 0.566162109375 0.510009765625 0.57568359375 0.51220703125 0.58056640625