0 0.692138671875 0.475341796875 0.696044921875 0.480712890625 0.700927734375 0.484130859375 0.708984375 0.486083984375 0.716552734375 0.485107421875 0.736083984375 0.479736328125 0.739990234375 0.476806640625 0.74365234375 0.470703125 0.745849609375 0.46923828125 0.783203125 0.462158203125 0.787109375 0.460693359375 0.796630859375 0.453369140625 0.7998046875 0.442626953125 0.798828125 0.438720703125 0.7958984375 0.4345703125 0.788818359375 0.4306640625 0.775146484375 0.429931640625 0.741943359375 0.435302734375 0.738037109375 0.434326171875 0.73193359375 0.42822265625 0.723876953125 0.42724609375 0.71875 0.4287109375 0.701171875 0.4306640625 0.697265625 0.43310546875 0.693115234375 0.43701171875 0.6884765625 0.451171875 0.68896484375 0.46630859375 0.692138671875 0.475341796875
0 0.491943359375 0.504638671875 0.493896484375 0.50732421875 0.4970703125 0.508056640625 0.548828125 0.50146484375 0.567626953125 0.498046875 0.57470703125 0.499755859375 0.576171875 0.501708984375 0.580078125 0.50390625 0.58447265625 0.50390625 0.595703125 0.5009765625 0.60009765625 0.49853515625 0.6015625 0.495849609375 0.599365234375 0.4775390625 0.597900390625 0.474853515625 0.595458984375 0.46337890625 0.59375 0.46044921875 0.591796875 0.459228515625 0.58349609375 0.459228515625 0.570068359375 0.46337890625 0.567138671875 0.466064453125 0.56787109375 0.468994140625 0.5654296875 0.471435546875 0.560791015625 0.47314453125 0.502197265625 0.48388671875 0.498046875 0.48388671875 0.491943359375 0.486083984375 0.489013671875 0.489013671875 0.489013671875 0.495849609375 0.491943359375 0.504638671875
0 0.52587890625 0.644775390625 0.545166015625 0.645751953125 0.549072265625 0.647705078125 0.55859375 0.658447265625 0.561279296875 0.662353515625 0.561767578125 0.665283203125 0.56640625 0.66845703125 0.568359375 0.672119140625 0.575927734375 0.67578125 0.578857421875 0.679931640625 0.585205078125 0.685302734375 0.594970703125 0.69677734375 0.597412109375 0.6982421875 0.607421875 0.708740234375 0.61083984375 0.7099609375 0.617431640625 0.708984375 0.626953125 0.70361328125 0.630615234375 0.700439453125 0.6298828125 0.698486328125 0.631591796875 0.6884765625 0.629150390625 0.6826171875 0.624267578125 0.677001953125 0.61865234375 0.6728515625 0.606689453125 0.660888671875 0.600830078125 0.6533203125 0.591064453125 0.64404296875 0.58935546875 0.64013671875 0.580078125 0.63232421875 0.576904296875 0.62744140625 0.571044921875 0.621826171875 0.570068359375 0.617919921875 0.5712890625 0.615478515625 0.57080078125 0.61181640625 0.57177734375 0.603271484375 0.56982421875 0.597900390625 0.563720703125 0.5966796875 0.559814453125 0.59814453125 0.557861328125 0.601318359375 0.55224609375 0.605712890625 0.5498046875 0.61083984375 0.546142578125 0.61279296875 0.529541015625 0.630615234375 0.525146484375 0.633056640625 0.525146484375 0.635498046875 0.52294921875 0.637939453125 0.522705078125 0.63916015625 0.52587890625 0.644775390625
1 0.51318359375 0.703125 0.517333984375 0.70703125 0.52734375 0.71337890625 0.537109375 0.71728515625 0.545166015625 0.716552734375 0.55517578125 0.71240234375 0.564208984375 0.7060546875 0.568115234375 0.70166015625 0.5693359375 0.69189453125 0.568359375 0.671875 0.564453125 0.666748046875 0.5498046875 0.658447265625 0.541015625 0.654052734375 0.537109375 0.654541015625 0.524169921875 0.66162109375 0.5185546875 0.666259765625 0.513427734375 0.667724609375 0.51171875 0.670654296875 0.51171875 0.69482421875 0.51318359375 0.703125
0 0.48583984375 0.6025390625 0.474609375 0.613037109375 0.4775390625 0.61669921875 0.478515625 0.620849609375 0.486328125 0.635009765625 0.494140625 0.6455078125 0.49853515625 0.64697265625 0.505615234375 0.64501953125 0.513916015625 0.639892578125 0.52294921875 0.63916015625 0.5244140625 0.636474609375 0.524658203125 0.632568359375 0.522216796875 0.623046875 0.525634765625 0.618408203125 0.530029296875 0.6171875 0.535400390625 0.61279296875 0.55419921875 0.602294921875 0.57080078125 0.58837890625 0.593505859375 0.57470703125 0.60205078125 0.565673828125 0.600830078125 0.557373046875 0.599365234375 0.553955078125 0.595458984375 0.550537109375 0.591064453125 0.5498046875 0.58447265625 0.55126953125 0.56982421875 0.5595703125 0.548828125 0.573974609375 0.544677734375 0.575927734375 0.534912109375 0.583984375 0.529296875 0.58642578125 0.510009765625 0.599853515625 0.5078125 0.60009765625 0.498046875 0.59423828125 0.49462890625 0.593505859375 0.489990234375 0.593994140625 0.48828125 0.59912109375 0.48583984375 0.6025390625
0 0.404052734375 0.5791015625 0.408203125 0.578857421875 0.4130859375 0.580810546875 0.4404296875 0.599365234375 0.447265625 0.600830078125 0.44921875 0.598388671875 0.447021484375 0.593017578125 0.4189453125 0.57275390625 0.417236328125 0.571044921875 0.414794921875 0.565185546875 0.412109375 0.563232421875 0.40771484375 0.567626953125 0.40234375 0.57666015625 0.402099609375 0.57763671875 0.404052734375 0.5791015625
1 0.677490234375 0.398681640625 0.683837890625 0.4033203125 0.685546875 0.407470703125 0.69482421875 0.41943359375 0.700927734375 0.423583984375 0.708984375 0.423583984375 0.7392578125 0.419189453125 0.745361328125 0.41650390625 0.748046875 0.41357421875 0.755615234375 0.397705078125 0.759521484375 0.386962890625 0.760986328125 0.377685546875 0.759521484375 0.372314453125 0.751708984375 0.360107421875 0.736083984375 0.34521484375 0.73095703125 0.343994140625 0.721923828125 0.343994140625 0.705810546875 0.346435546875 0.7001953125 0.34619140625 0.692626953125 0.34814453125 0.689208984375 0.351806640625 0.685302734375 0.35888671875 0.682861328125 0.36669921875 0.677490234375 0.377685546875 0.6748046875 0.38818359375 0.67578125 0.39599609375 0.677490234375 0.398681640625
1 0.5888671875 0.431396484375 0.59130859375 0.433837890625 0.6025390625 0.43603515625 0.606689453125 0.435791015625 0.615234375 0.426513671875 0.619140625 0.41943359375 0.619384765625 0.416015625 0.6181640625 0.413818359375 0.618408203125 0.407470703125 0.610595703125 0.40283203125 0.59814453125 0.402587890625 0.595458984375 0.403564453125 0.59130859375 0.40771484375 0.58740234375 0.41259765625 0.5859375 0.4169921875 0.585693359375 0.4228515625 0.5888671875 0.431396484375
0 0.6123046875 0.401611328125 0.614990234375 0.40380859375 0.623046875 0.408935546875 0.63134765625 0.41015625 0.634521484375 0.40869140625 0.646484375 0.392333984375 0.651123046875 0.384033203125 0.658203125 0.37548828125 0.66064453125 0.370361328125 0.67919921875 0.345703125 0.683349609375 0.342041015625 0.689453125 0.339111328125 0.700439453125 0.336669921875 0.703857421875 0.33154296875 0.701171875 0.32568359375 0.6943359375 0.319091796875 0.689208984375 0.31201171875 0.677734375 0.304443359375 0.66015625 0.301025390625 0.654052734375 0.302001953125 0.65283203125 0.3046875 0.65283203125 0.31103515625 0.65478515625 0.322265625 0.6533203125 0.3271484375 0.646240234375 0.337158203125 0.642578125 0.3447265625 0.6279296875 0.365234375 0.62451171875 0.3681640625 0.616943359375 0.381103515625 0.609375 0.391357421875 0.609130859375 0.39306640625 0.6123046875 0.401611328125
1 0.64208984375 0.674072265625 0.650634765625 0.68310546875 0.6552734375 0.68603515625 0.662353515625 0.6865234375 0.671875 0.684326171875 0.675048828125 0.6826171875 0.684326171875 0.67431640625 0.68212890625 0.6748046875 0.6796875 0.671630859375 0.680419921875 0.6650390625 0.677490234375 0.657470703125 0.66943359375 0.649658203125 0.665283203125 0.64697265625 0.656005859375 0.647216796875 0.645263671875 0.651123046875 0.642333984375 0.6552734375 0.6396484375 0.665771484375 0.6396484375 0.670166015625 0.64208984375 0.674072265625
1 0.7978515625 0.44189453125 0.797119140625 0.454345703125 0.81005859375 0.468994140625 0.81396484375 0.469970703125 0.81884765625 0.47021484375 0.836669921875 0.467041015625 0.845703125 0.46337890625 0.85009765625 0.460205078125 0.852294921875 0.456298828125 0.856689453125 0.45166015625 0.86083984375 0.440185546875 0.8603515625 0.432861328125 0.853759765625 0.42236328125 0.845703125 0.414306640625 0.837890625 0.4111328125 0.828857421875 0.410888671875 0.810546875 0.414794921875 0.80615234375 0.4169921875 0.7998046875 0.422119140625 0.79638671875 0.42822265625 0.796142578125 0.43603515625 0.7978515625 0.44189453125
1 0.59033203125 0.389892578125 0.592529296875 0.3916015625 0.6025390625 0.392822265625 0.608154296875 0.392578125 0.612548828125 0.388671875 0.6181640625 0.3798828125 0.61962890625 0.37255859375 0.61767578125 0.3662109375 0.613525390625 0.360595703125 0.608642578125 0.357666015625 0.603271484375 0.3564453125 0.59521484375 0.357666015625 0.591796875 0.35986328125 0.58447265625 0.37255859375 0.583984375 0.379150390625 0.59033203125 0.389892578125
1 0.72705078125 0.340087890625 0.74365234375 0.3505859375 0.747802734375 0.3505859375 0.755615234375 0.343017578125 0.76171875 0.334228515625 0.762451171875 0.33154296875 0.761962890625 0.325439453125 0.759521484375 0.31982421875 0.756103515625 0.31640625 0.751953125 0.314208984375 0.74560546875 0.313232421875 0.74072265625 0.3134765625 0.73681640625 0.31494140625 0.72802734375 0.324462890625 0.72412109375 0.3310546875 0.723876953125 0.334716796875 0.72705078125 0.340087890625
1 0.428466796875 0.43994140625 0.435546875 0.447509765625 0.443115234375 0.45068359375 0.447021484375 0.450439453125 0.458740234375 0.4453125 0.46923828125 0.443115234375 0.4736328125 0.43701171875 0.475830078125 0.428955078125 0.47509765625 0.41845703125 0.470703125 0.410888671875 0.463134765625 0.40478515625 0.458251953125 0.402587890625 0.452392578125 0.401611328125 0.443115234375 0.40185546875 0.43896484375 0.403564453125 0.435302734375 0.406494140625 0.427734375 0.416748046875 0.42578125 0.425048828125 0.425537109375 0.432373046875 0.428466796875 0.43994140625
0 0.5712890625 0.616943359375 0.575927734375 0.6181640625 0.58984375 0.629150390625 0.591064453125 0.6328125 0.59033203125 0.63916015625 0.59130859375 0.64208984375 0.59619140625 0.6416015625 0.599365234375 0.642578125 0.603271484375 0.644775390625 0.606689453125 0.648193359375 0.6103515625 0.649658203125 0.615234375 0.6484375 0.619384765625 0.643798828125 0.630859375 0.62646484375 0.6337890625 0.61865234375 0.634033203125 0.615478515625 0.63232421875 0.612548828125 0.615234375 0.6015625 0.611083984375 0.601318359375 0.607666015625 0.605224609375 0.603271484375 0.60595703125 0.591552734375 0.59765625 0.583984375 0.593505859375 0.580078125 0.592529296875 0.575439453125 0.59375 0.571044921875 0.60009765625 0.56982421875 0.605224609375 0.56982421875 0.612548828125 0.5712890625 0.616943359375
0 0.3388671875 0.31005859375 0.345703125 0.318115234375 0.351318359375 0.322265625 0.3603515625 0.326171875 0.3681640625 0.328125 0.373779296875 0.328125 0.380615234375 0.32666015625 0.384765625 0.322998046875 0.386962890625 0.319580078125 0.39013671875 0.310302734375 0.391357421875 0.305419921875 0.39111328125 0.302001953125 0.392822265625 0.299072265625 0.392822265625 0.290283203125 0.390380859375 0.283447265625 0.3935546875 0.273681640625 0.400146484375 0.259033203125 0.402099609375 0.2509765625 0.40283203125 0.243408203125 0.400390625 0.238525390625 0.396240234375 0.233642578125 0.388916015625 0.2294921875 0.38037109375 0.230224609375 0.376708984375 0.232666015625 0.372802734375 0.23779296875 0.364990234375 0.258056640625 0.359375 0.26904296875 0.35693359375 0.2705078125 0.349609375 0.272216796875 0.345458984375 0.27587890625 0.336181640625 0.297119140625 0.336181640625 0.303955078125 0.3388671875 0.31005859375
1 0.552001953125 0.457275390625 0.554931640625 0.45947265625 0.560546875 0.467041015625 0.56396484375 0.46826171875 0.56982421875 0.466796875 0.57568359375 0.462158203125 0.5830078125 0.460205078125 0.5869140625 0.44873046875 0.584228515625 0.4404296875 0.580322265625 0.436279296875 0.575927734375 0.43310546875 0.570068359375 0.432373046875 0.56396484375 0.43310546875 0.55810546875 0.435791015625 0.5537109375 0.4423828125 0.55126953125 0.448486328125 0.551025390625 0.454833984375 0.552001953125 0.457275390625
0 0.611572265625 0.74462890625 0.63037109375 0.765380859375 0.634521484375 0.767578125 0.639404296875 0.767578125 0.646240234375 0.76416015625 0.66552734375 0.74755859375 0.66357421875 0.736083984375 0.6650390625 0.733154296875 0.67822265625 0.725341796875 0.688232421875 0.7158203125 0.693115234375 0.712646484375 0.6953125 0.7099609375 0.701171875 0.70703125 0.7080078125 0.700439453125 0.7099609375 0.693115234375 0.709228515625 0.6875 0.705322265625 0.68212890625 0.697021484375 0.67431640625 0.693359375 0.672607421875 0.685302734375 0.67333984375 0.679443359375 0.677978515625 0.675537109375 0.6796875 0.67333984375 0.683349609375 0.666748046875 0.685791015625 0.665771484375 0.689453125 0.65185546875 0.69921875 0.646484375 0.704345703125 0.641845703125 0.705810546875 0.634765625 0.70263671875 0.630126953125 0.70166015625 0.614990234375 0.71044921875 0.61181640625 0.71435546875 0.6064453125 0.718017578125 0.60400390625 0.7236328125 0.603515625 0.727294921875 0.611572265625 0.74462890625
0 0.356201171875 0.50048828125 0.36767578125 0.503662109375 0.36962890625 0.503662109375 0.37353515625 0.501220703125 0.378173828125 0.49169921875 0.38671875 0.456787109375 0.389404296875 0.451416015625 0.39990234375 0.41064453125 0.401123046875 0.4091796875 0.40380859375 0.408447265625 0.412109375 0.408935546875 0.415771484375 0.406005859375 0.416015625 0.384033203125 0.413330078125 0.381103515625 0.407958984375 0.37939453125 0.40234375 0.375 0.385498046875 0.3701171875 0.376953125 0.371826171875 0.372802734375 0.377685546875 0.370849609375 0.38427734375 0.365234375 0.39013671875 0.3662109375 0.392822265625 0.36865234375 0.3955078125 0.374267578125 0.398681640625 0.37646484375 0.40185546875 0.37451171875 0.407470703125 0.37060546875 0.427490234375 0.3681640625 0.43212890625 0.36474609375 0.450439453125 0.359130859375 0.46630859375 0.356201171875 0.480712890625 0.352783203125 0.490966796875 0.35302734375 0.498291015625 0.356201171875 0.50048828125
1 0.43798828125 0.486328125 0.43896484375 0.490234375 0.45849609375 0.504638671875 0.462890625 0.5048828125 0.46728515625 0.50244140625 0.478515625 0.4990234375 0.484130859375 0.495361328125 0.48828125 0.48974609375 0.487548828125 0.483154296875 0.489990234375 0.46630859375 0.488525390625 0.46044921875 0.486083984375 0.457275390625 0.478759765625 0.451416015625 0.467529296875 0.445068359375 0.458251953125 0.445556640625 0.44970703125 0.448486328125 0.443115234375 0.4521484375 0.438232421875 0.46044921875 0.435791015625 0.4716796875 0.435302734375 0.48388671875 0.43798828125 0.486328125