1 0.6825675515625 0.5309450203125 0.6811783453125 0.523991484375 0.671495309375 0.5156479765624999 0.660742915625 0.5092991687499999 0.65209253125 0.50748835 0.6447747234375 0.509135940625 0.6265931484375 0.516987925 0.6230095421875 0.52030039375 0.6219591656250001 0.5245458843749999 0.621791475 0.536861203125 0.6195031125 0.5456449875 0.6202918359375 0.5522325953125 0.621774378125 0.5541538671875 0.6427163265625 0.567729890625 0.64675076875 0.56957773125 0.6514416953125 0.5687721406249999 0.6654015296875 0.5626223593749999 0.67350711875 0.55779065 0.6791544578125001 0.55125735 0.682268565625 0.543791025 0.6825675515625 0.5309450203125
1 0.53279773125 0.5903031078125001 0.5254514359375 0.583661190625 0.5211200953125 0.5808618171875 0.51636925625 0.5806609546875 0.504635634375 0.58401075 0.5014495343750001 0.5859690421875 0.49721533124999995 0.6009380984375 0.49752094218750004 0.6043783046875 0.500078115625 0.609575021875 0.5033790609375 0.6113497390625 0.5086455765625 0.61694879375 0.51456031875 0.6176436265625 0.5285834656249999 0.6140374375000001 0.5296518265625 0.6130491890624999 0.5317502671875001 0.60982835625 0.5354121671875001 0.5957377078125 0.53279773125 0.5903031078125001
0 0.6224480484375 0.289951321875 0.6246871828125 0.2874441390625 0.630500625 0.2728592140625 0.6296341062499999 0.2637829328125 0.6275637749999999 0.26048928125000004 0.62118398125 0.2564091625 0.6135248625 0.255623 0.60844374375 0.2537569546875 0.6009727796875 0.25267799062499996 0.5972468156249999 0.2532639015625 0.5941043500000001 0.25522219375 0.590792765625 0.259724078125 0.5879520406250001 0.26837981875 0.5868050203124999 0.277657575 0.5868805359375 0.280146246875 0.589233253125 0.28462931406249997 0.5899116171875 0.2939983984375 0.5747868828125 0.3475063890625 0.5738654609375 0.3544784359375 0.5750892515625 0.36071832187499997 0.578514421875 0.3632066875 0.5901066953125 0.3653649234375 0.5939643375 0.36424832500000004 0.5966927359375 0.36163130312499997 0.6014898921875 0.3460217203125 0.6023548359374999 0.338811790625 0.6147708375 0.29668609687499997 0.617461478125 0.2928247390625 0.6224480484375 0.289951321875
0 0.5216865515625 0.3049477640625 0.525793340625 0.30401412968749997 0.5279302375 0.302275515625 0.532129459375 0.29630961718750004 0.533708634375 0.2921921703125 0.5332060640625 0.2835367359375 0.5355466296875 0.27398438125 0.5347464000000001 0.26188874218749997 0.5324785390625 0.254386315625 0.529467775 0.2513123421875 0.51779756875 0.25145981562499997 0.5102526390625 0.24966719999999998 0.4994744765625 0.25036356406250004 0.49692868749999997 0.25144344687500003 0.490388278125 0.260447215625 0.4779187734375 0.258270775 0.4722509875 0.2590581609375 0.45730995625000004 0.257193034375 0.44214614374999994 0.257633615625 0.43742617343749995 0.2592077765625 0.43391439218750005 0.2637645796875 0.43332062968749996 0.2731703796875 0.43488224999999997 0.27983111250000003 0.4385807671875 0.28475323124999996 0.44309675625 0.28773556875 0.46640019375 0.2894535296875 0.48444442812500005 0.289360365625 0.48957360000000005 0.29170217656249997 0.4929935671875 0.298692121875 0.49630167968750005 0.30194905781250003 0.5216865515625 0.3049477640625
0 0.4403890921875 0.527344496875 0.4484783671875 0.5260079140625 0.457366884375 0.5204807609375 0.46714745312500006 0.5089880124999999 0.4691369296875 0.505529296875 0.4706984125 0.4991610609375 0.475216671875 0.49237167187499997 0.47411862656250003 0.483350309375 0.46982237187500003 0.4780622640625 0.45062968124999997 0.46463248906250004 0.4461851125 0.4641388234375 0.43735209687500004 0.46664661875 0.42701185468749997 0.459474321875 0.409176525 0.444232809375 0.3984086 0.43740823593749995 0.39184411875 0.43764673125 0.38559601093749996 0.4403189796875 0.3806127578125 0.44621175468749996 0.37745216875 0.45444664843749993 0.3785499015625 0.46021076718750004 0.3825486 0.46531585 0.40224359375 0.480886575 0.4156155453125 0.49338363281250003 0.41563466875 0.49889166406249996 0.41732751874999996 0.5050217109374999 0.42603134374999996 0.512816328125 0.42937911093750003 0.5173176015625 0.43633458437500006 0.52200153125 0.4403890921875 0.527344496875
1 0.6295545671875 0.34545187187500004 0.62241465 0.34076794062500004 0.6137671124999999 0.340677225 0.609109409375 0.34195858281249997 0.603688240625 0.3444111515625 0.600729659375 0.3473209765625 0.595825075 0.3616862234375 0.5964362921874999 0.3653093921875 0.598994790625 0.37050611093749997 0.6046457625 0.3755195578125 0.6096092359374999 0.37767840625 0.6193446765624999 0.375774421875 0.6248231359374999 0.37355973593749997 0.6324580937500001 0.3651048578125 0.6335643484375 0.35558921875 0.6325520906250001 0.3503008671875 0.6295545671875 0.34545187187500004
1 0.7298916265625001 0.400449575 0.7244755796875 0.3973941125 0.7187746953125 0.3964064765625 0.705321078125 0.3988963734375 0.6988608390625 0.4055944328125 0.6937119953125 0.4145065671875 0.6941685625 0.419666875 0.69914821875 0.42958454531249995 0.7144835421875 0.4316875546875 0.718493034375 0.43104672343750006 0.7228447124999999 0.4318331921875 0.732174140625 0.42299387499999996 0.73542300625 0.417009771875 0.7359167453125 0.413642690625 0.7347379984375 0.4076406875 0.7298916265625001 0.400449575
0 0.458508515625 0.3995783609375 0.463476496875 0.40221297656250005 0.4755782609375 0.4014798984375 0.483066921875 0.39853305156249996 0.49003255625 0.3944517078125 0.49352466250000004 0.391907809375 0.496624421875 0.387698728125 0.49727781406249993 0.385045296875 0.49806157500000003 0.3786039359375 0.49462333281250004 0.358585021875 0.488553246875 0.3534435296875 0.475928453125 0.3530421125 0.47245461562499996 0.351322315625 0.46707508124999997 0.3415144859375 0.46315221875 0.3313771375 0.4587441109375 0.32460687187500004 0.4567266296875 0.31930031406250003 0.45265482031250004 0.3139573484375 0.44906825625 0.3052473 0.444958978125 0.298659996875 0.4438751390625 0.29188942500000004 0.4402328375 0.2861987359375 0.434200221875 0.2823015796875 0.4265805703125 0.282521871875 0.4209226609375 0.291068078125 0.42056809531250006 0.2939044734375 0.42447269062500004 0.30830551562499997 0.43678226249999996 0.33233111875 0.44950307343749996 0.36027269375 0.4501945625 0.3653780828125 0.4469827046875 0.36911139843749996 0.44371510937499997 0.37586407187500004 0.44375289375 0.38036565 0.445247346875 0.3845377109375 0.454473865625 0.3922224890625 0.458508515625 0.3995783609375
1 0.6157490765625 0.465422165625 0.6201968390625 0.45288686250000004 0.60141153125 0.42282315312499996 0.5953797187500001 0.41667520781249995 0.5668244609374999 0.416641246875 0.5560837515625 0.41757549374999997 0.55076000625 0.41878372812500003 0.5484333390625 0.42081514374999995 0.544319846875 0.4250060203125 0.5321290765625 0.4458132390625 0.52809059375 0.45575003125 0.53162845 0.466472984375 0.542966425 0.48219087656250004 0.548551921875 0.4929502390625 0.5529080265624999 0.4952189265625 0.5694009 0.49598596562499997 0.5960572875000001 0.494446378125 0.600263996875 0.491737721875 0.605977878125 0.48242294531249996 0.608508875 0.4758350296875 0.6157490765625 0.465422165625
0 0.717760946875 0.4936297703125 0.719823553125 0.483894453125 0.71956008125 0.4751840984375 0.7248483296875 0.4552009828125 0.73897306875 0.4432503671875 0.7398169625000001 0.4403041328125 0.7327068390625 0.43739522500000005 0.7284671421875 0.4368466390625 0.724996375 0.43412039062499996 0.716873140625 0.430186825 0.682937540625 0.433319084375 0.6783040484375 0.4343625578125 0.6761468749999999 0.436101171875 0.6763910578125001 0.43930349375000005 0.6790742328125 0.4452138609375 0.68717911875 0.453411121875 0.6852670671875 0.468123784375 0.6847245984375 0.4842819515625 0.6805443421875 0.5165436718749999 0.6806765484375 0.5257847124999999 0.68131546875 0.5371667015625 0.6821599890625001 0.5407349515625001 0.68405494375 0.543314953125 0.7045781203125 0.5464605203125 0.7086112734375 0.54505111875 0.7118751828125001 0.5425621390625001 0.7142379578125 0.5330097859375 0.7143303296875 0.51820579375 0.7161493812499999 0.5117826390625 0.717760946875 0.4936297703125
0 0.523206003125 0.5373646609375 0.5311117921874999 0.5310507328125 0.5404433859375 0.5254137390625 0.5430908249999999 0.52155238125 0.5331264328125 0.49300668906249995 0.5269596 0.4828878515625 0.5203678578125001 0.48288846406249997 0.5110915234375 0.48550609843750003 0.5029815625 0.48660479843750004 0.50042684375 0.4919483765625 0.5018529609375 0.49588255312499996 0.501575725 0.501207621875 0.4989467046875 0.5040625265625 0.48093132812499995 0.5126830828125 0.4535468984375 0.522439053125 0.435938940625 0.5317183375 0.41742342499999996 0.53819794375 0.4111098453125 0.5426452140625 0.40977707187499995 0.5467077406249999 0.41112950625 0.5546677296875 0.41281474687499997 0.557540534375 0.41540723437500005 0.5599557765625 0.41957351249999997 0.5615108140625 0.4217954234375 0.5612544203125001 0.43107175625 0.5586367859375 0.5083550796875 0.52697214375 0.51307675625 0.527648771875 0.5185027453125 0.5356815796875 0.523206003125 0.5373646609375
1 0.47278723281249996 0.6132009468749999 0.4708130546875 0.608132271875 0.4609250328125 0.6000815671875 0.44404449531249995 0.591848509375 0.4414881046875 0.5919219390625 0.42876319531249996 0.599041459375 0.4172226671875 0.6078992859375 0.41483614687500003 0.61520085 0.414066621875 0.6271502421874999 0.41472520468749996 0.6342685359375 0.4154398890625 0.638367471875 0.4173950515625 0.6411853578125 0.42718894531249996 0.64775384375 0.4408925359375 0.6534436140625 0.4482232234375 0.6517960234375 0.47113566718750005 0.6398812046875 0.47188743593750004 0.6387099921875 0.47305185937500005 0.628425784375 0.4722430484375 0.622844628125 0.47278723281249996 0.6132009468749999
0 0.5054781312500001 0.6747377640625001 0.5072802875 0.6595493359375 0.5062270140625 0.647508615625 0.5074846265625 0.635449384375 0.506374653125 0.6199135390625 0.5121609031250001 0.61610679375 0.5079335171875 0.6145517546875 0.49859525781249997 0.60662909375 0.49461242343749995 0.608276378125 0.48262590312500003 0.6087166546875 0.47471661718749997 0.61224910625 0.4716546484375 0.6166960718750001 0.4703964078125 0.62224081875 0.47035996874999997 0.63402545 0.46919549375 0.637795175 0.4720341171875 0.655197371875 0.470588340625 0.6642921640624999 0.4710587484375 0.6717032609375 0.46970642500000004 0.6757657890625001 0.459129559375 0.682153146875 0.457516509375 0.7100777421875 0.4588133890625 0.7155490578125 0.46307847031250005 0.7183484328125 0.48688266249999995 0.7200114734375 0.504637053125 0.7200281484375 0.51185133125 0.717904790625 0.5161157828125 0.7141896796875 0.5175979984375 0.69331025625 0.5169771234375 0.6841790546875 0.5073135296875 0.678501175 0.5054781312500001 0.6747377640625001
0 0.594167009375 0.619905275 0.6087679406250001 0.6078448203125 0.6121790828125 0.603818703125 0.612891146875 0.6014031546874999 0.6085416593749999 0.59386431875 0.60237393125 0.586234153125 0.5882768031250001 0.574377621875 0.5826157000000001 0.5721456484375 0.579260503125 0.5731524078125 0.56973914375 0.5828152125 0.5655593671875 0.585761753125 0.5632540890625 0.5890375062500001 0.5631418874999999 0.59181898125 0.5644730921875001 0.5952773921875 0.5634800578125 0.5997607656249999 0.5480172515625 0.615773909375 0.547155378125 0.619726596875 0.5482618671874999 0.625490715625 0.5529112859375 0.633212515625 0.5593596734374999 0.6355176124999999 0.562827384375 0.6349866203125 0.5690128203125 0.6318386046875 0.5748607140625001 0.627263290625 0.5790031953125 0.6263296546875 0.579602746875 0.623438340625 0.58548825 0.6201073625 0.594167009375 0.619905275
1 0.380562825 0.571853615625 0.379036196875 0.565430765625 0.3759270296875 0.5588616671875 0.37002951875 0.551414465625 0.3630774 0.54821275625 0.3529792609375 0.5469693375 0.342259790625 0.5496236875 0.33061785781249997 0.559250084375 0.328677640625 0.5619402296875 0.32654937031250003 0.568180421875 0.32609798125 0.5760490828125 0.32730441718750003 0.583295421875 0.3293396046875 0.588601978125 0.3342949625 0.594255953125 0.339890709375 0.598262946875 0.352343915625 0.6007321921875 0.364344471875 0.5980411265625001 0.3716914375 0.59313629375 0.37805844843749997 0.585193896875 0.38052565625 0.5771237625000001 0.380562825 0.571853615625
0 0.6361541 0.4938753046875 0.6543852609374999 0.4622587546875 0.658950921875 0.45637831562500003 0.663343203125 0.4533768546875 0.6813036640625 0.44629343906249996 0.68199219375 0.44488434374999997 0.67946026875 0.43844328906249996 0.664792775 0.43024664062499995 0.6623358484375 0.4295515015625 0.65874381875 0.4316196328125 0.6559890734375 0.43074153125 0.6526754109375 0.4242273515625 0.6454719015625 0.4195983421875 0.638566521875 0.4184095375 0.63073034375 0.41542750625 0.626579709375 0.4151168046875 0.6252026468749999 0.41793499531249995 0.6278836375 0.42609615156249997 0.6292060859374999 0.436069046875 0.6273827625 0.4434986546875 0.6163101 0.46254905468749996 0.6160311093749999 0.46461688125 0.6120857109375 0.46952140781249996 0.6114345234375 0.47217483906249996 0.6093501046875 0.47415133593750003 0.6023157328125001 0.48652218593749996 0.60177626875 0.489651384375 0.5979984515625001 0.4952695625 0.5892151343750001 0.5143014515625 0.590034525 0.5188761546875 0.5938317921875 0.5220232499999999 0.6110491046875001 0.529140015625 0.6124264765625 0.5295790671875 0.6161860875 0.5282245859375 0.62057836875 0.525223125 0.6236117937500001 0.520776159375 0.62683069375 0.5095219078125 0.635316815625 0.4968215390625 0.6361541 0.4938753046875
1 0.6427313984375 0.3615720984375 0.6374356265625 0.3624875296875 0.6301637640625 0.36609310625 0.6268253125000001 0.368582084375 0.6255399500000001 0.3708695890625 0.6248307765625001 0.37879316875 0.6255030546875 0.3859114640625 0.6264053609375 0.39072405 0.6286697078125 0.39248056249999996 0.6377843578125 0.39648725156250003 0.6437517671874999 0.39617563125 0.65342191875 0.3905386375 0.6575850359375 0.3838590890625 0.65856305625 0.37813137812500003 0.65712305625 0.368927053125 0.651251090625 0.3642064078125 0.6427313984375 0.3615720984375
1 0.7211271 0.36919553125000004 0.721876121875 0.3582525921875 0.719006228125 0.3493777859375 0.7149364578124999 0.343028365625 0.710867 0.3399361890625 0.702784678125 0.3372469609375 0.687689328125 0.3363882859375 0.6806763 0.338218840625 0.6727447859375 0.3437641984375 0.6607074453124999 0.35800201249999997 0.657164090625 0.365816059375 0.658871415625 0.37520334843750003 0.6646482 0.3876828140625 0.6678551374999999 0.39147043593749997 0.6822194921875 0.3957511125 0.6946896609375 0.3974517859375 0.69907750625 0.39646323125 0.705790175 0.391192471875 0.709933625 0.383744353125 0.71775226875 0.374465984375 0.7211271 0.36919553125000004
0 0.5265411890625 0.7693422 0.5110356828125 0.7389304625 0.5073513796875 0.7334776578125 0.503187653125 0.7303854796875 0.5016335749999999 0.7304771156250001 0.5001373984375 0.734063875 0.5009247828125 0.7416579375000001 0.50844736875 0.75754089375 0.5155290234375001 0.777028815625 0.51472415625 0.7867274171874999 0.5163743125 0.7881180015625 0.5192330562499999 0.7879896515625 0.5329315375 0.7827182796875001 0.53392888125 0.779241359375 0.53323789375 0.776386759375 0.5265411890625 0.7693422
1 0.4894217828125 0.548127696875 0.4849986796875 0.5471033453125 0.47636237656249997 0.547012628125 0.46909896875 0.5493738687499999 0.46257970625 0.558084834375 0.4609978625 0.5634466171875 0.4621232421875 0.5692107375 0.4673859578125 0.5780670328124999 0.4708370046875 0.581561853125 0.4749550546875 0.5824032406249999 0.48915817031250003 0.581761490625 0.492989815625 0.5781562203124999 0.4999089609375 0.564595953125 0.49605707499999996 0.5561787078125 0.492148290625 0.550780821875 0.4894217828125 0.548127696875