1 0.5896476640625 0.8304923375 0.587791596875 0.8539056109375001 0.587703209375 0.8615362281250001 0.5885589265625 0.864365528125 0.593312903125 0.8699483328125 0.6016089296875 0.877249628125 0.6132648828125 0.8840255765625 0.6218274015625 0.8842137640625 0.6418008140625 0.8770915125000001 0.6463566015625 0.8735251578125001 0.6472002671875 0.8711754671874999 0.6524577765624999 0.834669003125 0.651245846875 0.8308046875 0.6378048109375001 0.8171273375 0.6245927671875 0.8106310515624999 0.6205940671875 0.8103291718750001 0.6150781125 0.8117915203124999 0.5976517625 0.8187700187500001 0.59203536875 0.8226839921875 0.5896476640625 0.8304923375
0 0.6767615484375 0.5773190078125 0.6752277578125 0.579325 0.6552104015625 0.5866550390625 0.6521732578125 0.5886989296875 0.6116872734375 0.604775615625 0.5991138953124999 0.6106733625 0.5953806562499999 0.6140998859375 0.593625859375 0.626429884375 0.5996935265625 0.6346681796875 0.60203854375 0.635733253125 0.6062693718750001 0.6358273453125001 0.628486175 0.627076778125 0.6304752062500001 0.6253805046875 0.64151479375 0.6214887499999999 0.64427270625 0.619652646875 0.6512958515625 0.6176688718750001 0.6570565 0.614030640625 0.67651539375 0.6071161765624999 0.682937728125 0.6023370796874999 0.68548919375 0.6019515640625 0.68926875 0.6034622671875 0.6929874296875 0.6089091609375 0.6969046156250001 0.60945280625 0.7007490171875 0.6087536499999999 0.7156290359375 0.6024364078125 0.718524578125 0.5996332453125001 0.718658240625 0.59693985625 0.7154861171875 0.585898396875 0.7058294609375 0.5677934875 0.698679275 0.5601445734375 0.6928762796875 0.5605719078125 0.6822919328125 0.5647733828125 0.675590365625 0.5697602671875 0.6767615484375 0.5773190078125
1 0.5046224453125 0.7509974734375 0.5066624328125 0.763353609375 0.5105874781249999 0.768075209375 0.52183936875 0.7735404 0.5251079765625 0.7739821124999999 0.5323559953125 0.771756571875 0.53834278125 0.7676348125 0.5439993078125 0.76050994375 0.5452632656249999 0.7483537546875 0.5433061796875001 0.74069308125 0.5400688328125 0.738283275 0.5286361828125 0.7323005765625 0.521957621875 0.7323842125 0.5088329046875 0.739732546875 0.506220734375 0.743570725 0.5046224453125 0.7509974734375
1 0.45379047968749997 0.3992873578125 0.44731761406250004 0.39691936875 0.44085277187500005 0.398004040625 0.43289913281250003 0.39715851562500004 0.4205031703125 0.40088038125000003 0.4168340078125 0.40358160937500004 0.4086422609375 0.42193350625 0.407494559375 0.429911740625 0.41364371093749996 0.44505535937499996 0.42221667968750004 0.45387519843749996 0.4277692453125 0.455623746875 0.43338735625 0.45516243437500004 0.4367127421875 0.45660518281250007 0.4514482453125 0.455916484375 0.45718273125 0.4599088703125 0.458485596875 0.45786889999999997 0.4649116484375 0.45529966093749996 0.469601434375 0.4507662484375 0.47050969687500005 0.44620669843750005 0.46989839531250005 0.44168504531249997 0.475167384375 0.427862640625 0.47533325312499997 0.42320115625000004 0.47249075781250005 0.41664737343749997 0.468488525 0.41289283125000004 0.4636783515625 0.41124621718750004 0.461725390625 0.40727996875 0.4593510703125 0.404488565625 0.4565206125 0.4031137734375 0.45379047968749997 0.3992873578125
0 0.5632487875 0.602607559375 0.55888615625 0.599544334375 0.5537528578125 0.6000736015625 0.5439245359375 0.6068626125 0.541453046875 0.6099754953125001 0.5418953390625 0.617432303125 0.5460180578125 0.6239142109375 0.5512331125000001 0.62808040625 0.5514850859375 0.6298407140625 0.5566693125 0.635975003125 0.5572469734375 0.640738421875 0.5529781578125 0.64754965 0.5669385765625 0.666473946875 0.5700922703125 0.6673991874999999 0.57324194375 0.6665980984375001 0.5890479453124999 0.6569301296875001 0.602478959375 0.6461970890625001 0.6040591578125001 0.6404966703125 0.6026330953125 0.6363566125 0.5933221296875 0.622014084375 0.5883979171875 0.6210927640625 0.5786312484375 0.623945584375 0.573969734375 0.6141848234375 0.5665887796875 0.60750296875 0.5632487875 0.602607559375
0 0.31178064375000003 0.7356237984375 0.30851342656249997 0.7339392859375 0.307104271875 0.731525559375 0.3034492390625 0.729047796875 0.27739251249999997 0.7202671578125 0.2699642375 0.72491034375 0.266743503125 0.7281630578125 0.2650009859375 0.73334596875 0.26574208593750004 0.7351742328124999 0.28190285625 0.7588580281249999 0.2908877015625 0.774892909375 0.3030707015625 0.7930958328125 0.309897325 0.8014360625 0.3104352203125 0.8064412453124999 0.30696611875 0.8237123890625 0.30756909375 0.8265077125 0.3110780328125 0.8264998718750001 0.3218306359375 0.817878678125 0.33224190625 0.8134014593750001 0.3357774109375 0.80969919375 0.3367522640625 0.8063824453124999 0.3576359015625 0.79349181875 0.3609257 0.7897555765625001 0.3624225109375 0.7845386875 0.36199617968750003 0.7822608718749999 0.35957764062500003 0.783405659375 0.3550513484375 0.783519353125 0.3236568421875 0.757728934375 0.323015353125 0.7534490453125 0.3124566640625 0.739661921875 0.31178064375000003 0.7356237984375
0 0.7181187515625 0.43594157187500004 0.7151907828125 0.43726016874999996 0.714641375 0.441128403125 0.7191356765625 0.4533407875 0.716873996875 0.4561080125 0.707007784375 0.45979002031249994 0.7039424640624999 0.462075675 0.6702384609375 0.47834446875000003 0.6676961343750001 0.480456315625 0.6571332578125 0.4846577890625 0.6501666203124999 0.4898524609375 0.6211999328125 0.502588878125 0.6168139218750001 0.50715626875 0.61542455625 0.5099215328125 0.6153638031249999 0.5138577234375 0.619010225 0.5215144765625 0.6242560015625 0.5266817078125 0.6334981875000001 0.52476196875 0.6359718390625 0.5231336515625 0.6414117593750001 0.521671303125 0.6459390843749999 0.517863184375 0.68975164375 0.49708319687499997 0.6937903140625 0.493207121875 0.7014595578125 0.49008247968749996 0.7176644203125 0.4812417375 0.7239403375 0.4791560296875 0.7314227046874999 0.47822425625 0.7404978203125 0.487129040625 0.74395274375 0.48736296562500003 0.746983728125 0.48531907500000004 0.7486821359375 0.48037792812499996 0.7568360734375 0.475594909375 0.7624780609374999 0.47095564375 0.76432174375 0.46850009843749996 0.76431778125 0.46677376875 0.7520155671875 0.44287434687499994 0.7450132734375 0.43253204375000004 0.742986015625 0.4310174203125 0.739286765625 0.43074951875 0.7366718 0.4316185640625 0.7240895875 0.43775807499999997 0.7181187515625 0.43594157187500004
1 0.41116342812499995 0.5971540890625 0.3740752140625 0.5861191546875 0.3675083109375 0.589897215625 0.3423839859375 0.612809965625 0.3401493203125 0.6196512515625 0.3405539265625 0.6273498234375 0.34407161875000003 0.643120721875 0.34983994687500003 0.6589556562500001 0.3566038265625 0.6643267546875 0.36026260468750004 0.6650781875 0.36557974375 0.6682773234375 0.386516896875 0.674618096875 0.390771940625 0.674712190625 0.39470755468749996 0.6735295046875 0.42639479218750004 0.6451123640625 0.42524352343749994 0.6338591984375 0.426393465625 0.629333625 0.42508115156250004 0.6244682734375 0.42421071406250005 0.613007321875 0.421282628125 0.6089051624999999 0.4215554734375 0.6052447140625 0.41742687343749996 0.5990045703125 0.41299481406250005 0.5983929703124999 0.41116342812499995 0.5971540890625
1 0.3459536609375 0.3595490546875 0.3360788359375 0.364611734375 0.3291303828125 0.3740183390625 0.3273643296875 0.37920125 0.3267464765625 0.38873200625000004 0.3284358 0.39635870156249997 0.333611465625 0.4044610875 0.3423044296875 0.411071065625 0.35151832656250004 0.4123282453125 0.3611172046875 0.41092601249999994 0.3674047296875 0.4078392671875 0.3740422390625 0.4023348765625 0.3792865578125 0.3941749921875 0.38034457499999996 0.3903747140625 0.3785731421875 0.37805255625 0.37542466874999997 0.36998022812500003 0.372891353125 0.3664295546875 0.36965 0.3642615125 0.36163815 0.3599633265625 0.3584358328125 0.35927984999999996 0.3499340109375 0.35836636875 0.3459536609375 0.3595490546875
1 0.5438760968749999 0.69659781875 0.542627865625 0.7016069218750001 0.5487817953125 0.715749503125 0.5560258828125 0.7189447203125 0.5658931609375 0.7200280890624999 0.568878828125 0.7189512578125 0.5769214578125 0.7096805640625 0.5803241109374999 0.7022498953125 0.5807451859375 0.6976223890625 0.578495378125 0.6901695015625 0.574741153125 0.685965409375 0.56839916875 0.6836313984375 0.5585318906250001 0.682548028125 0.555617084375 0.68314133125 0.5517374890625 0.68680961875 0.5438760968749999 0.69659781875
0 0.38820641718750004 0.5020490875 0.38570197031250003 0.505403734375 0.38561759375000004 0.5147606812500001 0.3774948734375 0.5518604484375 0.37311276250000003 0.554217978125 0.3692529703125 0.5529490406249999 0.3623195390625 0.5537239921875 0.3601981234375 0.554419228125 0.3588240265625 0.556942728125 0.360709725 0.5613925046875 0.3607874015625 0.5643616375 0.3589766984375 0.5769333999999999 0.36188828281249996 0.5812773234375 0.36872126875 0.5829539968749999 0.3709551796875 0.5849861265625 0.3955188390625 0.588108165625 0.403834403125 0.588262375 0.40673393750000003 0.5874273062500001 0.4083558 0.584937784375 0.41154863906249994 0.5732951828124999 0.41550084218750005 0.5686598359375 0.4170838671875 0.5646857484375001 0.41566289687499997 0.5622720218749999 0.4051482421875 0.5598439171875 0.4034754875 0.5556698828125 0.4072602859375 0.5399172812499999 0.40636565156250004 0.535603415625 0.4131691796875 0.5094170359375 0.41848209531249997 0.481300459375 0.42333161874999997 0.4669265703125 0.421747259375 0.45512191875 0.42029146562499997 0.45294995781249997 0.4120107234375 0.452553984375 0.4021697234375 0.45071134218750003 0.3999090265625 0.45237363750000004 0.3979001109375 0.45579624062499996 0.38820641718750004 0.5020490875
0 0.72261678125 0.6473732765625 0.7204361390625 0.6574254578125001 0.7189016171875 0.6594314515625 0.7163833578125 0.659575203125 0.7128469374999999 0.6580984765625 0.69307953125 0.6565890750000001 0.6854903296875 0.65726209375 0.671180475 0.6560166749999999 0.6534109921875 0.6562636625 0.6504756703125001 0.657582259375 0.646985590625 0.661042759375 0.645278946875 0.6642575765625 0.6438371 0.676138021875 0.645077690625 0.6832132328125 0.64866045 0.6896271859375 0.6538081828125 0.69206705 0.6901931890624999 0.6944023765625 0.694843096875 0.693321625 0.70456791875 0.6934379359375 0.7082380640625 0.692221271875 0.7110740843750001 0.6933543 0.719815171875 0.6916083703125 0.721709821875 0.6940900515624999 0.7223877125 0.69985450625 0.72435915625 0.7053053203124999 0.727581784375 0.707231596875 0.73230054375 0.705667315625 0.7546590281250001 0.7082757671875 0.7599404890625 0.7080222421875 0.7636410859375 0.7048374843749999 0.7643255984375 0.698275859375 0.7630598578125001 0.665063928125 0.7615478453125 0.6616491640625 0.7598743046875 0.6488434765625 0.7569310406249999 0.6467094125 0.74345928125 0.6448406328125 0.72404803125 0.6460925765625001 0.72261678125 0.6473732765625
0 0.3009311125 0.63030718125 0.29423711875 0.6627075671875 0.2926991046875 0.6659563609375 0.28899059375 0.6696586265625 0.2903238171875 0.6730394125 0.300456040625 0.677333678125 0.3058321234375 0.6782889765625 0.3080750609375 0.6773519765625 0.3093107671875 0.6708583078125 0.31107446875 0.6696115859375 0.310529759375 0.6574593171875 0.3125428328125 0.6527939140625 0.313959646875 0.645091421875 0.313024859375 0.639051225 0.3142159875 0.6293466609375 0.313506884375 0.6253085375 0.3104824046875 0.62269094375 0.30738965937499996 0.622283209375 0.303753590625 0.6255019468749999 0.3009311125 0.63030718125
1 0.20131502656250003 0.6533884921875 0.2006523984375 0.66143468125 0.20213651718749998 0.6670593046875 0.20684686718749998 0.6716410734375 0.213170334375 0.6757014140625001 0.222821871875 0.676267278125 0.23030629687499998 0.6706230546875 0.23600515625 0.6684354124999999 0.241185325 0.65927449375 0.2422485171875 0.6537478828125 0.23698416875 0.6424346015625 0.23382039843750002 0.639541265625 0.22491839218749998 0.6373510062500001 0.216024528125 0.6386134078125 0.2084301203125 0.64325659375 0.20256288437499997 0.6501057203125 0.20131502656250003 0.6533884921875
0 0.46616528749999997 0.562018509375 0.46463674375 0.5551510859375 0.46440906093749995 0.547970021875 0.4649283421875 0.5443435515624999 0.4710505203125 0.5296560234375 0.4703727953125 0.5256178984375001 0.46411081562499995 0.5254937484375 0.45416594374999997 0.5300389203125 0.4370084109375 0.5340822671875001 0.4327596359375 0.537440834375 0.4248119953125 0.5385634046875001 0.4107222046875 0.5457418515625 0.409109775 0.5482313734375001 0.41087665624999997 0.5516801140625 0.4147486171875 0.5527072890625 0.41865919218750003 0.555219028125 0.42333936562499996 0.55586460625 0.428550803125 0.55806270625 0.4325692265625 0.5615754828124999 0.43661161406250004 0.5754462421875 0.44446072187499996 0.5925540359375 0.4552896921875 0.6204275453125 0.4594931921875 0.6279104906249999 0.461760709375 0.6348798484375 0.466807040625 0.64173943125 0.470713621875 0.6425248406249999 0.4767252828125 0.640888684375 0.4891640296875 0.63471519375 0.49285091562499994 0.6317722 0.4935086703125 0.627178671875 0.4913024015625 0.6162731234375001 0.48631332499999996 0.6037510187499999 0.48041218125 0.5923358046875 0.47909534374999996 0.5857441234375 0.47450704374999997 0.579194259375 0.4693022703125 0.56467008125 0.46616528749999997 0.562018509375
0 0.30277281562499997 0.6721847453125 0.30073731718749996 0.6706701203125001 0.29755212656249996 0.671954740625 0.2944663890625 0.6707877343749999 0.28338518281249997 0.67393720625 0.2645067578125 0.6686105375 0.25532645781249996 0.6680786515625 0.24362797343749998 0.6694168484375 0.233022159375 0.6736183234374999 0.23243604062499998 0.6777283234375 0.228914028125 0.68488325 0.230053109375 0.6926837546875 0.233602965625 0.697613140625 0.23661577031249997 0.6975373453125 0.24377250468749997 0.7017335984375 0.267925325 0.707790790625 0.27368306875 0.713025978125 0.27839455 0.7203351125 0.2920715109375 0.7261740609375 0.30272771249999997 0.7286361421875001 0.3078489484375 0.7313177718749999 0.3127208859375 0.7322390921874999 0.32307740156250003 0.726277309375 0.3317392171875 0.714656925 0.3347705875 0.70743404375 0.336705309375 0.695621553125 0.33507956562499996 0.689479421875 0.3319818953125 0.6831334250000001 0.3300153515625 0.681135271875 0.312869421875 0.6750624000000001 0.30890185625 0.6713078593749999 0.3064526265625 0.6726944109375 0.30277281562499997 0.6721847453125
1 0.2850429421875 0.578620503125 0.2840886734375 0.5940215671875 0.2882095359375 0.6022298046875 0.29306516875 0.6070873156250001 0.304505615625 0.615313853125 0.30790241875 0.616273071875 0.3107304109375 0.6159215328125 0.342743065625 0.6057687328125 0.3467193875 0.5974389609374999 0.3503892234375 0.5789589921875 0.3497775875 0.5744373390625 0.3318794703125 0.556695728125 0.327422671875 0.556084128125 0.316041109375 0.557973809375 0.2967135984375 0.5641969578125 0.2904272390625 0.5675254671875 0.2850429421875 0.578620503125
1 0.257181215625 0.5828272015625 0.25470315781249997 0.5926036406249999 0.25620288593749996 0.5982282640625 0.2589320375 0.602538209375 0.26757091875 0.6071461171875 0.27366314375 0.607961584375 0.277938675 0.607054640625 0.281377215625 0.6048029625 0.283399725 0.601622125 0.28694529062499996 0.598645153125 0.287369278125 0.594017646875 0.286738103125 0.5877696625 0.28754217187500003 0.5753037546875001 0.278145878125 0.5723202453125 0.27216479374999997 0.5725058140625 0.2662591796875 0.573934184375 0.25952891718750004 0.5791968109375001 0.257181215625 0.5828272015625
1 0.5091114625000001 0.6295910953125 0.511242921875 0.6377692765625 0.5161671 0.6460794484375 0.5273813265625 0.649818309375 0.5342201640625001 0.6502521812500001 0.5371538046875 0.6494171140625 0.5412974875 0.6455410390625 0.55304289375 0.631601021875 0.5523924796874999 0.6290474640625 0.545991321875 0.6168389999999999 0.5423639078125 0.6119096125000001 0.5270764578125 0.611563296875 0.5206373531249999 0.61364900625 0.518886653125 0.6151374921875 0.5097456171875 0.6252393328125 0.5091114625000001 0.6295910953125
0 0.2430094703125 0.701495753125 0.23364123750000002 0.6969937015625 0.2291388625 0.6899603078125 0.222293765625 0.6853145031250001 0.22179895468750002 0.6835202171875 0.22060636875 0.6831085640625 0.220168603125 0.67565175625 0.21340044531250002 0.6739750843750001 0.19824571562499999 0.6679322703125 0.192846578125 0.6671847578125 0.1876968359375 0.6681975546875 0.18035029062500002 0.6740835421875 0.16813523125000002 0.696553278125 0.1660578203125 0.707606496875 0.166694571875 0.7101600546875 0.1695055734375 0.713261178125 0.184940209375 0.7190962062499999 0.18901277656249998 0.722125453125 0.19427395 0.7238400234375 0.1965861625 0.7234205296875 0.1974908828125 0.720587309375 0.2003244359375 0.7182676765625 0.2075794453125 0.7182859734375 0.2148424125 0.7217569328125 0.22217038281249998 0.72301803125 0.22785340625 0.7252840859374999 0.24918596875 0.7353872421875 0.25791745 0.7373357375 0.26250738125 0.7367385140625 0.2658622765625 0.7325187421875 0.2689982890625 0.724570565625 0.271095596875 0.7221489984375 0.268702465625 0.71787303125 0.2693498359375 0.709826840625 0.2687170609375 0.7089996140625 0.26209084531250004 0.7080822125 0.2597441453125 0.708743471875 0.2546514453125 0.704093746875 0.25090521250000003 0.705793940625 0.2454331125 0.7038036265625001 0.2430094703125 0.701495753125