1 0.114990234375 0.514404296875 0.123779296875 0.521484375 0.13134765625 0.52587890625 0.137451171875 0.531494140625 0.143310546875 0.532958984375 0.150390625 0.53076171875 0.1630859375 0.524658203125 0.1689453125 0.52001953125 0.17138671875 0.513427734375 0.173095703125 0.498046875 0.169677734375 0.49072265625 0.16162109375 0.48388671875 0.151611328125 0.477783203125 0.146728515625 0.47607421875 0.142333984375 0.475830078125 0.123046875 0.48388671875 0.117431640625 0.490478515625 0.1142578125 0.5009765625 0.113525390625 0.5107421875 0.114990234375 0.514404296875
0 0.498046875 0.752197265625 0.517333984375 0.77880859375 0.533447265625 0.7958984375 0.54150390625 0.8017578125 0.556640625 0.816162109375 0.564208984375 0.81982421875 0.568115234375 0.820556640625 0.571533203125 0.81787109375 0.57275390625 0.812744140625 0.57177734375 0.806396484375 0.572509765625 0.795654296875 0.572021484375 0.78271484375 0.57080078125 0.77978515625 0.5732421875 0.77294921875 0.578369140625 0.768798828125 0.583984375 0.76611328125 0.587890625 0.761474609375 0.591552734375 0.7607421875 0.598876953125 0.75048828125 0.603759765625 0.74755859375 0.6044921875 0.744140625 0.609619140625 0.74072265625 0.613037109375 0.73681640625 0.614990234375 0.736328125 0.6171875 0.73193359375 0.627685546875 0.722412109375 0.63037109375 0.71826171875 0.634765625 0.715087890625 0.6357421875 0.712890625 0.64013671875 0.70947265625 0.641357421875 0.706787109375 0.645751953125 0.7041015625 0.652587890625 0.695556640625 0.657958984375 0.692138671875 0.660888671875 0.687744140625 0.664306640625 0.685791015625 0.66552734375 0.681884765625 0.667236328125 0.68017578125 0.66845703125 0.675048828125 0.668701171875 0.67041015625 0.66748046875 0.6650390625 0.66259765625 0.656494140625 0.657958984375 0.651611328125 0.6484375 0.644287109375 0.639404296875 0.64208984375 0.62744140625 0.644287109375 0.624267578125 0.64794921875 0.6201171875 0.650390625 0.614990234375 0.655517578125 0.61328125 0.65869140625 0.609375 0.661376953125 0.59375 0.677734375 0.5908203125 0.6796875 0.588134765625 0.683349609375 0.584716796875 0.685791015625 0.583740234375 0.6884765625 0.580078125 0.690673828125 0.576904296875 0.695068359375 0.56640625 0.70361328125 0.55810546875 0.7138671875 0.554443359375 0.715576171875 0.55224609375 0.71923828125 0.548828125 0.721435546875 0.546630859375 0.7255859375 0.542236328125 0.7294921875 0.5400390625 0.7333984375 0.53759765625 0.735595703125 0.533203125 0.737548828125 0.51416015625 0.7373046875 0.506103515625 0.73486328125 0.50146484375 0.734619140625 0.498779296875 0.736083984375 0.496826171875 0.740234375 0.496337890625 0.74755859375 0.498046875 0.752197265625
1 0.443115234375 0.501220703125 0.452880859375 0.510009765625 0.454833984375 0.515625 0.478759765625 0.5380859375 0.4853515625 0.542724609375 0.497802734375 0.541259765625 0.5380859375 0.53076171875 0.54931640625 0.52490234375 0.552490234375 0.51904296875 0.554931640625 0.510498046875 0.566650390625 0.463623046875 0.56689453125 0.457763671875 0.56494140625 0.454345703125 0.556396484375 0.44482421875 0.533447265625 0.42431640625 0.525146484375 0.418212890625 0.517822265625 0.415283203125 0.500732421875 0.41650390625 0.474609375 0.422607421875 0.459716796875 0.427978515625 0.4541015625 0.432373046875 0.44970703125 0.43994140625 0.44677734375 0.4482421875 0.4462890625 0.4521484375 0.447509765625 0.454345703125 0.447021484375 0.455810546875 0.44287109375 0.460205078125 0.44384765625 0.46552734375 0.436767578125 0.486572265625 0.437255859375 0.492919921875 0.443115234375 0.501220703125
0 0.615966796875 0.603759765625 0.618896484375 0.610595703125 0.62646484375 0.62353515625 0.638427734375 0.63330078125 0.646240234375 0.635498046875 0.65380859375 0.63525390625 0.68310546875 0.6181640625 0.6875 0.612060546875 0.68896484375 0.60595703125 0.688720703125 0.601806640625 0.691162109375 0.598388671875 0.705322265625 0.59033203125 0.708984375 0.58642578125 0.7109375 0.58349609375 0.71240234375 0.573974609375 0.711181640625 0.569091796875 0.707275390625 0.562744140625 0.701171875 0.557861328125 0.693603515625 0.555419921875 0.685302734375 0.556884765625 0.66943359375 0.56494140625 0.661865234375 0.5615234375 0.65380859375 0.559814453125 0.646484375 0.56201171875 0.621826171875 0.57470703125 0.616943359375 0.580078125 0.614501953125 0.5869140625 0.6142578125 0.5927734375 0.615966796875 0.603759765625
0 0.6689453125 0.6669921875 0.669189453125 0.670654296875 0.669677734375 0.73291015625 0.670654296875 0.735595703125 0.671875 0.768310546875 0.673583984375 0.779296875 0.672607421875 0.7822265625 0.6728515625 0.7919921875 0.673828125 0.796630859375 0.673583984375 0.805908203125 0.675048828125 0.8115234375 0.67431640625 0.81396484375 0.675048828125 0.8203125 0.673828125 0.8232421875 0.6708984375 0.825439453125 0.654541015625 0.82763671875 0.6513671875 0.8291015625 0.6494140625 0.83203125 0.64990234375 0.83837890625 0.654296875 0.8408203125 0.656982421875 0.844970703125 0.657958984375 0.870361328125 0.6591796875 0.874755859375 0.740478515625 0.874755859375 0.740478515625 0.846923828125 0.7470703125 0.841064453125 0.74755859375 0.837890625 0.746826171875 0.83544921875 0.743896484375 0.831787109375 0.739990234375 0.82958984375 0.72509765625 0.827880859375 0.72021484375 0.826416015625 0.718505859375 0.82470703125 0.715576171875 0.816162109375 0.71630859375 0.811767578125 0.714599609375 0.80859375 0.7158203125 0.80322265625 0.7138671875 0.800048828125 0.716064453125 0.796875 0.714599609375 0.79443359375 0.71533203125 0.788330078125 0.7138671875 0.78466796875 0.71484375 0.782470703125 0.712646484375 0.77685546875 0.71435546875 0.773193359375 0.71337890625 0.77099609375 0.7138671875 0.764892578125 0.71240234375 0.761962890625 0.713623046875 0.7587890625 0.711669921875 0.754150390625 0.712890625 0.750244140625 0.71142578125 0.747802734375 0.712890625 0.744384765625 0.71142578125 0.74169921875 0.711181640625 0.73828125 0.712158203125 0.73583984375 0.7109375 0.733154296875 0.711669921875 0.730224609375 0.71142578125 0.720947265625 0.709716796875 0.718017578125 0.7109375 0.714599609375 0.7099609375 0.71240234375 0.709228515625 0.67919921875 0.70751953125 0.6689453125 0.7080078125 0.665283203125 0.705078125 0.65380859375 0.703369140625 0.650634765625 0.697509765625 0.647705078125 0.676513671875 0.646240234375 0.67138671875 0.648193359375 0.6669921875 0.659423828125 0.6669921875 0.662841796875 0.6689453125 0.6669921875
1 0.89208984375 0.494873046875 0.89208984375 0.500244140625 0.894287109375 0.51025390625 0.89697265625 0.51611328125 0.901123046875 0.521728515625 0.91162109375 0.531005859375 0.921875 0.53662109375 0.932373046875 0.53955078125 0.943603515625 0.539306640625 0.950927734375 0.536865234375 0.959716796875 0.53173828125 0.970703125 0.52001953125 0.974609375 0.51318359375 0.974853515625 0.5107421875 0.98046875 0.497314453125 0.979248046875 0.48974609375 0.970947265625 0.477294921875 0.96337890625 0.46875 0.958984375 0.4658203125 0.955322265625 0.465087890625 0.931640625 0.46337890625 0.924072265625 0.465576171875 0.916015625 0.466552734375 0.904296875 0.471923828125 0.897705078125 0.48046875 0.89501953125 0.486083984375 0.89404296875 0.490966796875 0.89208984375 0.494873046875
0 0.568115234375 0.36865234375 0.577392578125 0.37841796875 0.584228515625 0.3828125 0.587890625 0.3837890625 0.591796875 0.3818359375 0.595703125 0.381591796875 0.603271484375 0.388671875 0.614013671875 0.388671875 0.626953125 0.38427734375 0.638671875 0.375244140625 0.642333984375 0.3701171875 0.646240234375 0.36181640625 0.64697265625 0.3505859375 0.6455078125 0.34326171875 0.642578125 0.33740234375 0.638671875 0.334716796875 0.63720703125 0.331298828125 0.63720703125 0.328125 0.65380859375 0.2841796875 0.656005859375 0.271240234375 0.655029296875 0.26123046875 0.646484375 0.25146484375 0.63818359375 0.24658203125 0.626953125 0.2451171875 0.614990234375 0.2490234375 0.6083984375 0.255615234375 0.60302734375 0.266845703125 0.590576171875 0.315673828125 0.587890625 0.318603515625 0.583984375 0.318359375 0.580810546875 0.31982421875 0.573486328125 0.32568359375 0.568115234375 0.332763671875 0.564208984375 0.345458984375 0.56396484375 0.357666015625 0.568115234375 0.36865234375
1 0.083740234375 0.654541015625 0.10009765625 0.6748046875 0.103271484375 0.67724609375 0.109375 0.67822265625 0.111083984375 0.68017578125 0.1240234375 0.68115234375 0.16064453125 0.67724609375 0.166748046875 0.674560546875 0.169921875 0.671142578125 0.177978515625 0.656494140625 0.187255859375 0.63720703125 0.18798828125 0.63134765625 0.1875 0.626953125 0.185302734375 0.62255859375 0.1728515625 0.604248046875 0.16162109375 0.59228515625 0.149658203125 0.58642578125 0.13818359375 0.586181640625 0.107421875 0.591796875 0.099853515625 0.595703125 0.091796875 0.605712890625 0.0869140625 0.61474609375 0.080810546875 0.626953125 0.07763671875 0.63720703125 0.07763671875 0.64208984375 0.083740234375 0.654541015625
1 0.197021484375 0.547607421875 0.208984375 0.571044921875 0.213134765625 0.576416015625 0.216796875 0.577392578125 0.220703125 0.58203125 0.2275390625 0.584716796875 0.265380859375 0.584716796875 0.271240234375 0.582763671875 0.274658203125 0.58056640625 0.277587890625 0.5771484375 0.279541015625 0.56298828125 0.282470703125 0.55419921875 0.286865234375 0.548828125 0.293212890625 0.54541015625 0.294189453125 0.542724609375 0.268310546875 0.49853515625 0.2587890625 0.4951171875 0.23681640625 0.494873046875 0.225830078125 0.49609375 0.21826171875 0.49853515625 0.208984375 0.508056640625 0.201171875 0.519287109375 0.197021484375 0.52734375 0.193359375 0.537109375 0.197021484375 0.547607421875
1 0.3662109375 0.703857421875 0.368896484375 0.707275390625 0.376708984375 0.7099609375 0.39111328125 0.711669921875 0.39697265625 0.71142578125 0.400634765625 0.710205078125 0.404296875 0.70654296875 0.407958984375 0.70458984375 0.41162109375 0.700439453125 0.412353515625 0.69775390625 0.41845703125 0.68896484375 0.417236328125 0.686279296875 0.417724609375 0.682861328125 0.411865234375 0.667724609375 0.405517578125 0.6572265625 0.400634765625 0.655517578125 0.379638671875 0.65380859375 0.373046875 0.65576171875 0.3671875 0.662353515625 0.357177734375 0.677978515625 0.357421875 0.684814453125 0.3662109375 0.703857421875
1 0.736083984375 0.677734375 0.747314453125 0.6875 0.755615234375 0.693115234375 0.75927734375 0.693603515625 0.763427734375 0.693115234375 0.77294921875 0.689453125 0.786865234375 0.6826171875 0.789794921875 0.677490234375 0.79150390625 0.66796875 0.790771484375 0.657958984375 0.787109375 0.651123046875 0.779052734375 0.644287109375 0.77099609375 0.639404296875 0.767578125 0.638427734375 0.756103515625 0.64208984375 0.74365234375 0.647705078125 0.7392578125 0.650634765625 0.7373046875 0.65283203125 0.736083984375 0.65625 0.735595703125 0.664306640625 0.7353515625 0.6748046875 0.736083984375 0.677734375
0 0.385498046875 0.393310546875 0.39306640625 0.422607421875 0.39111328125 0.4267578125 0.3876953125 0.4306640625 0.3857421875 0.436279296875 0.38525390625 0.449951171875 0.392333984375 0.46923828125 0.400390625 0.47705078125 0.4111328125 0.481689453125 0.419921875 0.482177734375 0.42431640625 0.4814453125 0.439453125 0.475830078125 0.443359375 0.470458984375 0.443603515625 0.462890625 0.44677734375 0.45458984375 0.447998046875 0.4482421875 0.447998046875 0.441162109375 0.443359375 0.42822265625 0.43212890625 0.416259765625 0.427734375 0.384765625 0.423828125 0.37548828125 0.417724609375 0.36962890625 0.4130859375 0.3671875 0.408447265625 0.365966796875 0.403076171875 0.365966796875 0.400390625 0.366455078125 0.3935546875 0.370361328125 0.388427734375 0.375732421875 0.3857421875 0.382080078125 0.384765625 0.38720703125 0.385498046875 0.393310546875
0 0.822021484375 0.599853515625 0.8291015625 0.60888671875 0.83935546875 0.616455078125 0.851318359375 0.627685546875 0.86083984375 0.633056640625 0.8681640625 0.63916015625 0.874267578125 0.6494140625 0.8740234375 0.654541015625 0.874755859375 0.65576171875 0.877197265625 0.65625 0.880859375 0.65478515625 0.896240234375 0.63916015625 0.897216796875 0.63623046875 0.896240234375 0.6337890625 0.886962890625 0.6337890625 0.883544921875 0.6328125 0.86669921875 0.619873046875 0.8623046875 0.615234375 0.850830078125 0.607666015625 0.848876953125 0.604736328125 0.84033203125 0.599853515625 0.83740234375 0.596435546875 0.830078125 0.59228515625 0.821533203125 0.59228515625 0.82080078125 0.59521484375 0.822021484375 0.599853515625
1 0.290771484375 0.593505859375 0.299072265625 0.6005859375 0.314697265625 0.598388671875 0.3271484375 0.59521484375 0.330078125 0.59228515625 0.337890625 0.572021484375 0.338134765625 0.56787109375 0.337646484375 0.56591796875 0.335205078125 0.564208984375 0.333740234375 0.559814453125 0.33203125 0.55908203125 0.318359375 0.54443359375 0.313720703125 0.542236328125 0.2958984375 0.545166015625 0.286865234375 0.54931640625 0.28125 0.55712890625 0.2783203125 0.570556640625 0.2783203125 0.580322265625 0.290771484375 0.593505859375