1 0.47802734375 0.494140625 0.497314453125 0.50732421875 0.501953125 0.50830078125 0.517578125 0.50146484375 0.52001953125 0.498046875 0.52490234375 0.49609375 0.526611328125 0.493896484375 0.5283203125 0.489990234375 0.527587890625 0.48583984375 0.529052734375 0.477783203125 0.529052734375 0.464599609375 0.52734375 0.4619140625 0.521484375 0.45703125 0.513427734375 0.45166015625 0.506591796875 0.44873046875 0.501708984375 0.448486328125 0.49267578125 0.451416015625 0.481689453125 0.45751953125 0.4775390625 0.462158203125 0.475341796875 0.471435546875 0.474365234375 0.48291015625 0.474365234375 0.489990234375 0.47802734375 0.494140625
1 0.599853515625 0.324951171875 0.600830078125 0.32861328125 0.608154296875 0.334716796875 0.611572265625 0.33544921875 0.619140625 0.33203125 0.6279296875 0.32568359375 0.628662109375 0.321044921875 0.634521484375 0.3125 0.634765625 0.309814453125 0.63037109375 0.302490234375 0.623046875 0.301025390625 0.615234375 0.3046875 0.611083984375 0.3046875 0.6083984375 0.30859375 0.6064453125 0.314697265625 0.6015625 0.31689453125 0.602294921875 0.3203125 0.599853515625 0.324951171875
1 0.6748046875 0.275390625 0.67724609375 0.278076171875 0.685546875 0.28076171875 0.69384765625 0.28125 0.6982421875 0.278564453125 0.708251953125 0.265380859375 0.710205078125 0.258544921875 0.7099609375 0.2548828125 0.708740234375 0.250732421875 0.705078125 0.24609375 0.697998046875 0.242919921875 0.689208984375 0.24267578125 0.68505859375 0.24365234375 0.680908203125 0.247314453125 0.673828125 0.255615234375 0.671630859375 0.26171875 0.671875 0.2685546875 0.6748046875 0.275390625
1 0.57470703125 0.24658203125 0.577392578125 0.251953125 0.580078125 0.253662109375 0.599853515625 0.260009765625 0.60400390625 0.26025390625 0.60693359375 0.259033203125 0.620361328125 0.248291015625 0.62353515625 0.24462890625 0.62841796875 0.232177734375 0.627197265625 0.216064453125 0.623046875 0.20556640625 0.614990234375 0.198974609375 0.604736328125 0.196533203125 0.595458984375 0.196533203125 0.58837890625 0.199462890625 0.58154296875 0.205078125 0.57861328125 0.20947265625 0.57373046875 0.214111328125 0.572021484375 0.216796875 0.5712890625 0.221923828125 0.570556640625 0.229248046875 0.57470703125 0.24658203125
0 0.643798828125 0.51904296875 0.646240234375 0.538818359375 0.648193359375 0.544921875 0.64794921875 0.548828125 0.651123046875 0.559814453125 0.650390625 0.563232421875 0.644775390625 0.570068359375 0.643310546875 0.5771484375 0.646728515625 0.591796875 0.646240234375 0.595947265625 0.648193359375 0.6015625 0.656005859375 0.605224609375 0.677001953125 0.60498046875 0.685546875 0.603515625 0.689208984375 0.600830078125 0.701171875 0.596435546875 0.705078125 0.59228515625 0.705322265625 0.58935546875 0.70263671875 0.58203125 0.69921875 0.564697265625 0.697021484375 0.5595703125 0.687744140625 0.5576171875 0.685791015625 0.55517578125 0.6806640625 0.53076171875 0.67822265625 0.512451171875 0.675048828125 0.50146484375 0.668212890625 0.496826171875 0.658447265625 0.496826171875 0.64599609375 0.501220703125 0.6435546875 0.504150390625 0.642333984375 0.508544921875 0.642333984375 0.5166015625 0.643798828125 0.51904296875
0 0.560546875 0.30859375 0.5615234375 0.31103515625 0.567138671875 0.31640625 0.572998046875 0.318115234375 0.574462890625 0.32861328125 0.574462890625 0.40234375 0.575927734375 0.4140625 0.577392578125 0.416259765625 0.5791015625 0.416748046875 0.594970703125 0.416015625 0.597412109375 0.4130859375 0.598876953125 0.40771484375 0.598876953125 0.396728515625 0.601318359375 0.379150390625 0.601318359375 0.3515625 0.60009765625 0.346435546875 0.6005859375 0.3427734375 0.599609375 0.3349609375 0.60107421875 0.331298828125 0.60009765625 0.328857421875 0.600830078125 0.322509765625 0.599365234375 0.3193359375 0.600830078125 0.3173828125 0.607177734375 0.31689453125 0.610107421875 0.314697265625 0.61181640625 0.310791015625 0.611328125 0.3076171875 0.61279296875 0.304931640625 0.609130859375 0.2998046875 0.609130859375 0.2919921875 0.607421875 0.28759765625 0.60302734375 0.285888671875 0.599609375 0.27978515625 0.5908203125 0.27880859375 0.579833984375 0.279541015625 0.56787109375 0.285400390625 0.565185546875 0.28759765625 0.564208984375 0.2900390625 0.563720703125 0.302490234375 0.560546875 0.30859375
0 0.746826171875 0.6005859375 0.75244140625 0.60693359375 0.762939453125 0.61572265625 0.78515625 0.627197265625 0.79248046875 0.628662109375 0.798828125 0.627685546875 0.80224609375 0.624267578125 0.802978515625 0.619140625 0.800048828125 0.60986328125 0.799560546875 0.6005859375 0.8056640625 0.58935546875 0.813720703125 0.580322265625 0.816650390625 0.574462890625 0.83837890625 0.54541015625 0.842041015625 0.537353515625 0.84228515625 0.53125 0.84130859375 0.52734375 0.835205078125 0.52197265625 0.826904296875 0.518798828125 0.822021484375 0.51806640625 0.814453125 0.5205078125 0.805419921875 0.528076171875 0.797607421875 0.539794921875 0.790283203125 0.54833984375 0.785888671875 0.556884765625 0.77294921875 0.57373046875 0.77001953125 0.57958984375 0.761474609375 0.583984375 0.7490234375 0.5859375 0.745849609375 0.58935546875 0.745361328125 0.59716796875 0.746826171875 0.6005859375
1 0.32177734375 0.53857421875 0.338134765625 0.55126953125 0.34619140625 0.5537109375 0.353515625 0.55224609375 0.37255859375 0.5458984375 0.3740234375 0.544677734375 0.376708984375 0.538818359375 0.380859375 0.517578125 0.378662109375 0.51318359375 0.361083984375 0.498291015625 0.353271484375 0.49365234375 0.3359375 0.498291015625 0.326171875 0.5029296875 0.322265625 0.510498046875 0.318359375 0.524658203125 0.318359375 0.532470703125 0.32177734375 0.53857421875
1 0.239990234375 0.592041015625 0.248046875 0.599365234375 0.259521484375 0.603759765625 0.268798828125 0.603271484375 0.279296875 0.5986328125 0.28466796875 0.59375 0.28759765625 0.589599609375 0.290771484375 0.5791015625 0.290771484375 0.571044921875 0.285400390625 0.56005859375 0.28271484375 0.556884765625 0.27685546875 0.552978515625 0.26953125 0.55029296875 0.2626953125 0.550048828125 0.257568359375 0.551025390625 0.2451171875 0.55712890625 0.240234375 0.561767578125 0.236572265625 0.57177734375 0.235107421875 0.581298828125 0.239990234375 0.592041015625
1 0.611083984375 0.59814453125 0.617919921875 0.609375 0.622802734375 0.61279296875 0.635009765625 0.613525390625 0.63916015625 0.612548828125 0.648193359375 0.603515625 0.651611328125 0.595458984375 0.64794921875 0.582763671875 0.644775390625 0.578857421875 0.640380859375 0.57763671875 0.62255859375 0.576416015625 0.617919921875 0.580322265625 0.611083984375 0.58935546875 0.60986328125 0.592041015625 0.611083984375 0.59814453125
0 0.474853515625 0.258056640625 0.47900390625 0.262939453125 0.4814453125 0.263916015625 0.485595703125 0.262939453125 0.490234375 0.265625 0.497802734375 0.2841796875 0.50390625 0.29541015625 0.510009765625 0.309814453125 0.512939453125 0.314208984375 0.515380859375 0.315673828125 0.520751953125 0.316162109375 0.533203125 0.3115234375 0.538818359375 0.304931640625 0.539794921875 0.30224609375 0.5390625 0.296142578125 0.533935546875 0.284423828125 0.531494140625 0.28173828125 0.530029296875 0.275634765625 0.527099609375 0.271728515625 0.523193359375 0.260986328125 0.519287109375 0.255126953125 0.519287109375 0.249267578125 0.525146484375 0.2412109375 0.52490234375 0.23779296875 0.518310546875 0.229248046875 0.511962890625 0.21435546875 0.509765625 0.21142578125 0.505859375 0.2099609375 0.50244140625 0.210205078125 0.494140625 0.2119140625 0.489990234375 0.2138671875 0.474853515625 0.222900390625 0.470458984375 0.22705078125 0.467529296875 0.231689453125 0.46728515625 0.237548828125 0.474853515625 0.258056640625
0 0.502197265625 0.360107421875 0.508056640625 0.364501953125 0.509521484375 0.36865234375 0.509765625 0.427978515625 0.513671875 0.431396484375 0.525146484375 0.432373046875 0.532470703125 0.431396484375 0.5380859375 0.427978515625 0.5400390625 0.422119140625 0.5419921875 0.37353515625 0.543701171875 0.366455078125 0.550537109375 0.365478515625 0.552978515625 0.36328125 0.55419921875 0.3505859375 0.55419921875 0.33447265625 0.552001953125 0.33154296875 0.54443359375 0.32861328125 0.525634765625 0.32568359375 0.517333984375 0.326171875 0.507080078125 0.32861328125 0.503173828125 0.33154296875 0.501708984375 0.334228515625 0.50146484375 0.3583984375 0.502197265625 0.360107421875
0 0.232421875 0.74755859375 0.25146484375 0.774169921875 0.261962890625 0.78466796875 0.266357421875 0.79150390625 0.269775390625 0.794677734375 0.27734375 0.806884765625 0.27978515625 0.812744140625 0.27783203125 0.82373046875 0.278076171875 0.83251953125 0.279296875 0.83447265625 0.29443359375 0.826416015625 0.300537109375 0.8193359375 0.313232421875 0.81201171875 0.316162109375 0.808349609375 0.320068359375 0.805908203125 0.32177734375 0.802734375 0.330078125 0.794677734375 0.333740234375 0.78857421875 0.333984375 0.7822265625 0.332275390625 0.78271484375 0.3116047359375 0.7793781734375 0.305908203125 0.776611328125 0.305419921875 0.773681640625 0.3037109375 0.77099609375 0.298095703125 0.76708984375 0.28369140625 0.750244140625 0.2802734375 0.744873046875 0.27587890625 0.74072265625 0.27197265625 0.73388671875 0.263671875 0.72412109375 0.259521484375 0.72119140625 0.256103515625 0.717041015625 0.251220703125 0.715087890625 0.247802734375 0.715576171875 0.242431640625 0.71826171875 0.233642578125 0.72607421875 0.228271484375 0.73291015625 0.227783203125 0.738525390625 0.232421875 0.74755859375
0 0.67236328125 0.46923828125 0.675537109375 0.472412109375 0.679931640625 0.48095703125 0.682861328125 0.484375 0.700927734375 0.514892578125 0.704833984375 0.51904296875 0.715576171875 0.5361328125 0.7158203125 0.53759765625 0.712646484375 0.54248046875 0.70849609375 0.545654296875 0.70703125 0.55126953125 0.708984375 0.553466796875 0.71240234375 0.55419921875 0.716064453125 0.556884765625 0.720458984375 0.56591796875 0.724365234375 0.5693359375 0.733154296875 0.56640625 0.747802734375 0.55908203125 0.760009765625 0.551513671875 0.76220703125 0.5478515625 0.756591796875 0.534423828125 0.757080078125 0.527587890625 0.755615234375 0.525390625 0.753662109375 0.52490234375 0.749267578125 0.52490234375 0.740478515625 0.52685546875 0.736328125 0.524169921875 0.724609375 0.50390625 0.7177734375 0.49462890625 0.710205078125 0.480712890625 0.705322265625 0.47509765625 0.701416015625 0.468017578125 0.696044921875 0.454345703125 0.69873046875 0.45166015625 0.693115234375 0.447021484375 0.68798828125 0.44091796875 0.681640625 0.441650390625 0.6728515625 0.4453125 0.667724609375 0.448486328125 0.665283203125 0.451416015625 0.66552734375 0.4580078125 0.67236328125 0.46923828125
1 0.60595703125 0.386962890625 0.626953125 0.401611328125 0.638671875 0.40771484375 0.642578125 0.407958984375 0.650146484375 0.404541015625 0.6591796875 0.3984375 0.667724609375 0.39501953125 0.677490234375 0.389404296875 0.68310546875 0.384033203125 0.68408203125 0.378662109375 0.684814453125 0.356201171875 0.682861328125 0.34326171875 0.677490234375 0.336669921875 0.666015625 0.328125 0.65380859375 0.322998046875 0.647216796875 0.322021484375 0.63818359375 0.322509765625 0.626953125 0.3271484375 0.62353515625 0.32763671875 0.615234375 0.333984375 0.60986328125 0.33642578125 0.60693359375 0.341552734375 0.605712890625 0.34814453125 0.604736328125 0.380615234375 0.60595703125 0.386962890625
0 0.403076171875 0.738525390625 0.4150390625 0.743896484375 0.418701171875 0.747314453125 0.440185546875 0.759521484375 0.442138671875 0.76220703125 0.443115234375 0.7626953125 0.44384765625 0.761962890625 0.44775390625 0.756103515625 0.450927734375 0.748291015625 0.450927734375 0.744140625 0.443603515625 0.7431640625 0.43115234375 0.73828125 0.423095703125 0.732666015625 0.404296875 0.72509765625 0.400146484375 0.728271484375 0.400146484375 0.734375 0.403076171875 0.738525390625
0 0.222900390625 0.446044921875 0.227294921875 0.44921875 0.236083984375 0.4521484375 0.246826171875 0.45263671875 0.259765625 0.451171875 0.263671875 0.448486328125 0.264892578125 0.441162109375 0.264404296875 0.427734375 0.262939453125 0.422607421875 0.257080078125 0.416748046875 0.25634765625 0.4140625 0.2568359375 0.35693359375 0.255126953125 0.349853515625 0.25146484375 0.34521484375 0.247802734375 0.343994140625 0.236083984375 0.3447265625 0.232421875 0.34912109375 0.23095703125 0.357421875 0.22998046875 0.4150390625 0.229248046875 0.4169921875 0.224365234375 0.419677734375 0.222412109375 0.421875 0.220703125 0.4287109375 0.220947265625 0.442626953125 0.222900390625 0.446044921875
0 0.38037109375 0.804443359375 0.404296875 0.80712890625 0.41552734375 0.80712890625 0.42041015625 0.805908203125 0.422607421875 0.800537109375 0.424072265625 0.779296875 0.421630859375 0.776611328125 0.416748046875 0.77392578125 0.417724609375 0.770751953125 0.41650390625 0.768310546875 0.41650390625 0.76171875 0.41845703125 0.747314453125 0.421142578125 0.74609375 0.422607421875 0.747314453125 0.423583984375 0.7509765625 0.4267578125 0.75048828125 0.423095703125 0.744140625 0.41650390625 0.741943359375 0.414306640625 0.739501953125 0.404541015625 0.736083984375 0.394775390625 0.74072265625 0.391845703125 0.7451171875 0.389404296875 0.767822265625 0.385986328125 0.7724609375 0.380615234375 0.775146484375 0.37939453125 0.77685546875 0.37744140625 0.793212890625 0.37744140625 0.8017578125 0.38037109375 0.804443359375
1 0.719970703125 0.474853515625 0.73193359375 0.478759765625 0.736572265625 0.478759765625 0.744140625 0.474365234375 0.7490234375 0.46923828125 0.751953125 0.463623046875 0.751708984375 0.457275390625 0.749755859375 0.451904296875 0.747802734375 0.44970703125 0.743408203125 0.447265625 0.732421875 0.445068359375 0.727783203125 0.447021484375 0.72265625 0.45166015625 0.71630859375 0.460205078125 0.716064453125 0.46337890625 0.719970703125 0.474853515625
1 0.689453125 0.449462890625 0.6962890625 0.455322265625 0.70166015625 0.45654296875 0.7099609375 0.455078125 0.71533203125 0.451904296875 0.719482421875 0.45068359375 0.722412109375 0.4423828125 0.72314453125 0.4365234375 0.7216796875 0.430419921875 0.7177734375 0.425048828125 0.710205078125 0.421630859375 0.70361328125 0.42138671875 0.697021484375 0.42236328125 0.69189453125 0.425048828125 0.687744140625 0.430908203125 0.68505859375 0.439453125 0.684814453125 0.443115234375 0.689453125 0.449462890625