1 0.45751953125 0.305419921875 0.46142578125 0.308349609375 0.46337890625 0.314208984375 0.48388671875 0.338623046875 0.487060546875 0.341064453125 0.49169921875 0.342529296875 0.511474609375 0.341552734375 0.539306640625 0.337158203125 0.5458984375 0.3330078125 0.552734375 0.31884765625 0.55615234375 0.30517578125 0.562255859375 0.286865234375 0.56298828125 0.27880859375 0.55712890625 0.26953125 0.543212890625 0.251708984375 0.53076171875 0.239501953125 0.52783203125 0.23779296875 0.52294921875 0.237060546875 0.49853515625 0.238525390625 0.477294921875 0.24267578125 0.470947265625 0.2490234375 0.464599609375 0.26220703125 0.454345703125 0.293701171875 0.45458984375 0.300048828125 0.45751953125 0.305419921875
1 0.43701171875 0.276611328125 0.439208984375 0.28369140625 0.443603515625 0.28759765625 0.452880859375 0.291748046875 0.45458984375 0.294189453125 0.458251953125 0.281005859375 0.46142578125 0.276123046875 0.461669921875 0.27001953125 0.4638671875 0.267578125 0.46337890625 0.260498046875 0.46630859375 0.26025390625 0.467529296875 0.2548828125 0.471435546875 0.2470703125 0.47705078125 0.24365234375 0.48095703125 0.24365234375 0.489501953125 0.240478515625 0.498291015625 0.238525390625 0.499755859375 0.236083984375 0.495849609375 0.232177734375 0.48095703125 0.224365234375 0.46875 0.220458984375 0.460205078125 0.219970703125 0.453369140625 0.224365234375 0.4404296875 0.236083984375 0.4365234375 0.239990234375 0.4345703125 0.243896484375 0.433837890625 0.25244140625 0.43701171875 0.276611328125
1 0.561767578125 0.8916015625 0.568603515625 0.897705078125 0.571533203125 0.898681640625 0.57958984375 0.904052734375 0.586181640625 0.90673828125 0.5908203125 0.90771484375 0.599365234375 0.904541015625 0.609130859375 0.89794921875 0.61328125 0.892333984375 0.61572265625 0.873779296875 0.61474609375 0.861572265625 0.609619140625 0.85107421875 0.597412109375 0.841552734375 0.59033203125 0.839599609375 0.579345703125 0.839599609375 0.56884765625 0.843994140625 0.559814453125 0.8525390625 0.55615234375 0.8603515625 0.55419921875 0.8701171875 0.555419921875 0.880615234375 0.561767578125 0.8916015625
1 0.46826171875 0.445068359375 0.478271484375 0.451171875 0.48388671875 0.45263671875 0.48974609375 0.450927734375 0.49853515625 0.445068359375 0.50146484375 0.444091796875 0.503662109375 0.4404296875 0.504150390625 0.423095703125 0.503173828125 0.419921875 0.492431640625 0.411376953125 0.486572265625 0.408935546875 0.48388671875 0.408447265625 0.46923828125 0.415283203125 0.465087890625 0.419189453125 0.4638671875 0.425048828125 0.4638671875 0.439697265625 0.46826171875 0.445068359375
1 0.518310546875 0.360107421875 0.5244140625 0.360595703125 0.538818359375 0.364501953125 0.545654296875 0.36279296875 0.553955078125 0.3662109375 0.556884765625 0.365478515625 0.568603515625 0.357666015625 0.570556640625 0.35498046875 0.58154296875 0.345458984375 0.583251953125 0.341796875 0.58056640625 0.3193359375 0.57763671875 0.31005859375 0.574462890625 0.306640625 0.568359375 0.302978515625 0.5595703125 0.299560546875 0.5576171875 0.301513671875 0.556396484375 0.30615234375 0.552001953125 0.314453125 0.548583984375 0.325927734375 0.54833984375 0.330322265625 0.54541015625 0.336181640625 0.542724609375 0.337646484375 0.53857421875 0.337158203125 0.536865234375 0.337890625 0.53369140625 0.336669921875 0.53076171875 0.337890625 0.527587890625 0.3369140625 0.52490234375 0.338623046875 0.52197265625 0.338134765625 0.515869140625 0.342529296875 0.51611328125 0.35205078125 0.518310546875 0.360107421875
0 0.305908203125 0.70068359375 0.309814453125 0.704833984375 0.326904296875 0.70556640625 0.329345703125 0.70654296875 0.331298828125 0.709228515625 0.337646484375 0.708740234375 0.33984375 0.704345703125 0.3408203125 0.693115234375 0.341796875 0.69140625 0.3448486328125 0.68994140625 0.3671875 0.68994140625 0.375732421875 0.688720703125 0.3779296875 0.689697265625 0.381591796875 0.68896484375 0.393798828125 0.689453125 0.3955078125 0.688720703125 0.3994140625 0.689208984375 0.401123046875 0.688232421875 0.405029296875 0.689208984375 0.415771484375 0.687744140625 0.419677734375 0.688232421875 0.421875 0.687255859375 0.42529296875 0.68798828125 0.427490234375 0.687255859375 0.433837890625 0.687744140625 0.460205078125 0.6865234375 0.466064453125 0.68359375 0.467529296875 0.68115234375 0.468994140625 0.6748046875 0.468994140625 0.661865234375 0.460205078125 0.65478515625 0.455078125 0.65625 0.447265625 0.656494140625 0.44287109375 0.654052734375 0.4404296875 0.656494140625 0.43359375 0.65771484375 0.40673828125 0.6572265625 0.399658203125 0.658203125 0.356689453125 0.658447265625 0.345703125 0.659423828125 0.3427734375 0.658447265625 0.340087890625 0.644287109375 0.33837890625 0.642333984375 0.333984375 0.641845703125 0.332275390625 0.643798828125 0.327392578125 0.646240234375 0.3193359375 0.646484375 0.308349609375 0.6484375 0.306884765625 0.650146484375 0.306396484375 0.655029296875 0.304931640625 0.6875 0.305908203125 0.70068359375
1 0.549072265625 0.259521484375 0.551513671875 0.26318359375 0.556396484375 0.267578125 0.5595703125 0.272705078125 0.562744140625 0.275146484375 0.5654296875 0.27392578125 0.572509765625 0.275146484375 0.580078125 0.271728515625 0.587890625 0.26220703125 0.5908203125 0.25634765625 0.591552734375 0.252197265625 0.586181640625 0.239990234375 0.583251953125 0.23583984375 0.5771484375 0.232421875 0.567138671875 0.231689453125 0.560302734375 0.232177734375 0.5576171875 0.234375 0.552734375 0.239990234375 0.54736328125 0.2509765625 0.54736328125 0.256103515625 0.549072265625 0.259521484375
1 0.50634765625 0.396484375 0.509033203125 0.3984375 0.51953125 0.40234375 0.52783203125 0.403076171875 0.531005859375 0.401611328125 0.539306640625 0.39453125 0.544189453125 0.388671875 0.544921875 0.384765625 0.54443359375 0.38037109375 0.54052734375 0.3642578125 0.5361328125 0.360107421875 0.529296875 0.357666015625 0.52197265625 0.353271484375 0.519775390625 0.35791015625 0.510986328125 0.365234375 0.504150390625 0.37255859375 0.502197265625 0.376220703125 0.50341796875 0.388671875 0.50634765625 0.396484375
0 0.477783203125 0.64990234375 0.48193359375 0.655029296875 0.483642578125 0.659423828125 0.489990234375 0.66943359375 0.49560546875 0.673095703125 0.504150390625 0.674560546875 0.51025390625 0.68505859375 0.513916015625 0.689453125 0.519287109375 0.6923828125 0.524169921875 0.692626953125 0.53125 0.689697265625 0.535400390625 0.685546875 0.5380859375 0.677734375 0.53759765625 0.674560546875 0.529541015625 0.6591796875 0.5322265625 0.650634765625 0.5322265625 0.644775390625 0.52197265625 0.625244140625 0.518310546875 0.620849609375 0.513427734375 0.6181640625 0.509765625 0.61767578125 0.50146484375 0.6181640625 0.4931640625 0.62109375 0.486572265625 0.624755859375 0.4833984375 0.627685546875 0.476318359375 0.6376953125 0.47607421875 0.643798828125 0.477783203125 0.64990234375
0 0.349365234375 0.58447265625 0.3525390625 0.5849609375 0.358154296875 0.5830078125 0.36083984375 0.584716796875 0.365966796875 0.585205078125 0.375 0.58447265625 0.380615234375 0.586669921875 0.383544921875 0.593017578125 0.38720703125 0.59765625 0.39208984375 0.6015625 0.41357421875 0.624755859375 0.4169921875 0.626953125 0.41943359375 0.630615234375 0.42529296875 0.635009765625 0.42822265625 0.63916015625 0.430908203125 0.640625 0.43701171875 0.6484375 0.43994140625 0.65087890625 0.444091796875 0.652587890625 0.44580078125 0.6572265625 0.452392578125 0.657958984375 0.45751953125 0.656982421875 0.470458984375 0.642822265625 0.47216796875 0.638427734375 0.47265625 0.633056640625 0.471435546875 0.626708984375 0.469970703125 0.624755859375 0.45947265625 0.61376953125 0.4580078125 0.611083984375 0.452392578125 0.606689453125 0.44580078125 0.5986328125 0.438232421875 0.59228515625 0.4189453125 0.571044921875 0.412353515625 0.566162109375 0.410400390625 0.5634765625 0.4052734375 0.560546875 0.40380859375 0.556640625 0.403564453125 0.544677734375 0.4052734375 0.537353515625 0.4052734375 0.53271484375 0.404296875 0.53173828125 0.40185546875 0.530517578125 0.398193359375 0.530517578125 0.39111328125 0.53271484375 0.384765625 0.536865234375 0.363037109375 0.55615234375 0.354736328125 0.5654296875 0.348876953125 0.57421875 0.3466796875 0.58056640625 0.349365234375 0.58447265625
0 0.466064453125 0.82080078125 0.477783203125 0.83251953125 0.479736328125 0.83203125 0.48095703125 0.830322265625 0.48095703125 0.82470703125 0.482666015625 0.820556640625 0.505615234375 0.79541015625 0.510009765625 0.7890625 0.511962890625 0.78369140625 0.51220703125 0.779052734375 0.511474609375 0.77783203125 0.507080078125 0.776123046875 0.499755859375 0.779296875 0.484130859375 0.7958984375 0.4638671875 0.81298828125 0.463623046875 0.81494140625 0.466064453125 0.82080078125
0 0.674560546875 0.611083984375 0.6748046875 0.619384765625 0.6767578125 0.6259765625 0.6796875 0.631591796875 0.684814453125 0.63818359375 0.689697265625 0.642578125 0.694580078125 0.645263671875 0.7021484375 0.64697265625 0.708740234375 0.647216796875 0.715576171875 0.645751953125 0.724609375 0.640869140625 0.727294921875 0.64111328125 0.75048828125 0.651123046875 0.762451171875 0.652587890625 0.768798828125 0.650390625 0.773193359375 0.64697265625 0.779052734375 0.638427734375 0.779541015625 0.626708984375 0.77587890625 0.618896484375 0.7724609375 0.614990234375 0.766357421875 0.611083984375 0.74853515625 0.60595703125 0.739501953125 0.602294921875 0.736572265625 0.595703125 0.733154296875 0.59130859375 0.726806640625 0.585205078125 0.72119140625 0.58203125 0.7099609375 0.5791015625 0.69775390625 0.579833984375 0.68896484375 0.583740234375 0.685791015625 0.586181640625 0.680419921875 0.592041015625 0.67822265625 0.595947265625 0.677490234375 0.604248046875 0.674560546875 0.611083984375
1 0.436279296875 0.734375 0.44091796875 0.740966796875 0.442626953125 0.745361328125 0.445556640625 0.748291015625 0.45556640625 0.749755859375 0.46337890625 0.74951171875 0.467529296875 0.745849609375 0.474853515625 0.73583984375 0.47509765625 0.73046875 0.469482421875 0.716064453125 0.466552734375 0.711181640625 0.463623046875 0.70947265625 0.4560546875 0.70849609375 0.4453125 0.708984375 0.4375 0.71728515625 0.434814453125 0.72265625 0.4345703125 0.72705078125 0.436279296875 0.734375
0 0.58935546875 0.508056640625 0.592041015625 0.51171875 0.600830078125 0.517578125 0.612548828125 0.520263671875 0.627197265625 0.517333984375 0.635986328125 0.510498046875 0.65625 0.509521484375 0.662353515625 0.50537109375 0.665283203125 0.50146484375 0.6669921875 0.495361328125 0.666748046875 0.490234375 0.665283203125 0.486328125 0.662109375 0.48193359375 0.656494140625 0.478515625 0.65185546875 0.4775390625 0.63330078125 0.478271484375 0.626708984375 0.47412109375 0.615966796875 0.4716796875 0.6005859375 0.47412109375 0.59228515625 0.478759765625 0.58935546875 0.482421875 0.585693359375 0.491943359375 0.586181640625 0.500732421875 0.58935546875 0.508056640625