0 0.9117949578125 0.7421500234375 0.9168474296875001 0.7663945546875001 0.9197232046874999 0.7725135359374999 0.9240930921875 0.7758916671875 0.9281845984375 0.7762616046875 0.9636241421875 0.775427346875 0.96992061875 0.737569175 0.961684915625 0.735585434375 0.9564397874999999 0.7234238562499999 0.9541081874999999 0.7218362609375 0.9536969109375001 0.7180664703125 0.9510193031249999 0.715437953125 0.9533532609375 0.712329409375 0.9517687140625 0.7093713890625 0.9527713375 0.7033430187499999 0.9510664765625 0.701108403125 0.9501487734375 0.6972622281249999 0.9505773453125 0.69312474375 0.9467838671875001 0.6831595874999999 0.9472376062500001 0.68199210625 0.9416968046875 0.6747296078125 0.9415914296875 0.672241875 0.938861134375 0.6683694906250001 0.9350503609375 0.666311609375 0.921642675 0.665772434375 0.9163904796875 0.6676992687500001 0.9122588671875 0.6675704671875 0.9063799328125001 0.670144321875 0.9046727156250001 0.6726058453125 0.9044045640625 0.675778790625 0.9095042093749999 0.685693771875 0.9136790859374999 0.70585099375 0.9174399281250001 0.7144517171875 0.9185357468750001 0.7219089234375 0.9224094328125 0.731391809375 0.9213667046875 0.737661315625 0.9130885421875 0.7406148484374999 0.9117949578125 0.7421500234375
1 0.8333367359375 0.511810153125 0.8383036718750001 0.5036639859375 0.84024534375 0.49505951562500006 0.8376091953125 0.4860087234375 0.8275970125000001 0.473121496875 0.8212293984375 0.4694378296875 0.8165591890625 0.4679887765625 0.8079077546875 0.46717251718749997 0.79084211875 0.4687893296875 0.786820965625 0.46966325937500003 0.782480375 0.47246626718750007 0.77926799375 0.47469863749999996 0.7768643843749999 0.4782894515625 0.7684306171874999 0.49332593437499994 0.768652975 0.4997864015625 0.7813686390625 0.51975715 0.785971515625 0.5231734734375 0.8033143125000001 0.5245648546874999 0.8150583390625 0.5238721468749999 0.8239242953125 0.5202715953125 0.82801278125 0.5174303953125 0.829168390625 0.515133621875 0.8333367359375 0.511810153125
1 0.7497508875000001 0.3650983875 0.7429184578125 0.361376528125 0.7316883875 0.35997540625 0.7289214765625001 0.360558025 0.719495078125 0.3673315234375 0.7126836671875 0.37597194218749996 0.7117511296875 0.37830690625 0.71322751875 0.383714465625 0.718810640625 0.3931853703125 0.7251097265625 0.3953458453125 0.7362985828124999 0.3969881015625 0.744957296875 0.391585028125 0.7527553890625 0.3818535109375 0.7543885390625 0.37541925468750004 0.7529533625 0.369770559375 0.7497508875000001 0.3650983875
1 0.5944331359375 0.4713857734375 0.5886211015625 0.47054555000000003 0.5852416890625001 0.47129291875 0.576811621875 0.477736915625 0.573764490625 0.48125134531249997 0.5717035375 0.4868858140625 0.5751042890625 0.498500721875 0.58186065625 0.5017021203125 0.59265033125 0.5035091265625 0.60344491875 0.49592385781250004 0.6075225265624999 0.48959219374999996 0.607067175 0.4828524015625 0.6046370140625 0.47656866875 0.602107578125 0.4739783421875 0.5944331359375 0.4713857734375
0 0.4807175 0.2808459 0.48616687187499996 0.2824095296875 0.49412274843750004 0.281385075 0.4991208203125 0.2794200484375 0.5029733546874999 0.27654065625 0.505229046875 0.26921824375000003 0.505444471875 0.2648014328125 0.49817732187499997 0.24763817968750002 0.493456775 0.227645709375 0.4924338828125 0.22131180156250002 0.4961055734375 0.20703467031249997 0.485231190625 0.1819117234375 0.48246129218749995 0.178280475 0.479077353125 0.17678124687500002 0.46777763281249995 0.1760653390625 0.45723505624999994 0.18016014375 0.45144996718749997 0.18373673125 0.442865109375 0.1901043421875 0.44070454843749995 0.1937333484375 0.439689525 0.19827671875 0.4432142109375 0.2114148203125 0.4449541484375 0.2228005765625 0.448869584375 0.227346190625 0.45289273281250003 0.22968339843750002 0.45715646718749997 0.230573796875 0.46080615625 0.23359621718749998 0.4706254203125 0.2635036703125 0.4776669203125 0.2789025953125 0.4807175 0.2808459
0 0.7025891984375 0.6411333875 0.7054349953125 0.6489785046875001 0.70789736875 0.6513276968749999 0.7160458296875001 0.65379370625 0.727964059375 0.6538625953125 0.7364079390625 0.651429525 0.7391405875 0.6459096328125 0.7388923015625 0.6364791640624999 0.7377750390625 0.6338386640625 0.738295953125 0.6307039109375 0.7356002187499999 0.6157131140625001 0.7353244343750001 0.60800878125 0.7334505421874999 0.6005575671875001 0.72967210625 0.5671117203125 0.727745571875 0.5584166390624999 0.7287198328125 0.554114403125 0.7311719890624999 0.5502824546875 0.7410835453125 0.5421385328125 0.740512340625 0.53933328125 0.7342149828125 0.5366523453125 0.6843154015625 0.5419730671874999 0.67996185625 0.5400799375 0.675646028125 0.542641809375 0.6744187734375 0.546905853125 0.6749373328125 0.5484672390625 0.6786371812499999 0.5527335250000001 0.690245065625 0.56091263125 0.692945509375 0.5665111515625 0.6984650546875 0.6066466171875 0.69790406875 0.6100225046875 0.6990739734375 0.613906871875 0.6983802046875 0.6165211625 0.7025891984375 0.6411333875
0 0.6092069390625 0.5548820671875 0.6120652203125 0.5513676375000001 0.61242538125 0.5351090093749999 0.610516 0.5187477890625 0.6095393796875 0.515383884375 0.6050664796875 0.5132114265625 0.5919448515625 0.5126722515625 0.5877443921875 0.5135079874999999 0.5852393546875 0.5148522046874999 0.5830190703125 0.520689615625 0.5753223328125 0.5227168 0.5118906125 0.5238169234375001 0.5001896609375 0.5254741703125 0.49752762656250005 0.5277829265625 0.49641633125 0.5330497000000001 0.49791089531250005 0.5441561296875 0.4999572578125 0.5471905328125 0.5045086546875 0.548880721875 0.576326675 0.5493202609375001 0.5818177484375 0.5499193499999999 0.5849854140625 0.55386811875 0.588467071875 0.5558878078125 0.5963969984374999 0.5571099515625 0.6092069390625 0.5548820671875
0 0.568200653125 0.7610740859375 0.566044559375 0.7400167265625 0.56383626875 0.733288915625 0.5615227 0.7302545125 0.559325725 0.7297078406249999 0.5566989312499999 0.7330575203125 0.5547769125 0.7419413171875 0.5538433328125001 0.7766669796875 0.5513166015625 0.785715528125 0.5538215890625 0.7892703921875001 0.5670338859374999 0.7908242828125001 0.5723292437499999 0.788579928125 0.573746615625 0.7855597515625 0.5697241921875 0.77932619375 0.56832595625 0.7744390953125 0.568200653125 0.7610740859375
1 0.40645016875 0.5251619546875 0.4201936625 0.521081375 0.43258276249999994 0.5143221046875001 0.43787527343750005 0.48522117187499997 0.4387116625 0.4707650640625 0.4368967453125 0.46776885156250003 0.41369968437500004 0.45137244687500006 0.4110949640625 0.4485027953125 0.40427874218750004 0.44474274375 0.3997775640625 0.4440552875 0.36943346718750003 0.45400473750000003 0.3654300953125 0.45808980468750005 0.35925535000000003 0.461348871875 0.35559135468749997 0.471171 0.3545887671875 0.4757143703125 0.35515335625 0.478519621875 0.351207465625 0.49942196875 0.35241585937500003 0.5045502015625 0.36017798437500004 0.51191529375 0.3858089125 0.5306608890625 0.39263988906249997 0.5312098046875 0.397985228125 0.5283184296875 0.40289489375 0.5280795390625 0.40645016875 0.5251619546875
1 0.3309479671875 0.4032795828125 0.32822639374999996 0.39571379218749997 0.31834557812500003 0.3908102234375 0.3136796828125 0.3898816328125 0.302693515625 0.39297370625 0.2953815875 0.39808546875 0.29151080937499996 0.40345259375 0.29171304375 0.41163919531250004 0.2954132765625 0.41662888750000004 0.3036965625 0.42302943906249996 0.311568078125 0.4271452015625 0.3155736796875 0.42723581250000003 0.3257752953125 0.4240291625 0.3295348109375 0.42087044375 0.331605825 0.40881370156249996 0.3309479671875 0.4032795828125
0 0.5617227140625001 0.642107003125 0.5638984640625 0.62711845 0.566665659375 0.624086290625 0.5731845078125 0.6228708765625 0.5773536890625001 0.6205501390625 0.6079889796875 0.6109563984374999 0.6108465765625 0.6089269703125 0.6313140265625 0.6012196296875 0.6424172890625 0.5982421312499999 0.6521063078125 0.5930682109375 0.6553936921875 0.5883863 0.655733078125 0.584731084375 0.6535810640624999 0.5777239468750001 0.6508039046875 0.57457496875 0.6475456296875 0.57283460625 0.6416641828125 0.5716768625 0.6375340734375 0.573756465625 0.6242106187500001 0.5763902359374999 0.6208205718750001 0.578584415625 0.5992368953125 0.5853773906249999 0.5942104359375 0.5883069578125 0.5556397578125 0.6016158265625 0.5528357859375 0.6001929828125 0.5459453671875 0.59121633125 0.5381685593750001 0.5892707828125 0.530751065625 0.5960322984374999 0.5215431640625 0.5997976015625001 0.518607425 0.6023093 0.5169150890624999 0.611193096875 0.5178459203125 0.619494275 0.52654896875 0.639133278125 0.5332708421875 0.6475894671875 0.539684734375 0.648582459375 0.544476765625 0.647099703125 0.54855325 0.648472371875 0.5519042234375 0.6465193265625 0.5578906234375001 0.6454686640625 0.5617227140625001 0.642107003125
0 0.3721991609375 0.2950856546875 0.3742853953125 0.291697784375 0.37491660000000004 0.2878396265625 0.37401619375 0.2792973140625 0.3791826609375 0.27737047812500004 0.3917990765625 0.2689232625 0.4031554 0.26349622500000003 0.41189020000000004 0.2569256703125 0.4156952328125 0.250835140625 0.415973703125 0.244451059375 0.414022834375 0.23920824999999998 0.40731469843749996 0.23026979062500003 0.40402483437500003 0.22852942812500002 0.399134521875 0.22876831874999998 0.394296034375 0.23025107656250002 0.3704540234375 0.2448869265625 0.3576550515625 0.2513286796875 0.3555046125 0.2519876828125 0.34777076875 0.2493187296875 0.343129534375 0.2495958125 0.31973385468750004 0.26306418125 0.3180003578125 0.268977975 0.31820766875 0.27395344062500004 0.3204594453125 0.2804783078125 0.3270739859375 0.293110175 0.332812878125 0.3001697296875 0.3416196234375 0.3072053203125 0.3454865453125 0.308539796875 0.3497998 0.308706790625 0.3626776734375 0.30178276875 0.3721991609375 0.2950856546875
0 0.3278747796875 0.46943140312500004 0.33067698437500004 0.471336515625 0.3395529953125 0.4726732359375 0.35402317656250004 0.47163904375000004 0.356373309375 0.4700155 0.36022691875 0.45156269375 0.359975678125 0.44682836249999996 0.363329165625 0.41421075781249994 0.36349218906249997 0.4085500796875 0.3622391515625 0.40514798281250003 0.3631676953125 0.3902096046875 0.3647444265625 0.386986484375 0.375975290625 0.3773073859375 0.37943511875 0.3721432046875 0.3767132453125 0.369755821875 0.36282035625 0.3642029890625 0.34565586875 0.3611236625 0.32818265 0.3614584171875 0.316100409375 0.36532407031249997 0.3158594125 0.3667708796875 0.3220765625 0.373145221875 0.3296522875 0.3854093953125 0.3281661328125 0.394331384375 0.32540173437500003 0.3968812734375 0.32757387968749996 0.40412954531249995 0.326175940625 0.42344654375 0.3274943515625 0.4295775078125 0.324273965625 0.46295670937500005 0.3278747796875 0.46943140312500004
0 0.6771228359375 0.5496347203124999 0.6773013984375 0.54076290625 0.6849663890625 0.5307902546875 0.6863743875 0.527046671875 0.686323815625 0.52110666875 0.6748646359375 0.5132068890625 0.6666023046875 0.5127081484375 0.6562445703125 0.524748421875 0.6523200250000001 0.526383946875 0.6471510296874999 0.5261023765624999 0.6427982359375 0.5271792484375 0.6307527984375 0.5399549078125 0.627616796875 0.5446750109375 0.6265288 0.551185653125 0.628307375 0.556149134375 0.6337537078125 0.5641350375 0.6388673953125 0.5678688796875 0.6404594984374999 0.5708268999999999 0.6528454890625001 0.573180578125 0.6605057453125001 0.5726002015625 0.6652615015625 0.5691119812500001 0.6753924687499999 0.55530738125 0.6771228359375 0.5496347203124999
0 0.2536668 0.5004157765625 0.2546971890625 0.506749684375 0.2580505015625 0.511701184375 0.266802053125 0.5125174421875001 0.2788031625 0.5111013296875 0.28022716875000003 0.5088427484375 0.2815197 0.5011264343749999 0.28152681875 0.48703801875 0.2792640796875 0.4755758796875 0.279925390625 0.46850658437500003 0.28121554843749996 0.46548640781249995 0.281838840625 0.45396210937500003 0.281742203125 0.43268982500000003 0.2827923859375 0.42642031874999997 0.2816028015625 0.4163548125 0.282382915625 0.41325825156249996 0.2849077953125 0.41067016875 0.2950429609375 0.40946898281250005 0.29730251875 0.40066156875000003 0.2940830546875 0.39647166562499997 0.2922369046875 0.384083178125 0.28860085 0.3808196234375 0.28540673125 0.379599721875 0.2712466421875 0.376737565625 0.25231953281249997 0.377363628125 0.248936128125 0.378834403125 0.2464769859375 0.384151353125 0.24503556093749998 0.3943172078125 0.239917690625 0.40146064375 0.24023845000000002 0.404227703125 0.242210521875 0.406500509375 0.2494042171875 0.4088137515625 0.25214135625 0.411201134375 0.25434073125 0.41523827031250005 0.2556998078125 0.4352165140625 0.2557560546875 0.45672993437500004 0.2536668 0.5004157765625
1 0.7052438421875 0.497914278125 0.699981971875 0.491210434375 0.6944854874999999 0.4874384 0.6867528734375 0.48581037031249996 0.681596990625 0.48629039531249996 0.6721338859375 0.49009389218750005 0.6682368421875 0.49570214999999995 0.6649692171875 0.5038745265625 0.6643090578125 0.507732684375 0.6675564671875 0.512163721875 0.6738627796875 0.5143241953125 0.67661749375 0.5169527140625 0.684499778125 0.520827340625 0.6931247375 0.5203615421875 0.6980896921874999 0.517876053125 0.7030287546875 0.5124205609375 0.7063376406249999 0.5040070515624999 0.7052438421875 0.497914278125
1 0.32525560468750003 0.4993321234375 0.3306294140625 0.49222688124999997 0.332904403125 0.4802083296875 0.3318207640625 0.47263055625000006 0.3253149890625 0.4615218828125 0.31687245937499997 0.4572915453125 0.307475415625 0.45563730625 0.295042928125 0.456494765625 0.2853203203125 0.4614657421875 0.27933023437500004 0.46600686874999997 0.27761051875 0.4684683921875 0.2756888140625 0.47213559062500005 0.2780810625 0.49375160312500005 0.2823340140625 0.499579275 0.290695746875 0.5042918828125 0.2981457359375 0.5066433171875 0.303032390625 0.5071278312499999 0.3098660984375 0.5069151484375001 0.3156264703125 0.5053058328125 0.3201519109375 0.503264421875 0.32525560468750003 0.4993321234375
1 0.4645849125 0.7092526296874999 0.46944423906250005 0.7003448671875 0.47232914375 0.6923754343749999 0.4717570390625 0.6895701828125 0.45957603437500005 0.67067855 0.4516429203125 0.6652807296875001 0.42200610000000005 0.666993403125 0.4194170796875 0.67006375625 0.40953789062499996 0.6888438203125 0.40773423593749997 0.6949987515625 0.40869036875000003 0.7032999296875 0.41426031406249997 0.7135324296875 0.4222186109375 0.7219002531250001 0.42852590937499996 0.7245811890625 0.4343539625 0.7254596046875 0.44674506718749996 0.7243610109375 0.45712397187500003 0.71974574375 0.460927234375 0.7156224859375 0.4645849125 0.7092526296874999
1 0.4682529890625 0.514390228125 0.4645696640625 0.5123705390625 0.4507555734375 0.51456023125 0.4468906890625 0.51671621875 0.4422499015625 0.52493876875 0.44032926874999995 0.5298498328125001 0.4401892328125 0.5337843734375001 0.4499935265625 0.5470774875 0.4601218546875 0.54756424375 0.47193470781249997 0.546071746875 0.47432511718750003 0.5399932015625 0.47833003749999997 0.533902671875 0.4791474625 0.527594975 0.4749422484375 0.5208027625 0.4682529890625 0.514390228125
1 0.57879765 0.6803178765625 0.5783739828125001 0.675063084375 0.5721715125 0.663992603125 0.561987075 0.6503437796875 0.5541009609375 0.6494009625 0.528415484375 0.6509631125 0.52386995 0.6564567953125 0.522802540625 0.6597562984375 0.51730985625 0.66782608125 0.5126817921875 0.6784981718750001 0.5128523625 0.683714771875 0.5272294203125 0.7049174046875 0.53126405 0.7087396140625 0.54791583125 0.7100164203125 0.556162725 0.7087890234375 0.5650234968750001 0.70542960625 0.5712353875 0.697715534375 0.5761692125 0.6883255015625 0.57879765 0.6803178765625