0 0.3869248890625 0.4110590015625 0.3956407859375 0.412727209375 0.401367509375 0.412276153125 0.4057588109375 0.413852053125 0.40953215781249996 0.4125622875 0.41072830156249995 0.41106370156249994 0.411666965625 0.40837108750000006 0.41173605625 0.39812322187500004 0.40973704531250005 0.39355015 0.4038254109375 0.3907952140625 0.39479467343749997 0.3911897296875 0.388362209375 0.3895422953125 0.3732594828125 0.389961015625 0.357744784375 0.388469290625 0.3482295046875 0.3889653265625 0.32902924218749996 0.387996190625 0.32799345 0.3867156375 0.32760255625 0.3825544234375 0.325376484375 0.379276896875 0.3192377890625 0.37781750937499997 0.30956801875 0.3775971265625 0.30434104687499997 0.3791914515625 0.30302083281250003 0.3824631953125 0.30250458281250003 0.41177395937499994 0.302895478125 0.41593517343749997 0.304364315625 0.41687540156249997 0.3095339265625 0.41853782968750003 0.3182346109375 0.41896125 0.32526047343750003 0.41748921875 0.326977446875 0.41488313125 0.327380071875 0.41205323125 0.3296845796875 0.40982323593750003 0.3718221609375 0.41147772031249996 0.3869248890625 0.4110590015625
1 0.341616196875 0.54212838125 0.3310521796875 0.5465110578125 0.329433371875 0.5498335625 0.3278024125 0.5601471796874999 0.329104709375 0.56362774375 0.33719380625 0.570478140625 0.3396286625 0.5719825078125 0.344755453125 0.571444925 0.35747180312500004 0.5661278015625 0.3588020125 0.5638620390625 0.3599527984375 0.5513991703125 0.3541385 0.5453367234375001 0.3486067234375 0.5417130921875 0.341616196875 0.54212838125
0 0.5484384312499999 0.43511317812500006 0.5588495421874999 0.42350058125 0.5601656296875 0.42123481875 0.55932105 0.4174139296875 0.55662650625 0.41696630468749996 0.5510202671875 0.4186113890625 0.5272239828124999 0.438950140625 0.5245078359375 0.44075328437500005 0.5199849359375001 0.44142815312500006 0.5194666531250001 0.44378044218749996 0.5196406031249999 0.445741646875 0.5273738859375 0.454893571875 0.5357118625 0.45269013124999996 0.5374190578125 0.4498452390625 0.5410229906249999 0.4473614453125 0.5440030671875 0.446752328125 0.5494353578125 0.443146040625 0.5527693484375 0.44296377500000006 0.547280703125 0.43809535625 0.5484384312499999 0.43511317812500006
0 0.5244558687499999 0.4900821671875 0.5370707421875001 0.48270231875 0.56308629375 0.464533590625 0.565711078125 0.46024087187499996 0.5649065484375 0.4541692140625 0.5593403796875001 0.444850015625 0.5521873687500001 0.441104090625 0.545477665625 0.4417581859375 0.5097816453124999 0.464446875 0.5043010531250001 0.46609195937500003 0.49569139843750004 0.46265059375 0.4844815640625 0.46948707812499996 0.474934784375 0.4769742265625 0.4704194109375 0.48191182968749996 0.4701191578125 0.48521934062499994 0.47044401718750006 0.4878969609375 0.47331506562500003 0.49178938437499997 0.4767842328125 0.5007982421875 0.48109080468750004 0.5066368765625 0.4925503875 0.5162214359374999 0.4994817453125 0.51776735 0.52273881875 0.50092415625 0.5237673953125 0.49746436562499996 0.5230297078125 0.4928763 0.5244558687499999 0.4900821671875
0 0.5589127234375 0.3552103203125 0.5677881921875 0.36233529062500003 0.5764940421875 0.36749905625 0.579291096875 0.369907884375 0.5807896343750001 0.37333768906250003 0.5917111484375 0.37703863593750003 0.5964243734375 0.38129215781250003 0.5995723875000001 0.38063228125 0.603952240625 0.3774678375 0.60762669375 0.372204903125 0.6093124375000001 0.367109240625 0.6090246734375 0.3634256375 0.6059246515625001 0.3560884171875 0.6027614359375 0.35550350625 0.5930565578125 0.3480532046875 0.5859369875 0.3455520671875 0.5749335953125 0.33912274062500003 0.5577851140625001 0.32649368125 0.5491307359375 0.32156872187499996 0.5396680140625 0.3140676609375 0.5393287765625 0.3101452515625 0.541746846875 0.301401753125 0.5386257609375 0.296315303125 0.5362767500000001 0.2948109359375 0.5292753234375 0.2940321984375 0.5212959374999999 0.288716153125 0.51576264375 0.28887764374999997 0.506198075 0.30086633281249997 0.504043225 0.3073083015625 0.499127590625 0.31033545937499996 0.4972359609375 0.31447590000000003 0.49634335781249994 0.320902875 0.498495825 0.326192365625 0.504435028125 0.33143687499999996 0.5079012125 0.336950178125 0.511733559375 0.34063956093750003 0.5140884328124999 0.338648371875 0.519884946875 0.3361853515625 0.5223790328125 0.333665790625 0.5274794875000001 0.333844625 0.53243486875 0.3380473859375 0.5589127234375 0.3552103203125
1 0.63989240625 0.40849305625000004 0.6382697984375 0.404585640625 0.62967905625 0.398126328125 0.6241095234375 0.3972818375 0.608756834375 0.400957309375 0.5980076875 0.4069250984375 0.589145425 0.42623023125000004 0.5880845953125 0.43194079218750003 0.5928540531250001 0.4396898703125 0.605885946875 0.451220640625 0.612139375 0.451674046875 0.631856196875 0.44684609531249997 0.6389405125 0.4428844890625 0.6435772765625 0.4359349234375 0.646670865625 0.41957042031249997 0.6456278546875 0.41479430937500006 0.63989240625 0.40849305625000004
1 0.66712585625 0.370530021875 0.6608136874999999 0.364091484375 0.6542333890625 0.359954475 0.6440209203125 0.35806245312499996 0.6338179671875 0.36091077656250004 0.62466365 0.3685352125 0.620846753125 0.3758101109375 0.620356953125 0.38414753125 0.623807940625 0.3951683546875 0.6320565453125 0.402206796875 0.6398702078125 0.4060900078125 0.6475849765625 0.40600005 0.65468605 0.40428921406249996 0.66175615 0.40008880312499995 0.6649319203124999 0.39693935156250004 0.6693160515625001 0.3875509703125 0.6693494531249999 0.3783090859375 0.66712585625 0.370530021875
1 0.42070211406249997 0.5309867234375 0.40976782968750003 0.51852150625 0.4041488796875 0.5139426515625 0.387811421875 0.51432560625 0.38144412031249997 0.5168901453125 0.376617346875 0.52063371875 0.37323268125000003 0.5215831609375 0.369256203125 0.5303924125 0.36571258125 0.5423568953125 0.3653722015625 0.5466703875000001 0.37145482812499997 0.5568940484375 0.3801334765625 0.5660817421875 0.3838466359375 0.567809921875 0.38670355624999997 0.56796798125 0.3982047703125 0.5665882578125 0.413305315625 0.5617187578125 0.41782495 0.55304679375 0.42276444375000005 0.5345538140625 0.42070211406249997 0.5309867234375
0 0.5158836484375 0.40629374843750005 0.52093770625 0.40149343281250005 0.523268821875 0.39701266875 0.5294854953125 0.3917197484375 0.53629698125 0.38330736249999997 0.5459228859375 0.3820441515625 0.5486305796875001 0.3804798125 0.5549234875 0.38141083125 0.556246840625 0.3781390859375 0.55277074375 0.372625784375 0.54138043125 0.3610292609375 0.52681785625 0.348847828125 0.5153125468749999 0.3437648078125 0.51364310625 0.3466097 0.5140865515625 0.3510097203125 0.5127420734375 0.35653223437500003 0.5138049421875001 0.3637979203125 0.513246503125 0.36591140312500003 0.5037061984375 0.378138896875 0.4974379046875 0.3831930109375 0.48946380156249997 0.3920980015625 0.48468308593750004 0.3993371328125 0.48096763124999997 0.40211049218749995 0.47503954375 0.4110870140625 0.46237271562500004 0.42646395937500003 0.4623668375 0.42995951562499996 0.46747012187500003 0.4371294640625 0.4777916859375 0.4449558578125 0.48091233125 0.4453019625 0.49075646875 0.43800286093749996 0.49322719375 0.43299372500000005 0.495640421875 0.431241340625 0.50302559375 0.42196025937500004 0.5077488109375 0.417977878125 0.5158836484375 0.40629374843750005
0 0.43894663749999996 0.412303978125 0.43946513749999994 0.40645613125 0.43720852499999996 0.40317860625 0.42929375312499995 0.396328209375 0.42255828125 0.397221109375 0.41748382656249994 0.40101544375 0.41268580468750005 0.40724859375 0.40678557812499994 0.4119623828125 0.40438183125 0.4127087859375 0.3985611171875 0.4119150546875 0.395420584375 0.4128137359375 0.382945021875 0.42737274375 0.3846890796875 0.4330025578125 0.3923736765625 0.44114850156249996 0.403370834375 0.45035696875 0.41120256718750003 0.4544789859375 0.41355411093749994 0.453493778125 0.41847195781249996 0.4489830265625 0.4262230640625 0.4386452046875 0.42634883593749995 0.4368720453125 0.42357019375 0.43120646406249996 0.43894663749999996 0.412303978125
0 0.3945901328125 0.5044296265625 0.3934259515625 0.49668632968750004 0.3940350015625 0.4948116515625 0.3960108828125 0.49339959218749996 0.39805351718750004 0.49347112656250003 0.40631777343750003 0.48949452656250003 0.40952110468749997 0.48907345625 0.414582028125 0.485517928125 0.41749138124999996 0.48490881249999995 0.42033397812500006 0.48281610312499995 0.4260496171875 0.481120259375 0.43518059062500003 0.476463009375 0.44565730312499996 0.4745191484375 0.448217659375 0.4652472796875 0.4455050890625 0.4620712734375 0.4394311015625 0.4503640203125 0.4344849828125 0.44740604531250006 0.430105734375 0.4470749328125 0.42452947500000004 0.4482424046875 0.42187778906249995 0.45004555 0.4171682484375 0.45053237187499995 0.411483053125 0.454717790625 0.4083827890625 0.4556164734375 0.40569479062499997 0.45842559843749997 0.387747915625 0.46567737343750004 0.38428104531249996 0.468399971875 0.3800048625 0.46854647031249996 0.373264425 0.4619706453125 0.3709793421875 0.46194987187500003 0.3589905515625 0.4674550421875 0.3527900203125 0.46925240625000003 0.3453046375 0.47331553125000003 0.3441591625 0.475052921875 0.3443078921875 0.479264896875 0.3461385265625 0.4818767640625 0.3483392453125 0.4909006171875 0.3549800984375 0.5052347312500001 0.35899274531250003 0.5073897625 0.3634270125 0.5161955828125 0.3661243609375 0.5181268015625 0.369724740625 0.5183713875 0.39245378125 0.5086208265625001 0.3945901328125 0.5044296265625
1 0.58556123125 0.37452250625 0.576991646875 0.3770155109375 0.5714303875 0.3801441890625 0.5663835625 0.384416134375 0.5639306078125 0.39215365 0.563282421875 0.39627909687499996 0.5651811359375001 0.400135753125 0.570851996875 0.4057205890625 0.5778445046875 0.4090396625 0.596367953125 0.4067670375 0.5988835359375 0.40400867187499995 0.6001016203125 0.3895338390625 0.5992908234375001 0.38470696875 0.591774259375 0.37550428281250003 0.58556123125 0.37452250625
1 0.75497265625 0.66179676875 0.750876921875 0.6596417375 0.748903184375 0.6565522578125 0.747155384375 0.6556627875000001 0.7378939359375 0.6570632859375001 0.7275684953125 0.6606787859375001 0.7244877093750001 0.6643058484375 0.7201050109375 0.6749390171874999 0.7206991546875 0.678810665625 0.7288105 0.6886282484375 0.73648550625 0.6952906 0.7410606343749999 0.6960993234374999 0.7501798171875 0.695227196875 0.7578727953125 0.691402878125 0.762317640625 0.6857488593750001 0.7647516828125 0.6780113421875 0.762715796875 0.6699427124999999 0.75497265625 0.66179676875
0 0.7869987828125 0.7848947171875 0.785998540625 0.774372278125 0.7871097218750001 0.7701453125 0.7910478328125 0.76732119375 0.8103310171875 0.75952605625 0.8138886218750001 0.7572810671875 0.8272494703125 0.7524773203125 0.8493502656249999 0.7413446859375 0.8528354968749999 0.7411116609375 0.8686544671875 0.731298778125 0.8706807265625001 0.7266299671875001 0.866914228125 0.71968383125 0.8630391703125 0.7157556421875 0.85636751875 0.7129141796875 0.8527795765624999 0.71266959375 0.8466004625 0.71446695625 0.82526068125 0.72444133125 0.8186345375 0.72533423125 0.8148353234375 0.7276299796875 0.8075718953125 0.7279079828125 0.8057720749999999 0.7312812453124999 0.8031809046875 0.7333231953125 0.7959478140625 0.7360907734375 0.7920610578125 0.7391536984375 0.7801498609374999 0.7436528874999999 0.7710049203125 0.7445757734375 0.7644418296875 0.738716365625 0.7581810234375 0.7377853484375 0.7555326484375 0.7430840484375001 0.7523676828125 0.7457457375 0.73947791875 0.749452134375 0.7364187 0.7528403906250001 0.73600200625 0.754425503125 0.7387600359375 0.7660762171875 0.74582498125 0.78131479375 0.7504038484375 0.7873414734375 0.7550912750000001 0.7903502078125 0.75794854375 0.79424263125 0.7613975875000001 0.7950155890625 0.7828494015625 0.7902591703125 0.7857848921875 0.7886440718750001 0.7869987828125 0.7848947171875
0 0.5900885437500001 0.8501328593749999 0.5930096687499999 0.8519337953124999 0.593593396875 0.8546401781249999 0.5966499 0.8582430359375 0.6016449703125 0.8614398156249999 0.604728421875 0.859296346875 0.6074091640625 0.8599827781249999 0.6105441218750001 0.8580781140625 0.6136217046875 0.8594302015625 0.6149936968749999 0.8563972640624999 0.6185102796875 0.8539134703125001 0.6211910234375 0.8545999 0.6287790375 0.8592502874999999 0.6309025515625 0.8620502015625 0.6390934328125 0.8683214687499999 0.6455120015625 0.868724115625 0.6539932281249999 0.8669475265625 0.66561528125 0.859770715625 0.6697499484375 0.8601525890625 0.6770195734375 0.8586297984375 0.68142350625 0.853214584375 0.6824197359374999 0.8472652203125 0.6773205546875001 0.8236234687499999 0.6706831296875 0.809289353125 0.665400096875 0.8024089703125 0.6618530859375 0.802403190625 0.6512424765625 0.804875421875 0.6448543359375 0.80696235 0.64346713125 0.8087505015625001 0.6396321578124999 0.8050611171875 0.64103109375 0.7962818515625 0.6389860328125 0.7879744171875 0.6331668515625 0.7809567484375 0.632151928125 0.777425425 0.6299769078125 0.7743867046874999 0.627714084375 0.7721151609375 0.621610425 0.769649790625 0.614258865625 0.7684442015624999 0.6028182796875 0.7705911000000001 0.5976932515625 0.7726630359375 0.5897938125 0.7783112734375 0.5837392718750001 0.7878161671874999 0.581077225 0.7966104265625 0.5806323578125 0.8039418656249999 0.5816109875000001 0.8084791703124999 0.587227621875 0.82277751875 0.5908413546875 0.82426689375 0.59966791875 0.8229171546874999 0.5988566375000001 0.8320725124999999 0.5972423250000001 0.8351562109374999 0.5953552656250001 0.83580109375 0.5912814531249999 0.840398371875 0.587785946875 0.8406313953125 0.5847598703125 0.8395181140625001 0.5763453625 0.8427782953125 0.5747099718750001 0.8481127640624999 0.5766730984375 0.85369181875 0.57647641875 0.857476940625 0.579249634375 0.8597663671875001 0.581017275 0.8632648140624999 0.582889121875 0.8613751437499999 0.587581015625 0.8596435328125 0.588380565625 0.857479290625 0.5895406624999999 0.8569866859375 0.5889951671875 0.85210905625 0.5900885437500001 0.8501328593749999
1 0.6356404796875 0.34102994375 0.6382916703125 0.3285013234375 0.6384387734375 0.3244773953125 0.6367686421875 0.31683561718750003 0.6322563859375 0.310280565625 0.618262890625 0.301442409375 0.605813784375 0.302019190625 0.5951664984375 0.3049690328125 0.588702903125 0.31179630625 0.586048184375 0.316089025 0.5815678703125 0.33199090937500003 0.581488375 0.33749843125 0.5816235890625 0.3404656171875 0.5837753343750001 0.34326553125000003 0.5873540859374999 0.34202652499999997 0.5909055328124999 0.34653384531250003 0.6059179734375 0.3541629796875 0.6106508859375 0.3546821390625 0.6174216859375 0.35278325625 0.628142525 0.34782145 0.6330225390625001 0.34431668125 0.6356404796875 0.34102994375
1 0.46806715624999995 0.455425184375 0.4634845171875 0.4571060359375 0.4574792296875 0.45707948125 0.44954611875 0.45894259687499994 0.44747482187500004 0.4613606375 0.44483567500000004 0.46239660625 0.44403750937500003 0.47054598125 0.4456445953125 0.4789549359375 0.44967863750000003 0.4853727 0.4545204734375 0.48838143437500003 0.4646406015625 0.48931823281250003 0.46952585625000004 0.487825428125 0.47244232343750003 0.4809923734375 0.47712143124999995 0.47504878906250003 0.48027179531249997 0.4669201875 0.4774108328125 0.46226058906249995 0.46806715624999995 0.455425184375
0 0.6308444828125 0.8618113968750001 0.6395682953125 0.8682199484374999 0.645397059375 0.8682465046875001 0.6519887984375 0.8671147984375001 0.65719970625 0.8642756859375 0.6653326015625 0.8620722453124999 0.6780316156249999 0.859910353125 0.6828973171875 0.8566443890625 0.68420210625 0.8521278578124999 0.6828692843749999 0.84242335625 0.6770090093750001 0.8199398656250001 0.6715793234375 0.808847509375 0.66493261875 0.8015045078125 0.6379571562499999 0.8079060109375 0.6353803765625 0.807697190625 0.627592690625 0.8103274828125 0.6218516937499999 0.8095337515625 0.6203164 0.8071099281249999 0.62001681875 0.810417440625 0.616537809375 0.8118952515625001 0.6020834390625 0.829400671875 0.5922034359375 0.831720625 0.5760195515625 0.8388558875 0.5743543468750001 0.8417007796875 0.5737247625 0.8458262265625001 0.5743004734375 0.8531934328125 0.57725635625 0.86455458125 0.5813169406250001 0.8669484171875 0.5855530578125 0.8678079015625 0.5975768640625 0.8660370937499999 0.6119048031250001 0.8620362890625 0.6142908375 0.862534675 0.6255575343750001 0.8584265703125 0.6297058843750001 0.86005323125 0.6308444828125 0.8618113968750001
1 0.45020001406250004 0.49418773125 0.44658213125 0.49317596874999997 0.4319923421875 0.49564242031249994 0.42940468281250005 0.49691719375 0.42625846562499997 0.5015502374999999 0.42619934062500003 0.5048069890625 0.424482671875 0.5076518812499999 0.42417383124999997 0.5109593921875 0.42537897343750003 0.5152071328125001 0.432958528125 0.524648625 0.4370384484375 0.52656485 0.44149596718749995 0.5266571578125 0.4514846765625 0.5246267703124999 0.45560804375 0.52204145625 0.45953118281250005 0.5115098062500001 0.4599305046875 0.5074351187499999 0.4575515765625 0.5014292140625 0.45020001406250004 0.49418773125
1 0.6496247546875 0.630554409375 0.6577893796875001 0.6096283953125 0.661066028125 0.598959459375 0.6625190734374999 0.590419 0.6599179937499999 0.580729490625 0.656974446875 0.5788490328125 0.6510263921874999 0.570108965625 0.64171611875 0.5610735515624999 0.6364752124999999 0.5544319734375 0.630433321875 0.5499546390625001 0.62828488125 0.5494054953124999 0.581763809375 0.5583841796875 0.577661571875 0.5652322265625 0.56823505625 0.5944091328125001 0.5680743828125 0.5971882734375 0.5664935343749999 0.599265990625 0.5664876578125 0.6027615468749999 0.5680567515625 0.6076749453125 0.5852360062499999 0.62729511875 0.5999115015625 0.6411989515625 0.6056649140625 0.6419926828125 0.610850734375 0.640159553125 0.6299920515624999 0.63715551875 0.6350230734375 0.634605971875 0.6441082203125 0.633205475 0.6496247546875 0.630554409375