1 0.607177734375 0.580322265625 0.6240234375 0.59814453125 0.62744140625 0.600830078125 0.632080078125 0.60107421875 0.646728515625 0.59814453125 0.655517578125 0.59521484375 0.662353515625 0.590087890625 0.6669921875 0.58349609375 0.670166015625 0.571044921875 0.67041015625 0.56396484375 0.6630859375 0.5537109375 0.654296875 0.545166015625 0.646484375 0.54150390625 0.63916015625 0.54150390625 0.6201171875 0.545166015625 0.615966796875 0.547607421875 0.614013671875 0.551513671875 0.611083984375 0.5634765625 0.60693359375 0.571533203125 0.606201171875 0.578125 0.607177734375 0.580322265625
1 0.47607421875 0.60693359375 0.478759765625 0.609375 0.482421875 0.615966796875 0.48779296875 0.617919921875 0.501708984375 0.617431640625 0.5029296875 0.61669921875 0.505615234375 0.614013671875 0.51220703125 0.60107421875 0.510986328125 0.59521484375 0.505615234375 0.587158203125 0.502197265625 0.58349609375 0.497802734375 0.582275390625 0.486083984375 0.5830078125 0.482666015625 0.584228515625 0.475341796875 0.597900390625 0.474853515625 0.601318359375 0.47607421875 0.60693359375
0 0.60791015625 0.384521484375 0.618408203125 0.38916015625 0.622314453125 0.388916015625 0.62548828125 0.386962890625 0.633544921875 0.372802734375 0.635986328125 0.365966796875 0.6572265625 0.32763671875 0.66064453125 0.324462890625 0.666015625 0.32275390625 0.668701171875 0.32080078125 0.677490234375 0.307861328125 0.6787109375 0.298828125 0.677490234375 0.295166015625 0.67236328125 0.289794921875 0.665283203125 0.287353515625 0.660888671875 0.284423828125 0.654052734375 0.28173828125 0.650390625 0.281494140625 0.64697265625 0.28271484375 0.642822265625 0.286376953125 0.63818359375 0.294189453125 0.635009765625 0.302978515625 0.634521484375 0.305419921875 0.6357421875 0.310302734375 0.63427734375 0.319580078125 0.60791015625 0.368408203125 0.60546875 0.375 0.605224609375 0.38134765625 0.60791015625 0.384521484375
0 0.48681640625 0.27099609375 0.4892578125 0.276611328125 0.492919921875 0.280517578125 0.514892578125 0.287353515625 0.5322265625 0.291259765625 0.53662109375 0.294677734375 0.538330078125 0.30224609375 0.540771484375 0.30615234375 0.564453125 0.314697265625 0.568603515625 0.314697265625 0.571044921875 0.3134765625 0.576416015625 0.30859375 0.578857421875 0.304931640625 0.580322265625 0.29638671875 0.584716796875 0.28759765625 0.586669921875 0.275634765625 0.586181640625 0.267822265625 0.583984375 0.26416015625 0.57275390625 0.26171875 0.56591796875 0.25830078125 0.555419921875 0.256591796875 0.552734375 0.257080078125 0.54443359375 0.264404296875 0.532958984375 0.259521484375 0.52734375 0.259033203125 0.513427734375 0.25390625 0.498779296875 0.2509765625 0.493896484375 0.25146484375 0.489501953125 0.255126953125 0.48681640625 0.26416015625 0.48681640625 0.27099609375
0 0.39404296875 0.43994140625 0.409423828125 0.45947265625 0.41943359375 0.474609375 0.418212890625 0.47998046875 0.41845703125 0.486328125 0.425048828125 0.495849609375 0.42724609375 0.5009765625 0.432861328125 0.507080078125 0.435546875 0.51318359375 0.443603515625 0.513671875 0.453369140625 0.51025390625 0.46533203125 0.501220703125 0.468017578125 0.498291015625 0.470947265625 0.492431640625 0.476806640625 0.48681640625 0.477783203125 0.477783203125 0.474853515625 0.4716796875 0.45947265625 0.454345703125 0.455322265625 0.452880859375 0.4462890625 0.453369140625 0.43798828125 0.444091796875 0.42431640625 0.42529296875 0.41552734375 0.416259765625 0.4091796875 0.4150390625 0.402587890625 0.416259765625 0.396484375 0.4208984375 0.3916015625 0.42822265625 0.391357421875 0.43408203125 0.39404296875 0.43994140625
1 0.626220703125 0.396240234375 0.63037109375 0.40234375 0.634521484375 0.405517578125 0.64404296875 0.40576171875 0.649658203125 0.40478515625 0.65869140625 0.398193359375 0.661865234375 0.38916015625 0.662109375 0.3837890625 0.660400390625 0.37841796875 0.65478515625 0.372314453125 0.646728515625 0.370361328125 0.64208984375 0.37060546875 0.636474609375 0.371826171875 0.633056640625 0.3740234375 0.625244140625 0.386962890625 0.625 0.390625 0.626220703125 0.396240234375
1 0.71044921875 0.476318359375 0.724365234375 0.481689453125 0.728271484375 0.48193359375 0.732177734375 0.483642578125 0.742919921875 0.47705078125 0.747314453125 0.471923828125 0.74853515625 0.46875 0.748779296875 0.462646484375 0.745849609375 0.45458984375 0.741455078125 0.450439453125 0.736328125 0.4482421875 0.72314453125 0.44775390625 0.715576171875 0.452880859375 0.708740234375 0.46044921875 0.7080078125 0.465576171875 0.71044921875 0.476318359375
0 0.4765625 0.322509765625 0.482421875 0.3525390625 0.48193359375 0.357666015625 0.47802734375 0.360595703125 0.473388671875 0.366455078125 0.472412109375 0.370849609375 0.472900390625 0.375244140625 0.47998046875 0.384765625 0.482177734375 0.392822265625 0.486328125 0.396484375 0.498046875 0.3984375 0.505859375 0.397216796875 0.513427734375 0.394775390625 0.517333984375 0.39306640625 0.521240234375 0.3896484375 0.5224609375 0.38720703125 0.524658203125 0.381103515625 0.52587890625 0.36083984375 0.521240234375 0.3544921875 0.50927734375 0.351318359375 0.50634765625 0.348876953125 0.50341796875 0.338134765625 0.501953125 0.327392578125 0.499267578125 0.31982421875 0.49853515625 0.314208984375 0.495849609375 0.30810546875 0.494384765625 0.298828125 0.491943359375 0.29150390625 0.492431640625 0.28466796875 0.490234375 0.2783203125 0.4853515625 0.273193359375 0.47802734375 0.271728515625 0.470703125 0.27880859375 0.4697265625 0.281494140625 0.47021484375 0.29638671875 0.4765625 0.322509765625
1 0.54638671875 0.492431640625 0.54931640625 0.504150390625 0.552978515625 0.50732421875 0.568603515625 0.51171875 0.594482421875 0.51611328125 0.59912109375 0.514404296875 0.606689453125 0.506591796875 0.610595703125 0.500732421875 0.619873046875 0.4921875 0.626953125 0.48095703125 0.61572265625 0.447509765625 0.611328125 0.440185546875 0.583984375 0.433837890625 0.573486328125 0.432373046875 0.568115234375 0.432373046875 0.5654296875 0.433837890625 0.560546875 0.43701171875 0.544189453125 0.45458984375 0.5380859375 0.46337890625 0.5390625 0.474609375 0.54638671875 0.492431640625
0 0.6689453125 0.580810546875 0.670166015625 0.583740234375 0.68896484375 0.59130859375 0.693115234375 0.5908203125 0.69677734375 0.589111328125 0.701171875 0.580322265625 0.70458984375 0.56591796875 0.707763671875 0.56005859375 0.71337890625 0.542724609375 0.717529296875 0.53369140625 0.71923828125 0.525146484375 0.728759765625 0.5068359375 0.744873046875 0.498291015625 0.746337890625 0.49560546875 0.740234375 0.4912109375 0.736328125 0.48974609375 0.733642578125 0.486328125 0.726806640625 0.480712890625 0.69384765625 0.476318359375 0.689208984375 0.476318359375 0.686767578125 0.4775390625 0.686279296875 0.480712890625 0.6875 0.487060546875 0.693359375 0.496826171875 0.688232421875 0.5107421875 0.68408203125 0.5263671875 0.6728515625 0.556884765625 0.6708984375 0.56591796875 0.6689453125 0.5771484375 0.6689453125 0.580810546875
0 0.40283203125 0.53662109375 0.40478515625 0.53955078125 0.408447265625 0.5419921875 0.41064453125 0.542236328125 0.420166015625 0.541748046875 0.501708984375 0.528076171875 0.506103515625 0.52978515625 0.509521484375 0.538818359375 0.513671875 0.54150390625 0.522705078125 0.537109375 0.532958984375 0.53369140625 0.536376953125 0.530517578125 0.533203125 0.50048828125 0.529541015625 0.4892578125 0.523193359375 0.48779296875 0.513671875 0.48828125 0.505615234375 0.487548828125 0.501953125 0.4921875 0.50244140625 0.496337890625 0.5009765625 0.50146484375 0.497802734375 0.503662109375 0.478515625 0.508056640625 0.449951171875 0.511474609375 0.430908203125 0.5166015625 0.41162109375 0.518798828125 0.404541015625 0.521728515625 0.40234375 0.525390625 0.40185546875 0.533447265625 0.40283203125 0.53662109375
1 0.388427734375 0.619140625 0.396240234375 0.627685546875 0.407958984375 0.63623046875 0.415283203125 0.63623046875 0.439697265625 0.629638671875 0.440673828125 0.628662109375 0.444091796875 0.618896484375 0.444580078125 0.61328125 0.447265625 0.60400390625 0.446533203125 0.5986328125 0.43896484375 0.588623046875 0.4248046875 0.576904296875 0.42236328125 0.576416015625 0.40869140625 0.58056640625 0.395751953125 0.586669921875 0.391845703125 0.59326171875 0.388427734375 0.604736328125 0.387451171875 0.61181640625 0.38720703125 0.615966796875 0.388427734375 0.619140625
0 0.41552734375 0.70458984375 0.437744140625 0.71142578125 0.45458984375 0.71533203125 0.4619140625 0.71484375 0.466796875 0.712158203125 0.472900390625 0.692138671875 0.474365234375 0.68310546875 0.4664714359375 0.6754558109375 0.465576171875 0.67138671875 0.470703125 0.656982421875 0.472412109375 0.64501953125 0.476318359375 0.633544921875 0.478759765625 0.6181640625 0.485107421875 0.61572265625 0.4814453125 0.61328125 0.474365234375 0.603515625 0.47021484375 0.604248046875 0.458740234375 0.60205078125 0.450439453125 0.603759765625 0.446533203125 0.607421875 0.444091796875 0.612548828125 0.44140625 0.6240234375 0.439453125 0.62744140625 0.438232421875 0.64501953125 0.434814453125 0.653564453125 0.43359375 0.660888671875 0.431396484375 0.66455078125 0.419921875 0.66845703125 0.412109375 0.6953125 0.412109375 0.700927734375 0.41552734375 0.70458984375
0 0.522216796875 0.641845703125 0.52783203125 0.6455078125 0.53125 0.645751953125 0.537841796875 0.64404296875 0.54443359375 0.640869140625 0.548583984375 0.640869140625 0.5498046875 0.63818359375 0.55615234375 0.63623046875 0.564453125 0.637939453125 0.5810546875 0.62939453125 0.585205078125 0.626220703125 0.58642578125 0.6240234375 0.583984375 0.61572265625 0.579833984375 0.60693359375 0.569091796875 0.59228515625 0.564208984375 0.5888671875 0.560791015625 0.589111328125 0.549560546875 0.596435546875 0.544921875 0.598388671875 0.5419921875 0.60107421875 0.541259765625 0.603759765625 0.541748046875 0.607421875 0.539794921875 0.611572265625 0.521484375 0.623779296875 0.519775390625 0.62744140625 0.51953125 0.63330078125 0.522216796875 0.641845703125
1 0.314453125 0.548095703125 0.31787109375 0.5546875 0.322265625 0.559814453125 0.33349609375 0.56494140625 0.345458984375 0.56494140625 0.353515625 0.561767578125 0.361328125 0.555419921875 0.365478515625 0.548095703125 0.36669921875 0.54296875 0.36669921875 0.536376953125 0.365234375 0.529296875 0.361328125 0.520751953125 0.35546875 0.51611328125 0.34619140625 0.5126953125 0.33544921875 0.512939453125 0.322265625 0.519775390625 0.31982421875 0.52197265625 0.31640625 0.527587890625 0.314208984375 0.53515625 0.313720703125 0.54248046875 0.314453125 0.548095703125
0 0.587158203125 0.542724609375 0.60205078125 0.553466796875 0.603271484375 0.55419921875 0.607177734375 0.5537109375 0.612060546875 0.5517578125 0.615966796875 0.548095703125 0.62158203125 0.537841796875 0.632568359375 0.52734375 0.634033203125 0.524658203125 0.6586101078125 0.4978840328125 0.664306640625 0.4931640625 0.669189453125 0.4912109375 0.68798828125 0.48828125 0.68896484375 0.487060546875 0.68798828125 0.480224609375 0.67578125 0.468994140625 0.673583984375 0.4677734375 0.669677734375 0.468994140625 0.667236328125 0.467529296875 0.66552734375 0.46044921875 0.65966796875 0.454345703125 0.6533203125 0.45166015625 0.646484375 0.447021484375 0.642578125 0.44580078125 0.640625 0.4482421875 0.641357421875 0.456787109375 0.640380859375 0.466796875 0.636962890625 0.4736328125 0.6220703125 0.48974609375 0.621337890625 0.49169921875 0.616455078125 0.49560546875 0.615234375 0.498046875 0.61279296875 0.49951171875 0.603271484375 0.510009765625 0.60205078125 0.512939453125 0.59716796875 0.517578125 0.58447265625 0.5341796875 0.584228515625 0.538818359375 0.587158203125 0.542724609375
1 0.650146484375 0.42431640625 0.65771484375 0.43017578125 0.663330078125 0.43115234375 0.673583984375 0.427734375 0.678955078125 0.422119140625 0.68115234375 0.416748046875 0.681884765625 0.407470703125 0.677490234375 0.401611328125 0.670166015625 0.397216796875 0.6650390625 0.39697265625 0.657470703125 0.39892578125 0.65380859375 0.400634765625 0.652099609375 0.402587890625 0.649658203125 0.41015625 0.648681640625 0.417236328125 0.6484375 0.422119140625 0.650146484375 0.42431640625
1 0.686279296875 0.427734375 0.6884765625 0.43212890625 0.701171875 0.439453125 0.712646484375 0.44384765625 0.717041015625 0.44384765625 0.724609375 0.440185546875 0.730224609375 0.433837890625 0.73974609375 0.426513671875 0.744140625 0.422119140625 0.747314453125 0.41162109375 0.74658203125 0.40234375 0.744140625 0.395263671875 0.740966796875 0.391357421875 0.73388671875 0.386962890625 0.7197265625 0.3828125 0.712646484375 0.383056640625 0.703857421875 0.38671875 0.689208984375 0.39794921875 0.68408203125 0.40478515625 0.68359375 0.414306640625 0.686279296875 0.427734375
0 0.45068359375 0.7529296875 0.452880859375 0.7734375 0.449951171875 0.78271484375 0.451171875 0.784423828125 0.453857421875 0.784912109375 0.4677734375 0.78271484375 0.469482421875 0.779541015625 0.469482421875 0.776611328125 0.46484375 0.768310546875 0.457275390625 0.7353515625 0.455078125 0.729248046875 0.451904296875 0.725341796875 0.450439453125 0.72509765625 0.4482421875 0.728271484375 0.447265625 0.73583984375 0.45068359375 0.7529296875
1 0.451171875 0.56884765625 0.45361328125 0.572998046875 0.457275390625 0.57470703125 0.470703125 0.5771484375 0.47509765625 0.574462890625 0.484619140625 0.562744140625 0.48291015625 0.5537109375 0.48046875 0.547607421875 0.478515625 0.54443359375 0.474609375 0.54248046875 0.466552734375 0.54052734375 0.459228515625 0.541259765625 0.451171875 0.54833984375 0.448486328125 0.55322265625 0.4482421875 0.55908203125 0.451171875 0.56884765625