0 0.321533203125 0.615478515625 0.32373046875 0.616455078125 0.3408203125 0.633544921875 0.349365234375 0.63671875 0.353271484375 0.635498046875 0.3662109375 0.62548828125 0.368896484375 0.621337890625 0.368896484375 0.6181640625 0.365966796875 0.613037109375 0.3671875 0.607666015625 0.43798828125 0.536376953125 0.440185546875 0.52880859375 0.439208984375 0.524658203125 0.430908203125 0.516845703125 0.42724609375 0.516357421875 0.420166015625 0.518798828125 0.39599609375 0.542236328125 0.392578125 0.546875 0.384765625 0.553466796875 0.357421875 0.5810546875 0.34912109375 0.587890625 0.346435546875 0.58984375 0.34326171875 0.590087890625 0.333984375 0.584228515625 0.329833984375 0.584716796875 0.327880859375 0.58642578125 0.325439453125 0.593017578125 0.31591796875 0.603515625 0.316162109375 0.6064453125 0.321533203125 0.615478515625
1 0.6357421875 0.422119140625 0.644287109375 0.428466796875 0.646240234375 0.430908203125 0.652099609375 0.43408203125 0.657470703125 0.435546875 0.666015625 0.431884765625 0.68115234375 0.42138671875 0.683837890625 0.41650390625 0.686767578125 0.41357421875 0.689453125 0.405029296875 0.688720703125 0.39306640625 0.684814453125 0.384033203125 0.681396484375 0.380126953125 0.673828125 0.37548828125 0.662353515625 0.37158203125 0.654052734375 0.371337890625 0.634521484375 0.38330078125 0.630615234375 0.3876953125 0.628173828125 0.39697265625 0.630615234375 0.4208984375 0.6357421875 0.422119140625
0 0.840576171875 0.55126953125 0.85302734375 0.560546875 0.85791015625 0.56298828125 0.86376953125 0.56396484375 0.874267578125 0.56787109375 0.883544921875 0.568115234375 0.89013671875 0.56591796875 0.892822265625 0.5634765625 0.89404296875 0.56005859375 0.89306640625 0.548828125 0.888916015625 0.53955078125 0.890380859375 0.53515625 0.892578125 0.5341796875 0.896240234375 0.529052734375 0.927490234375 0.48291015625 0.9296875 0.475830078125 0.927734375 0.4658203125 0.92041015625 0.461181640625 0.911865234375 0.458740234375 0.904541015625 0.45947265625 0.899658203125 0.4619140625 0.8876953125 0.471923828125 0.8779296875 0.488525390625 0.874755859375 0.491943359375 0.87158203125 0.497802734375 0.86572265625 0.50439453125 0.861572265625 0.511962890625 0.857421875 0.5146484375 0.85546875 0.520263671875 0.837890625 0.524658203125 0.833740234375 0.528076171875 0.83203125 0.531494140625 0.83203125 0.54248046875 0.840576171875 0.55126953125
1 0.706787109375 0.471923828125 0.710693359375 0.475830078125 0.71630859375 0.484375 0.71875 0.486083984375 0.720458984375 0.489501953125 0.724365234375 0.4931640625 0.732177734375 0.493896484375 0.752197265625 0.490966796875 0.756103515625 0.489990234375 0.760498046875 0.4873046875 0.767822265625 0.480712890625 0.771240234375 0.4755859375 0.775390625 0.463134765625 0.775390625 0.458740234375 0.771484375 0.448486328125 0.760009765625 0.4365234375 0.754150390625 0.433837890625 0.74365234375 0.432861328125 0.735595703125 0.433837890625 0.724853515625 0.43701171875 0.716552734375 0.44189453125 0.7138671875 0.44580078125 0.71142578125 0.453125 0.708984375 0.4560546875 0.706787109375 0.464111328125 0.7060546875 0.46826171875 0.706787109375 0.471923828125
1 0.294677734375 0.509521484375 0.30078125 0.518798828125 0.3095703125 0.524658203125 0.3173828125 0.5263671875 0.330078125 0.525146484375 0.337646484375 0.521240234375 0.34619140625 0.51220703125 0.349365234375 0.501708984375 0.347900390625 0.490966796875 0.345703125 0.48583984375 0.337646484375 0.47705078125 0.330078125 0.474609375 0.310546875 0.47265625 0.302490234375 0.47900390625 0.294677734375 0.4873046875 0.294189453125 0.489013671875 0.29345703125 0.504638671875 0.294677734375 0.509521484375
1 0.606201171875 0.43408203125 0.6064453125 0.43603515625 0.6064453125 0.4404296875 0.604248046875 0.451416015625 0.60595703125 0.453857421875 0.61474609375 0.457763671875 0.619384765625 0.457763671875 0.630615234375 0.450439453125 0.634521484375 0.445556640625 0.63525390625 0.44140625 0.634521484375 0.427978515625 0.630126953125 0.423583984375 0.624267578125 0.421142578125 0.614990234375 0.420166015625 0.609130859375 0.4228515625 0.60400390625 0.4287109375 0.603759765625 0.43115234375 0.606201171875 0.43408203125
1 0.5595703125 0.3515625 0.562255859375 0.35400390625 0.566650390625 0.36328125 0.57421875 0.375244140625 0.579833984375 0.38037109375 0.591552734375 0.38134765625 0.612548828125 0.38134765625 0.618896484375 0.38037109375 0.622802734375 0.378662109375 0.626953125 0.375 0.64111328125 0.3525390625 0.642578125 0.3446044921875 0.645751953125 0.33740234375 0.643798828125 0.334228515625 0.641845703125 0.32568359375 0.638427734375 0.31982421875 0.63232421875 0.31103515625 0.626708984375 0.30517578125 0.619140625 0.301025390625 0.60546875 0.299072265625 0.587646484375 0.30078125 0.583984375 0.3017578125 0.577392578125 0.3056640625 0.5634765625 0.325439453125 0.557861328125 0.3369140625 0.55712890625 0.34130859375 0.5595703125 0.3515625
1 0.450439453125 0.540283203125 0.453857421875 0.54443359375 0.455322265625 0.54833984375 0.466552734375 0.55126953125 0.473388671875 0.55029296875 0.4765625 0.54833984375 0.482666015625 0.53955078125 0.484619140625 0.53369140625 0.482421875 0.52490234375 0.476806640625 0.5166015625 0.470458984375 0.51416015625 0.458740234375 0.514892578125 0.454345703125 0.51806640625 0.450439453125 0.5234375 0.44677734375 0.53125 0.450439453125 0.540283203125
1 0.641357421875 0.35791015625 0.64306640625 0.360595703125 0.643798828125 0.3681640625 0.646484375 0.372802734375 0.6689453125 0.372314453125 0.67529296875 0.3662109375 0.677734375 0.360107421875 0.677490234375 0.3505859375 0.67578125 0.3466796875 0.670166015625 0.34228515625 0.662109375 0.339111328125 0.657470703125 0.339599609375 0.6484375 0.34375 0.643798828125 0.348876953125 0.641357421875 0.354736328125 0.641357421875 0.35791015625
1 0.65283203125 0.49853515625 0.6611328125 0.5048828125 0.670166015625 0.50439453125 0.67724609375 0.501953125 0.681396484375 0.497802734375 0.684814453125 0.48974609375 0.68505859375 0.483642578125 0.681640625 0.4775390625 0.67724609375 0.47314453125 0.673828125 0.47119140625 0.66943359375 0.470947265625 0.663818359375 0.471923828125 0.656982421875 0.474609375 0.653564453125 0.477783203125 0.650146484375 0.487060546875 0.64892578125 0.49267578125 0.65283203125 0.49853515625
0 0.42724609375 0.50146484375 0.42919921875 0.51025390625 0.435302734375 0.5166015625 0.437744140625 0.51513671875 0.451171875 0.512939453125 0.45947265625 0.512939453125 0.466796875 0.511474609375 0.470703125 0.50927734375 0.49365234375 0.505859375 0.501953125 0.51513671875 0.509033203125 0.515625 0.532958984375 0.51171875 0.537109375 0.50732421875 0.529296875 0.46337890625 0.526123046875 0.45751953125 0.521728515625 0.455322265625 0.5087890625 0.45703125 0.49462890625 0.460205078125 0.491455078125 0.463134765625 0.48876953125 0.471435546875 0.48583984375 0.471923828125 0.48193359375 0.474365234375 0.477783203125 0.474853515625 0.470458984375 0.4775390625 0.4638671875 0.477783203125 0.455078125 0.480224609375 0.43505859375 0.48291015625 0.428955078125 0.4853515625 0.427490234375 0.48681640625 0.42578125 0.49169921875 0.425537109375 0.49853515625 0.42724609375 0.50146484375
0 0.570068359375 0.61279296875 0.57568359375 0.615478515625 0.607421875 0.6240234375 0.6171875 0.62890625 0.618896484375 0.62890625 0.61962890625 0.627685546875 0.623046875 0.615966796875 0.622802734375 0.61181640625 0.62158203125 0.611083984375 0.61865234375 0.61083984375 0.61376953125 0.612548828125 0.581787109375 0.60498046875 0.579833984375 0.601318359375 0.56884765625 0.60693359375 0.5673828125 0.60888671875 0.567138671875 0.60986328125 0.570068359375 0.61279296875
0 0.443359375 0.28271484375 0.446533203125 0.284423828125 0.5107421875 0.293212890625 0.534423828125 0.29541015625 0.536865234375 0.2978515625 0.5380859375 0.3076171875 0.541015625 0.3125 0.544921875 0.312744140625 0.550048828125 0.31005859375 0.5546875 0.30908203125 0.564453125 0.30908203125 0.569580078125 0.30517578125 0.5703125 0.297119140625 0.569580078125 0.28173828125 0.5712890625 0.26708984375 0.568115234375 0.263916015625 0.55517578125 0.2607421875 0.552490234375 0.2578125 0.548828125 0.257568359375 0.5478515625 0.25830078125 0.544921875 0.263671875 0.543212890625 0.26953125 0.541015625 0.27197265625 0.451904296875 0.260986328125 0.443359375 0.26220703125 0.441162109375 0.2666015625 0.44189453125 0.279052734375 0.443359375 0.28271484375
0 0.55322265625 0.45361328125 0.55419921875 0.45458984375 0.553955078125 0.45751953125 0.5439453125 0.49169921875 0.539306640625 0.50439453125 0.537109375 0.507568359375 0.5361328125 0.51904296875 0.536865234375 0.521728515625 0.538818359375 0.523193359375 0.560791015625 0.529296875 0.564208984375 0.52734375 0.56884765625 0.521240234375 0.57568359375 0.50146484375 0.57568359375 0.498291015625 0.57861328125 0.48974609375 0.583251953125 0.47802734375 0.585693359375 0.47509765625 0.587646484375 0.468017578125 0.59130859375 0.465576171875 0.595947265625 0.466064453125 0.599365234375 0.46435546875 0.600830078125 0.4619140625 0.605224609375 0.449462890625 0.607666015625 0.43603515625 0.607177734375 0.434326171875 0.599853515625 0.42822265625 0.59130859375 0.42724609375 0.568603515625 0.41845703125 0.56005859375 0.417724609375 0.556640625 0.419189453125 0.55419921875 0.422607421875 0.54736328125 0.4453125 0.5478515625 0.451416015625 0.55322265625 0.45361328125
1 0.58984375 0.497314453125 0.591552734375 0.49951171875 0.59619140625 0.501708984375 0.60693359375 0.50439453125 0.611083984375 0.503173828125 0.61865234375 0.49658203125 0.623046875 0.49072265625 0.62353515625 0.482666015625 0.622802734375 0.47802734375 0.61962890625 0.472412109375 0.6142578125 0.46875 0.6044921875 0.466552734375 0.599609375 0.467041015625 0.59423828125 0.470703125 0.586669921875 0.47900390625 0.586181640625 0.480712890625 0.58984375 0.497314453125
0 0.266845703125 0.4541015625 0.267333984375 0.46875 0.271484375 0.473876953125 0.279052734375 0.47607421875 0.298583984375 0.479248046875 0.302734375 0.478271484375 0.3076171875 0.472412109375 0.31201171875 0.47119140625 0.323974609375 0.471923828125 0.337646484375 0.474853515625 0.34619140625 0.474609375 0.368896484375 0.47802734375 0.373046875 0.477294921875 0.377197265625 0.474609375 0.37939453125 0.46630859375 0.38037109375 0.451416015625 0.376953125 0.447265625 0.361083984375 0.4443359375 0.357177734375 0.442626953125 0.31982421875 0.437744140625 0.31298828125 0.43505859375 0.311279296875 0.4326171875 0.31005859375 0.4248046875 0.3037109375 0.42236328125 0.2841796875 0.419189453125 0.279052734375 0.419189453125 0.275390625 0.421142578125 0.27294921875 0.425048828125 0.271484375 0.430908203125 0.269287109375 0.44677734375 0.266845703125 0.4541015625
0 0.48291015625 0.7265625 0.486328125 0.728515625 0.517333984375 0.735107421875 0.521240234375 0.734619140625 0.525390625 0.732421875 0.528076171875 0.724365234375 0.5302734375 0.70654296875 0.529052734375 0.703857421875 0.5234375 0.70068359375 0.5224609375 0.698486328125 0.525634765625 0.6748046875 0.5244140625 0.66845703125 0.522216796875 0.666015625 0.51806640625 0.664306640625 0.50927734375 0.663330078125 0.505615234375 0.663818359375 0.50146484375 0.667236328125 0.498779296875 0.674560546875 0.49609375 0.693359375 0.494140625 0.6953125 0.48974609375 0.695556640625 0.48583984375 0.697509765625 0.482421875 0.712646484375 0.481689453125 0.7236328125 0.48291015625 0.7265625
1 0.43115234375 0.597900390625 0.435546875 0.602783203125 0.443359375 0.60888671875 0.447265625 0.6103515625 0.4501953125 0.6103515625 0.470703125 0.606689453125 0.476318359375 0.603515625 0.47998046875 0.594970703125 0.480224609375 0.591064453125 0.48291015625 0.586181640625 0.48486328125 0.57421875 0.482666015625 0.56884765625 0.470703125 0.5546875 0.463623046875 0.551025390625 0.456787109375 0.55078125 0.451171875 0.55126953125 0.4404296875 0.554443359375 0.435546875 0.554443359375 0.433837890625 0.5556640625 0.427734375 0.569091796875 0.42529296875 0.577392578125 0.424072265625 0.58642578125 0.43115234375 0.597900390625
0 0.386474609375 0.25830078125 0.392578125 0.266845703125 0.39599609375 0.268798828125 0.400390625 0.268798828125 0.40771484375 0.26611328125 0.412841796875 0.261474609375 0.417236328125 0.25146484375 0.419677734375 0.24853515625 0.42919921875 0.243896484375 0.4345703125 0.239990234375 0.440185546875 0.238037109375 0.4521484375 0.231689453125 0.45703125 0.227783203125 0.469970703125 0.221435546875 0.475830078125 0.217529296875 0.478515625 0.214599609375 0.48046875 0.208740234375 0.480224609375 0.205322265625 0.479248046875 0.2021484375 0.474365234375 0.194580078125 0.47119140625 0.193359375 0.4658203125 0.19384765625 0.409423828125 0.22265625 0.404052734375 0.223876953125 0.400146484375 0.220703125 0.3955078125 0.219970703125 0.380859375 0.22705078125 0.376708984375 0.232421875 0.37744140625 0.240478515625 0.386474609375 0.25830078125
0 0.498779296875 0.542724609375 0.501953125 0.546142578125 0.50634765625 0.54833984375 0.517578125 0.552978515625 0.581787109375 0.57421875 0.5859375 0.578857421875 0.591796875 0.59033203125 0.59521484375 0.593017578125 0.598876953125 0.590087890625 0.6005859375 0.58642578125 0.609375 0.562744140625 0.609619140625 0.55712890625 0.615966796875 0.537353515625 0.615966796875 0.535400390625 0.61474609375 0.53369140625 0.60009765625 0.54052734375 0.590576171875 0.541748046875 0.583984375 0.5390625 0.57861328125 0.538330078125 0.564453125 0.533935546875 0.55712890625 0.528076171875 0.548583984375 0.524658203125 0.53564453125 0.5224609375 0.52685546875 0.51953125 0.525634765625 0.51904296875 0.5244140625 0.5166015625 0.52001953125 0.515380859375 0.51123046875 0.515380859375 0.503662109375 0.516845703125 0.500244140625 0.524169921875 0.49755859375 0.53466796875 0.49755859375 0.538818359375 0.498779296875 0.542724609375