1 0.734921375 0.403356040625 0.7345780375000001 0.4116640796875 0.7367012984375 0.4213941296875 0.73870525625 0.424289284375 0.7507728453125 0.4301830890625 0.7544557015625 0.43133969375000003 0.7585969390625 0.43077905312500003 0.7701732953125 0.42251911875000003 0.7752142515625 0.41754757187499997 0.776139534375 0.4146012875 0.7752027046875 0.4028971046875 0.7734130234375 0.398288965625 0.769199353125 0.3946998484375 0.75812948125 0.3900095171875 0.7534872546875 0.3898463703125 0.750330953125 0.390878175 0.7423650171875 0.3961449546875 0.734921375 0.403356040625
1 0.65174793125 0.33863565 0.6476395453125 0.3550672765625 0.6435963078125 0.361242296875 0.64268806875 0.3651649953125 0.640310946875 0.3688691546875 0.640387640625 0.3732630171875 0.6458644375 0.3792718640625 0.6466436171875001 0.38194422031249997 0.6377609203125 0.3906454921875 0.6407285093749999 0.3927912921875 0.653665990625 0.39256546718749996 0.656620796875 0.39397895781250003 0.6590490499999999 0.3932040390625 0.6629760078125 0.39435638281249996 0.6685946484375 0.3945024875 0.6880419671875 0.3895236546875 0.6950740984375 0.386714953125 0.6969843171875 0.38423983125 0.6991642046875 0.3832250703125 0.7031137046875 0.3716797734375 0.7079416171874999 0.3545030546875 0.7073468890625 0.34840899062499997 0.7025810984375 0.34116684375 0.69165733125 0.3308578734375 0.686719871875 0.3277697453125 0.6781677296875 0.32743066718749997 0.6723220296875 0.32826523750000003 0.65531574375 0.3332014625 0.65174793125 0.33863565
1 0.309347371875 0.446922778125 0.31094833906249997 0.4547085234375 0.31549133125 0.46317545000000004 0.3219402796875 0.46892315 0.3265952890625 0.46981860781250007 0.338076671875 0.4701065546875 0.34172118125 0.469066228125 0.3527028109375 0.4547122296875 0.35264741875 0.4515388859375 0.3488367390625 0.44305917812500006 0.343060446875 0.43388124687499996 0.3403369625 0.43173118437499997 0.333720603125 0.43038160625 0.3205518 0.431344003125 0.3131294625 0.43977560625 0.309347371875 0.446922778125
0 0.283232009375 0.40562421718749997 0.2775878046875 0.40401349375000006 0.27518511874999996 0.40625303281249997 0.2780577328125 0.41694671406249995 0.28059250625 0.42227438125 0.2818428484375 0.4239618015625 0.28599686874999997 0.42413347031250004 0.28741035937500004 0.42117866406250004 0.28981730625 0.419183228125 0.32599272031250004 0.4073196046875 0.3312777796875 0.40234379843749996 0.3307469640625 0.399911284375 0.329256778125 0.39847222968749996 0.3243491453125 0.397092825 0.30877339375 0.4000506578125 0.30101321406250003 0.4031162453125 0.2924738546875 0.403509478125 0.287137665625 0.40555604375 0.283232009375 0.40562421718749997
1 0.6535788578124999 0.4575182875 0.6485634671875 0.4639544546875 0.647976025 0.4722667546875 0.6539994453125 0.495602684375 0.6572239203125 0.4984765359375 0.6658229312499999 0.50150075 0.6856975703125 0.5070141046875001 0.68984306875 0.5066975671875 0.6973207968749999 0.501439309375 0.7150648890625 0.48281624843750004 0.716688396875 0.477904353125 0.71656483125 0.47082535468750003 0.71523779375 0.46474407187500005 0.71210403125 0.45307823750000004 0.7080961171875 0.447287928125 0.697021984375 0.44235349375000005 0.6884357546875 0.4400615890625 0.6776611171875 0.4382962375 0.673288559375 0.43959345 0.6535788578124999 0.4575182875
0 0.24386731718750002 0.5005639671875 0.2421500703125 0.5001055859375 0.2390674390625 0.4913689921875 0.236819378125 0.4884780984375 0.2355946 0.48825529999999995 0.2075482703125 0.4902099171875 0.20123566718750002 0.49227352656249995 0.1972009515625 0.498936753125 0.19633834375 0.519462746875 0.1977633828125 0.5311584078125 0.2005678234375 0.5379464359374999 0.2019033828125 0.5445159234375 0.20588573437500002 0.5488416125 0.20908890468750002 0.5504949453125 0.223255425 0.5507360234374999 0.23738359999999997 0.5487801703125 0.241015325 0.5470075343749999 0.242917021875 0.5440442062499999 0.24237768593750003 0.5411234859375 0.24403101875000002 0.537920315625 0.247401596875 0.5351755265625 0.2898542921875 0.533213621875 0.3032586765625 0.531758759375 0.31492877343750003 0.5288691015625 0.3187662546875 0.524895271875 0.3187760125 0.511465321875 0.31689259375 0.50148690625 0.3141350203125 0.49738401718749997 0.3106834859375 0.49549084218750006 0.283352421875 0.4964562625 0.268247834375 0.498429159375 0.2584794359375 0.49835548906250005 0.24386731718750002 0.5005639671875
1 0.5792303765625 0.3108442890625 0.5726651484375 0.31242395312500004 0.54712129375 0.3458338265625 0.5457291078125001 0.3500091515625 0.5460456453125 0.3541546484375 0.548340575 0.3597306796875 0.5587237703125 0.3810370890625 0.5626975984375 0.3848745703125 0.5664997578125 0.3928660703125 0.571176071875 0.39498204531250003 0.587766584375 0.3942041015625 0.594858365625 0.39481284843750003 0.61803115 0.39343165468749997 0.6196930046875 0.39071669062500003 0.6230635828125 0.38797190000000004 0.6399858875 0.36423545 0.6430441890624999 0.3575892671875 0.64296749375 0.3531954046875 0.6401332265625 0.344698653125 0.6320364406250001 0.32848007031250004 0.6240248703125 0.3171435546875 0.62159661875 0.3179184734375 0.6085483546875 0.311797609375 0.5941206859375 0.310584378125 0.5792303765625 0.3108442890625
0 0.5804978890625 0.21559281718749998 0.5753291078125 0.2132412609375 0.5714277140624999 0.2135535375 0.5670679390625 0.21558305937500002 0.563461778125 0.2188203171875 0.5608789 0.22472566875000002 0.5606901875 0.227903275 0.5639913578125 0.2351709875 0.604165484375 0.284526196875 0.6041429453125 0.2972238375 0.6079280609375 0.3042389234375 0.6123943578125 0.3083119875 0.6136787874999999 0.31195223437499997 0.615914065625 0.31411081875 0.6237807671875 0.317147815625 0.635378428125 0.3101084 0.642834853125 0.3036296234375 0.649057978125 0.29643984218749997 0.6511696921875 0.291519425 0.651063171875 0.2854168390625 0.647534940625 0.2791298015625 0.6383326796875 0.269523315625 0.6346285203125 0.26714619375000004 0.62659015 0.268263215625 0.62240204375 0.26613871875 0.6074149703125 0.24686609375000002 0.5804978890625 0.21559281718749998
0 0.5123545546875 0.3124999671875 0.508803784375 0.31891056875 0.4763666171875 0.3351041421875 0.46375845625 0.340207775 0.44077314999999995 0.35232951875 0.437128640625 0.3533698453125 0.42868728125000005 0.3593774578125 0.42726526875 0.3618440578125 0.427320659375 0.3650174015625 0.438663225 0.38533035312499997 0.44163933593750004 0.3879643609375 0.44557055625 0.38936080781250004 0.44971179218749996 0.3888001671875 0.46324949843749996 0.380994353125 0.4691037203125 0.38064798906249997 0.47417450156249996 0.37738516718750004 0.47656866718749996 0.3746574203125 0.523524215625 0.35088509375 0.5424181796875 0.3561713890625 0.5453431609375 0.3558761546875 0.546058428125 0.35488695937500003 0.546132096875 0.3451185609375 0.542561259375 0.3363904875 0.53754284375 0.3286643953125 0.5357020328125001 0.3211270140625 0.5260724515625 0.301028340625 0.5220602765625 0.29499392812499997 0.5188911921875 0.29529342187499996 0.5176834578125 0.2960470375 0.5123545546875 0.3124999671875
0 0.1806964640625 0.3507647296875 0.181557834375 0.34415689375 0.180988671875 0.33952745 0.179216034375 0.3358957234375 0.1750108859375 0.3327948140625 0.16695547187499998 0.33293542187499997 0.16003961875 0.328416759375 0.155371828125 0.326788990625 0.14732919687499998 0.327661909375 0.13885375 0.33171669375 0.1274520875 0.34998486875 0.1258413625 0.3556290734375 0.128726759375 0.36705506718750003 0.1361606453125 0.37327393125 0.13886282656249999 0.374203475 0.1443694484375 0.381921046875 0.1483177125 0.3842939078125 0.1551483484375 0.3839305 0.160236171875 0.3816440921875 0.165041546875 0.37716501406249997 0.171422321875 0.379007059375 0.17931885 0.38375278125 0.186688821875 0.38631009375 0.190654128125 0.38965936874999996 0.199775434375 0.3946278890625 0.2054281609375 0.3967268203125 0.2103826640625 0.40079136249999997 0.2209600671875 0.4052461125 0.22812002343749999 0.4097605125 0.2303638234375 0.412407303125 0.2362649140625 0.41474607656250007 0.239249546875 0.4178682921875 0.24491079531249998 0.4204554296875 0.2488761015625 0.4238047046875 0.25477719374999996 0.4261434796875 0.2584387453125 0.4260795671875 0.2651415546875 0.41839305624999995 0.2683928296875 0.4088133703125 0.26736528593750003 0.40590117187499997 0.26314309375 0.40182384843749996 0.2554906703125 0.397073865625 0.235779178125 0.386918284375 0.20714787656250003 0.3693488875 0.1970586796875 0.3648856171875 0.182242040625 0.3553771296875 0.1806964640625 0.3507647296875
0 0.48020039375 0.372884784375 0.47512535156249996 0.375903503125 0.471124721875 0.38451955781249997 0.471475346875 0.3906178828125 0.474982271875 0.39568440312500003 0.49075402187500006 0.4039553296875 0.49226551093750004 0.40661490312500004 0.49286876093750004 0.41319717499999997 0.4958704375 0.41729580312500003 0.5064648843749999 0.422726965625 0.5199630078124999 0.42664237812500005 0.523607515625 0.4256020515625 0.5284214109375001 0.42161117968750006 0.5350517875 0.4097749109375 0.5380717421875 0.40093179531249995 0.538642140625 0.39164308281250004 0.53735345 0.38775873125000004 0.5353580140624999 0.385351784375 0.515410940625 0.375688671875 0.511501025 0.375512740625 0.5035265671875 0.3802913140625 0.4880244859375 0.3734807484375 0.48020039375 0.372884784375
1 0.5751589765625 0.441306309375 0.5720836312500001 0.44697607812499995 0.5717019453125001 0.45308718593749997 0.5755424515625001 0.46327561875 0.57904085625 0.4678539328125 0.58763560625 0.47063404374999995 0.5957123234374999 0.471713953125 0.599352571875 0.47042952343750005 0.610852234375 0.457775728125 0.61224868125 0.4538445078125 0.611944925 0.4504313203125 0.6103652625 0.4438660921875 0.606327521875 0.43636705937500003 0.602374996875 0.4337500953125 0.5945338609374999 0.43217771718750003 0.5898958953125 0.4322586734375 0.58285524375 0.43457916875 0.5751589765625 0.441306309375
1 0.6845074343750001 0.5507427078125 0.6819202953125 0.5564039562499999 0.6826343265625 0.5693329171875 0.6871304484375 0.5751147046875 0.6977163749999999 0.5800576609375 0.706533925 0.5816129937500001 0.7162128453125 0.5765604921875 0.722954003125 0.5710709125 0.724320625 0.56543096875 0.723717375 0.5588486968749999 0.7220993640625 0.5500865375 0.7191189921875 0.5472084265625 0.7087643875 0.5415289 0.7016555624999999 0.539943740625 0.697047421875 0.5417334203124999 0.686905859375 0.548259065625 0.6845074343750001 0.5507427078125
1 0.46962533281249996 0.4385090265625 0.473620465625 0.443567025 0.48154681874999994 0.45002147187499997 0.48594494218750006 0.4501888796875 0.49736667343749996 0.4470593796875 0.50138860625 0.4396638421875 0.5027467062500001 0.433535690625 0.503051696875 0.4230307203125 0.4913998796875 0.4129786359375 0.48432087968750004 0.4131022 0.47485623749999994 0.4164417171875 0.47172976093749996 0.419182246875 0.469652134375 0.42605549062500003 0.4685253546875 0.4314470703125 0.46962533281249996 0.4385090265625
0 0.8061440624999999 0.4968538359375 0.798855046875 0.49893448906250004 0.790148278125 0.5037258437500001 0.7845552031249999 0.5050443609374999 0.7795057265625001 0.5095277 0.7759208703125 0.5139854749999999 0.7721813875 0.5235736828124999 0.7724327765625 0.5379757859375001 0.7802258078125 0.55078118125 0.784679321875 0.554121934375 0.792314703125 0.5578955046875 0.8043013359375 0.55915134375 0.8213587515624999 0.5571443609375 0.834433815625 0.5508116890625 0.8375560312499999 0.5478270562499999 0.8427942203125 0.5401661109375 0.85903836875 0.5335339453125 0.8642978625 0.5270935171875 0.865694309375 0.523162296875 0.8660206046875001 0.5138778453125 0.8617131953125 0.5049184515625 0.8574995234375 0.501329334375 0.8501167687500001 0.49803971249999995 0.8396117999999999 0.497734721875 0.8281815453125001 0.500376015625 0.8154157328125 0.4964478203125 0.8061440624999999 0.4968538359375
1 0.26127918906250003 0.3649855328125 0.2558650703125 0.37655639375 0.257782575 0.38848763750000004 0.262376696875 0.399883803125 0.270324353125 0.40755876718749995 0.2769577546875 0.40988475781249994 0.277972515625 0.41206464531250003 0.282122275 0.41199221093749994 0.2859725390625 0.40875069374999995 0.305655440625 0.40327939375 0.309728503125 0.398813096875 0.3099299984375 0.3963678015625 0.313485028125 0.390201303125 0.3143677046875 0.384813984375 0.313751671875 0.3774994015625 0.3106818234375 0.36949511875 0.3029612265625 0.36083948125 0.29827213124999996 0.3579911953125 0.28967311875 0.3549669796875 0.27575922343750003 0.35520984843750003 0.2687100484375 0.3570421375 0.26127918906250003 0.3649855328125
0 0.6124338140625001 0.3945060671875 0.5858180171875 0.3944822921875 0.570700646875 0.395722878125 0.5658441437499999 0.397272715625 0.554855228125 0.39722035 0.5470737437500001 0.39906542031250003 0.5431979140625 0.40084231875 0.542516734375 0.40378434218750003 0.54284481875 0.4225803078125 0.543927753125 0.42866584999999996 0.5476446953125 0.43177528125000003 0.5518157593749999 0.43292336562499995 0.5828254171875 0.43287044531249996 0.5933005609374999 0.4314667109375 0.5991718265625 0.4320967609375 0.634241765625 0.426845234375 0.6472687265625 0.43174558281250003 0.649508265625 0.43414827031250003 0.6576318515625 0.4379133171875 0.661057821875 0.43834187187499996 0.66267706875 0.43318587343750004 0.662982059375 0.4226809046875 0.6622126374999999 0.4065785984375 0.66067558125 0.40245440468749993 0.664094265625 0.388476596875 0.6660257890625 0.38722199218750003 0.6640346140625 0.3850591484375 0.6647030109375 0.3813848140625 0.6555348375000001 0.3737311546875 0.6523785359375001 0.37476295937500004 0.6406603359374999 0.3888856375 0.6363090812500001 0.3914033671875 0.6211746687499999 0.3916675390625 0.617311621875 0.39417674687500004 0.6124338140625001 0.3945060671875