1 0.3763832546875 0.5407324953125 0.3768819875 0.5384707078125001 0.3754900671875 0.5322343843749999 0.371285853125 0.5319398078125 0.3695993578125 0.529907696875 0.36349136406250004 0.527849334375 0.359031221875 0.5297910265625 0.3553643875 0.5252667171875001 0.3474539609375 0.527080078125 0.3442202265625 0.531347725 0.3333057421875 0.5396139609375 0.3296629609375 0.5446610546875 0.3322163921875 0.559612775 0.3374413921875 0.569619478125 0.34927385 0.5747584578125 0.3592156546875 0.5759229 0.3639696390625 0.5744412953125 0.37839930625 0.5599139484375 0.38058526718749996 0.555019971875 0.3795900015625 0.545550646875 0.377993190625 0.542036196875 0.3763832546875 0.5407324953125
0 0.1697875109375 0.6982000203125 0.1726632375 0.6951974296875 0.1993591953125 0.6899367171875 0.21493724531249997 0.686335515625 0.2193973890625 0.6843938234375 0.22146814531249998 0.68073938125 0.22306642187499998 0.67492523125 0.22172627500000003 0.6645102140625 0.2192479359375 0.6596155031250001 0.216615746875 0.657928275 0.197025246875 0.660723775 0.193025190625 0.662371625 0.1723614 0.6642979921875 0.1618319109375 0.662213375 0.1504456796875 0.6636556015624999 0.13358944687500002 0.66910954375 0.12990802031249998 0.676124584375 0.128602853125 0.687063121875 0.12912563906250002 0.6943727375 0.13142460625000002 0.702232125 0.134925196875 0.7075103625 0.138899 0.710284009375 0.1489049703125 0.7097233109375 0.15911583125 0.7064407359375 0.1661571234375 0.7057006671875 0.168674840625 0.70396313125 0.16985094375 0.701139178125 0.1697875109375 0.6982000203125
0 0.4151500046875 0.6503176953125 0.4130923734375 0.6517613890625 0.4125426015625 0.6535375703125 0.412452915625 0.655019909375 0.4165543171875 0.6590075718749999 0.44351640000000003 0.6679570421875 0.44561194375 0.6692097046875001 0.445407053125 0.6719315796875 0.4491766984375 0.6727628 0.4529485453125 0.659601121875 0.45169661562499996 0.657032365625 0.41903485625 0.64990938125 0.4151500046875 0.6503176953125
0 0.487995221875 0.7781693062499999 0.4988965796875 0.7721138187500001 0.5063862984374999 0.76396205625 0.5079459296875 0.76011585 0.50682233125 0.754096809375 0.5043439937499999 0.7492021 0.5028376015625 0.7395410109375 0.49940044375000003 0.73720193125 0.49105545 0.7395519375 0.48796317343749995 0.7381585515625 0.4607641546875 0.6919202 0.4536485015625 0.677938959375 0.44934294374999995 0.6720088718749999 0.44866630625 0.6679067359374999 0.44342598125 0.67410368125 0.4380201453125 0.67639025625 0.4336489546875 0.681513909375 0.43490015 0.688746965625 0.470237075 0.7493500859375 0.470210821875 0.7537715828125 0.46635075625000005 0.759087 0.4652125671875 0.7646073078125 0.46716738593749996 0.7668567015625001 0.47208688125 0.7692854671875 0.4755364328125 0.7740780984375 0.480123440625 0.778014721875 0.487995221875 0.7781693062499999
1 0.48166083593750003 0.346535253125 0.4749775515625 0.3460102671875 0.4704663703125 0.347466353125 0.466133825 0.3506220625 0.46287457187500003 0.3546469046875 0.4619923109375 0.35793094375 0.46208126250000003 0.36111290625 0.46592600156249997 0.3720011359375 0.47660860937500005 0.375542571875 0.4807362640625 0.3751087375 0.4823338078125 0.3739588875 0.488737109375 0.3671487390625 0.4901049765625 0.363813659375 0.4892497015625 0.35801190156249996 0.48683552968750005 0.35139204999999996 0.48166083593750003 0.346535253125
0 0.567824515625 0.45629402812500003 0.5760287859375001 0.4549407546875 0.5805530937500001 0.4512739203125 0.5823044890625 0.4469165890625 0.5824889921875 0.4113018109375 0.5831926140625 0.40631814843749997 0.5881004515625 0.40162906249999997 0.5891999953125 0.3980767 0.5888463859375 0.3713559546875 0.5878117406250001 0.368518875 0.5783941890625 0.36533544687499997 0.569909203125 0.3640178859375 0.5543697984375 0.36565114374999996 0.5480693078125001 0.36876820625 0.5456536703125 0.37147695468749997 0.54262409375 0.377687025 0.5416135015625 0.38442135 0.5415106890625 0.38811443749999996 0.54498429375 0.402478471875 0.5472074359375 0.40494515 0.5521014125 0.40713111093750004 0.5535451046875 0.40918874218749995 0.5540510984375 0.44203060625 0.55542989375 0.45047767812500006 0.558777365625 0.454299096875 0.56386310625 0.4559739328125 0.567824515625 0.45629402812500003
0 0.620405740625 0.3189418484375 0.6244072625 0.30796539843750004 0.6238203109375 0.30238092499999997 0.6095860734375 0.29307564531249997 0.594570921875 0.29268991875 0.592015290625 0.2917310984375 0.5895238265625 0.2890471375 0.58690403125 0.289813459375 0.5807960375000001 0.2877550953125 0.5761827765625 0.28823996875 0.5714667046875 0.29241792968749997 0.568756490625 0.29933089062499996 0.56889648125 0.3029984578125 0.57183490625 0.3075993265625 0.5864526718749999 0.315882353125 0.5874107578125 0.31799102343749996 0.5875631421875 0.3241121421875 0.5895179609375 0.3263615375 0.6058863875 0.33495153437499997 0.6099374828124999 0.333789290625 0.6160469421875 0.3265190546875 0.620405740625 0.3189418484375
0 0.5499714109375 0.6251005515625 0.5541501046875 0.6251523234375 0.558124640625 0.6232616703125 0.5630966421875 0.6168474421875 0.5646307546875 0.6127584328125 0.5644018109375 0.6059089046875 0.56168066875 0.6010397140625 0.546526259375 0.5923221187500001 0.5260046578125 0.583923153125 0.52397328125 0.58094535 0.52362913125 0.57533535625 0.5214191171875 0.5706579296875 0.5014728078124999 0.5607255859375 0.4963484203125 0.5610186953125 0.49288501093750003 0.5631011125 0.4864941015625 0.5723648140625001 0.482494046875 0.5740126640625001 0.48340109375000007 0.5756357265625 0.47886365781249995 0.581513309375 0.479450609375 0.5870977828124999 0.4782358609375 0.59188968125 0.47900145 0.5991737765625 0.4815439546875 0.6023433453125 0.49212448281250004 0.60491356875 0.4943986640625 0.6078658531250001 0.5020910734374999 0.6109851140625 0.5062442484375 0.6107940843749999 0.5102443046875 0.609146234375 0.51768151875 0.6098374640625 0.5453967953125 0.6236174796875 0.5499714109375 0.6251005515625
1 0.5154591796875 0.5209598328125 0.5125462749999999 0.51660176875 0.511946196875 0.5132280437500001 0.5107708265625 0.511387696875 0.509531290625 0.5112724921875 0.49396636718750003 0.5126629453125 0.48682299531249995 0.5124318031249999 0.4835134359375 0.5113067390625 0.47938578125 0.5117405734375 0.4749759453125 0.518832171875 0.47282789531249997 0.5264225031249999 0.4738231625 0.535891828125 0.47718302812499996 0.5421667984375 0.48313716875 0.54743264375 0.48902787812500004 0.5497593296875001 0.4947654703125 0.550629196875 0.5031870234375 0.5490076 0.5103056078125 0.5443316390625 0.514792003125 0.5379684499999999 0.5172725406249999 0.5288702609375 0.5154591796875 0.5209598328125
1 0.6064726765625 0.26345365468750004 0.600057715625 0.263145953125 0.5944987609375 0.2639757078125 0.5913802328125 0.26700381875 0.583698015625 0.2803310078125 0.5838883140625 0.2891484828125 0.5909543937499999 0.29331551562499997 0.6008961984375001 0.294479959375 0.6059950656249999 0.293944046875 0.6104296875 0.2917595515625 0.6167309109375 0.2839781890625 0.617779415625 0.27994021875 0.6167068578125 0.274406784375 0.61238890625 0.26602314531250004 0.6064726765625 0.26345365468750004
1 0.36386689843750003 0.4963877296875 0.36049390625 0.4923235078125 0.3569160234375 0.4909811609375 0.35214964531250004 0.49000921406250003 0.34826479374999997 0.49041752968749996 0.3438046515625 0.492359221875 0.3367115859375 0.497277984375 0.33409105625 0.5027086078125 0.334205528125 0.5061333718750001 0.3372197796875 0.5161269484375001 0.3391745984375 0.51837634375 0.347378134375 0.52168736875 0.3506366546875 0.5223268265625001 0.354444946875 0.521190103125 0.36403020937499997 0.5142910015625 0.366727296875 0.5095887875 0.3663576296875 0.5037359921875 0.36386689843750003 0.4963877296875
1 0.382074134375 0.594877609375 0.3785487578125 0.5846922671875 0.375252325 0.58135645625 0.36879945 0.5783523984375 0.36391786718749997 0.5786199890625 0.3532862984375 0.575564159375 0.345120675 0.5749494890625 0.33322331875 0.5761999515625 0.318806778125 0.5885165484375 0.31182818437500004 0.5968600765625001 0.31261929374999997 0.6043869749999999 0.31726826875 0.6205913578125 0.3208578109375 0.6290515562500001 0.3231575109375 0.6322466437500001 0.334913409375 0.6366572140625 0.3512825703125 0.6405829109375001 0.359397153125 0.640711975 0.3813034140625 0.6202436125 0.3842433046875 0.61551588125 0.382074134375 0.594877609375
1 0.6253186375 0.36334931406250004 0.6052439984375 0.35686725468749997 0.6004389734375 0.357863253125 0.59361423125 0.36299929999999997 0.5874792515625 0.3700267328125 0.5859961796875 0.37460134843750004 0.586634171875 0.380671428125 0.5841025937500001 0.3892840125 0.584918490625 0.4017180140625 0.5860173015625 0.4028299515625 0.6132739578125 0.407575209375 0.617618896875 0.406873053125 0.6221432046875 0.40320621875 0.6322403265625 0.3918345796875 0.6342090046875 0.3872089265625 0.633277171875 0.380678759375 0.6298925203125 0.3694966859375 0.6253186375 0.36334931406250004
1 0.296312240625 0.4492357328125 0.28815974375 0.44641031406250004 0.2813612546875 0.4471248640625 0.27646654531250003 0.44960320156250005 0.2725044015625 0.45394740625 0.269091296875 0.46117972968750004 0.2691547296875 0.4641188875 0.27494189375 0.4748029609375 0.27913298124999997 0.4773082859375 0.284845053125 0.47793535 0.29169458125 0.47770640625 0.29494070781250004 0.47589231249999997 0.30203450625 0.46630924843750005 0.30315957031249996 0.4629996890625 0.300719878125 0.45613703437500003 0.296312240625 0.4492357328125
0 0.5428383734375 0.4778225546875 0.5452795328125 0.4753566109375 0.545255478125 0.4657852078125 0.54256205625 0.4471659203125 0.54123356875 0.443868753125 0.5378984890625 0.4425008859375 0.5283781265624999 0.44301054687499997 0.5233558171875 0.44427486875 0.5166973203125 0.4486569859375 0.5058601281249999 0.45298733125 0.4582196625 0.45750357499999994 0.45248133749999997 0.4612980078125 0.450998265625 0.4658726234375 0.45236393281250004 0.47653044375000003 0.45356482187499997 0.47861359375 0.4567336578125 0.48073539062500004 0.46528280781250003 0.480327809375 0.4947006421875 0.47527198750000005 0.5194665671875 0.4726689828125 0.5217283546875 0.473167715625 0.5238742046875 0.479570284375 0.5249474968750001 0.48043941874999996 0.5428383734375 0.4778225546875
0 0.515575921875 0.42864504531250003 0.5165989062499999 0.42436427343750005 0.52894615625 0.4063735171875 0.5312983625000001 0.4007256109375 0.5372160578125 0.3939665 0.541983903125 0.3856098453125 0.5453211812500001 0.37298481250000004 0.5472512140625 0.37032710468749996 0.5536669078124999 0.36597050625 0.5540890828125 0.36298030937500003 0.552811634375 0.3601687484375 0.5467809328125 0.3541744953125 0.54105646875 0.3510938796875 0.5374530656250001 0.349508728125 0.5334274906250001 0.350913775 0.5250686375 0.3601388296875 0.51876668125 0.3725844921875 0.5109444734374999 0.382244115625 0.5048729265625 0.39221070625 0.49881450625 0.3999665484375 0.4924359921875 0.41168380156250006 0.47736906718750005 0.41547676874999995 0.4751707109375 0.41791719374999997 0.47826225468750005 0.42397487968750003 0.480741325 0.42420529062499995 0.4822360578125 0.4267485265625 0.503817090625 0.442891675 0.5136560828125 0.44774920625 0.5156750671875 0.4482734578125 0.5189977531250001 0.4471877734375 0.5192536828125001 0.44495150624999996 0.5160863140624999 0.433501109375 0.515575921875 0.42864504531250003
0 0.5281549765625 0.48059327031250004 0.5269796078125 0.47875292187499996 0.5233630781249999 0.4793785203125 0.5205383921875 0.48286671718749996 0.5083719796875 0.48856419687499997 0.507030365625 0.487477778125 0.49251394687500005 0.48483026406249996 0.48891054375 0.4832451125 0.4724517 0.48080175468749997 0.4675577234375 0.47861579374999996 0.456286696875 0.47881848437499996 0.4444411125 0.47589025312500005 0.44063282031249995 0.4770269765625 0.437003165625 0.4798633234375 0.43489302968750004 0.49015000937500003 0.43473844531249994 0.498021790625 0.4381624765625 0.50257161875 0.45674238437500003 0.5065104421875 0.5099505328125 0.5269394953125001 0.5131317609375 0.5315148421875 0.517489825 0.5286019375000001 0.5229612921875 0.515261621875 0.52590265 0.5012052890625001 0.5261221328125 0.48694406562500003 0.5281549765625 0.48059327031250004