1 0.355712890625 0.686767578125 0.36181640625 0.690673828125 0.36962890625 0.693359375 0.37646484375 0.69091796875 0.378173828125 0.68896484375 0.38037109375 0.689697265625 0.38134765625 0.691162109375 0.388916015625 0.673828125 0.388671875 0.671142578125 0.386962890625 0.669921875 0.3857421875 0.665771484375 0.383056640625 0.661865234375 0.372314453125 0.65673828125 0.363525390625 0.65576171875 0.359375 0.6572265625 0.351806640625 0.666015625 0.3515625 0.6767578125 0.355712890625 0.686767578125
0 0.41357421875 0.49658203125 0.408935546875 0.498779296875 0.406005859375 0.501708984375 0.40771484375 0.5048828125 0.410888671875 0.506103515625 0.413330078125 0.510009765625 0.420654296875 0.513427734375 0.431396484375 0.521240234375 0.443115234375 0.527099609375 0.451416015625 0.529541015625 0.454345703125 0.529296875 0.45556640625 0.52587890625 0.452392578125 0.5126953125 0.4521484375 0.50537109375 0.481689453125 0.455322265625 0.488037109375 0.443359375 0.488525390625 0.439453125 0.486572265625 0.435302734375 0.482177734375 0.4326171875 0.48046875 0.429931640625 0.47607421875 0.427734375 0.466064453125 0.427001953125 0.4580078125 0.431396484375 0.455810546875 0.437255859375 0.41357421875 0.49658203125
0 0.36767578125 0.634033203125 0.375 0.639892578125 0.37939453125 0.638916015625 0.416259765625 0.611083984375 0.421630859375 0.607666015625 0.42333984375 0.607666015625 0.42529296875 0.609130859375 0.427978515625 0.607421875 0.4287109375 0.603515625 0.432373046875 0.60009765625 0.434814453125 0.595458984375 0.43798828125 0.59521484375 0.442626953125 0.59765625 0.45068359375 0.59375 0.459228515625 0.584228515625 0.458984375 0.580078125 0.45458984375 0.572509765625 0.44482421875 0.561279296875 0.43701171875 0.5556640625 0.433349609375 0.555908203125 0.427734375 0.55859375 0.422607421875 0.5634765625 0.419677734375 0.568603515625 0.418212890625 0.573486328125 0.416015625 0.576171875 0.3916015625 0.59716796875 0.378173828125 0.607177734375 0.366943359375 0.6181640625 0.364501953125 0.622314453125 0.3642578125 0.626953125 0.36767578125 0.634033203125
1 0.419921875 0.4609375 0.42431640625 0.4658203125 0.42822265625 0.467041015625 0.4365234375 0.467529296875 0.441162109375 0.465087890625 0.44384765625 0.4619140625 0.447265625 0.453125 0.447509765625 0.450927734375 0.4462890625 0.447509765625 0.440673828125 0.43994140625 0.43701171875 0.43798828125 0.426513671875 0.4375 0.423583984375 0.438232421875 0.419189453125 0.441162109375 0.416259765625 0.447021484375 0.416015625 0.451416015625 0.419921875 0.4609375
0 0.422119140625 0.353271484375 0.42626953125 0.361083984375 0.430908203125 0.364990234375 0.43359375 0.365966796875 0.460205078125 0.362060546875 0.463134765625 0.359375 0.465087890625 0.351806640625 0.468994140625 0.349853515625 0.47265625 0.3505859375 0.512939453125 0.34375 0.515869140625 0.341552734375 0.5185546875 0.333740234375 0.51806640625 0.32568359375 0.515869140625 0.318603515625 0.512939453125 0.315673828125 0.5078125 0.313720703125 0.46826171875 0.318603515625 0.461181640625 0.3203125 0.4599609375 0.320068359375 0.456298828125 0.314208984375 0.4521484375 0.31201171875 0.428466796875 0.314208984375 0.42529296875 0.315185546875 0.421142578125 0.318359375 0.4189453125 0.328369140625 0.418701171875 0.337890625 0.422119140625 0.353271484375
0 0.19580078125 0.5986328125 0.197509765625 0.6015625 0.211181640625 0.604248046875 0.242919921875 0.605712890625 0.246337890625 0.60498046875 0.247802734375 0.603515625 0.249267578125 0.599365234375 0.25146484375 0.576171875 0.24951171875 0.57373046875 0.2431640625 0.5712890625 0.2412109375 0.564208984375 0.2412109375 0.556884765625 0.245849609375 0.514892578125 0.243896484375 0.509521484375 0.234375 0.50634765625 0.230712890625 0.506103515625 0.220458984375 0.5068359375 0.215576171875 0.510009765625 0.2138671875 0.513671875 0.214599609375 0.51806640625 0.211669921875 0.544677734375 0.2119140625 0.552978515625 0.208740234375 0.557373046875 0.207275390625 0.5615234375 0.201416015625 0.56787109375 0.19970703125 0.572998046875 0.197998046875 0.5888671875 0.19580078125 0.5986328125
0 0.45361328125 0.884521484375 0.463134765625 0.892578125 0.471923828125 0.8974609375 0.478515625 0.900146484375 0.4873046875 0.90087890625 0.49072265625 0.89990234375 0.49560546875 0.895263671875 0.50439453125 0.873046875 0.504150390625 0.86865234375 0.498779296875 0.86474609375 0.498779296875 0.85986328125 0.50146484375 0.85546875 0.517333984375 0.814453125 0.51806640625 0.809326171875 0.517578125 0.806640625 0.515625 0.80419921875 0.50439453125 0.7978515625 0.49609375 0.794677734375 0.493896484375 0.794921875 0.49169921875 0.796630859375 0.4892578125 0.80224609375 0.490234375 0.8056640625 0.485595703125 0.8115234375 0.47802734375 0.833251953125 0.47509765625 0.8349609375 0.47216796875 0.835205078125 0.470947265625 0.840576171875 0.4716796875 0.844482421875 0.469482421875 0.848876953125 0.46044921875 0.85205078125 0.458740234375 0.854248046875 0.45166015625 0.869140625 0.4501953125 0.874755859375 0.450927734375 0.881103515625 0.45361328125 0.884521484375
0 0.495361328125 0.491943359375 0.49853515625 0.49609375 0.501220703125 0.4970703125 0.50439453125 0.495849609375 0.511474609375 0.488037109375 0.51904296875 0.48486328125 0.52197265625 0.48486328125 0.525390625 0.486572265625 0.554443359375 0.48974609375 0.569091796875 0.490234375 0.577880859375 0.49169921875 0.588134765625 0.491455078125 0.59130859375 0.490234375 0.594970703125 0.486328125 0.59716796875 0.478515625 0.5966796875 0.469482421875 0.595703125 0.467529296875 0.591552734375 0.46435546875 0.5859375 0.462646484375 0.556640625 0.4599609375 0.54541015625 0.457763671875 0.53076171875 0.456298828125 0.519775390625 0.456298828125 0.513916015625 0.44970703125 0.5107421875 0.443115234375 0.50439453125 0.440673828125 0.4990234375 0.446044921875 0.49609375 0.451416015625 0.4931640625 0.469970703125 0.49267578125 0.4794921875 0.495361328125 0.491943359375
1 0.184814453125 0.568359375 0.19677734375 0.57373046875 0.2021484375 0.571533203125 0.208740234375 0.5712890625 0.210205078125 0.570068359375 0.213623046875 0.561279296875 0.21533203125 0.549072265625 0.212890625 0.541259765625 0.21142578125 0.539306640625 0.19384765625 0.53857421875 0.184326171875 0.543701171875 0.180419921875 0.548828125 0.180419921875 0.5634765625 0.184814453125 0.568359375
0 0.466552734375 0.415771484375 0.47802734375 0.427978515625 0.48095703125 0.42919921875 0.4873046875 0.425048828125 0.489501953125 0.42578125 0.50146484375 0.435546875 0.5068359375 0.4423828125 0.51025390625 0.4423828125 0.513427734375 0.440185546875 0.52099609375 0.431640625 0.521240234375 0.42724609375 0.51953125 0.424072265625 0.503662109375 0.409423828125 0.50341796875 0.40625 0.505859375 0.400146484375 0.4921875 0.38720703125 0.489501953125 0.386474609375 0.486328125 0.388427734375 0.470458984375 0.40478515625 0.466064453125 0.410888671875 0.465576171875 0.41259765625 0.466552734375 0.415771484375
0 0.542236328125 0.80419921875 0.54248046875 0.810791015625 0.544189453125 0.813720703125 0.53564453125 0.829345703125 0.538818359375 0.848876953125 0.541259765625 0.853515625 0.54833984375 0.857421875 0.568603515625 0.858154296875 0.57470703125 0.855712890625 0.578369140625 0.851318359375 0.582763671875 0.829833984375 0.58056640625 0.825439453125 0.570556640625 0.8203125 0.568603515625 0.81640625 0.568359375 0.794677734375 0.565185546875 0.736083984375 0.562744140625 0.731201171875 0.557373046875 0.7275390625 0.55419921875 0.7265625 0.549560546875 0.726318359375 0.545166015625 0.7275390625 0.542236328125 0.732177734375 0.54345703125 0.77734375 0.542236328125 0.80419921875
1 0.417236328125 0.626708984375 0.4189453125 0.633544921875 0.42529296875 0.646240234375 0.42822265625 0.64990234375 0.439453125 0.652587890625 0.45166015625 0.652587890625 0.455810546875 0.650390625 0.463623046875 0.642333984375 0.468994140625 0.634521484375 0.470947265625 0.6298828125 0.468994140625 0.6201171875 0.462890625 0.607177734375 0.4599609375 0.603271484375 0.453125 0.599609375 0.451416015625 0.5966796875 0.443603515625 0.59765625 0.441162109375 0.597412109375 0.43701171875 0.59521484375 0.434326171875 0.595703125 0.432861328125 0.598876953125 0.4296875 0.60205078125 0.428466796875 0.607421875 0.42333984375 0.610107421875 0.419189453125 0.614013671875 0.41552734375 0.620361328125 0.4150390625 0.623291015625 0.417236328125 0.626708984375
1 0.345458984375 0.79150390625 0.347900390625 0.806396484375 0.3515625 0.818359375 0.356689453125 0.822021484375 0.365966796875 0.825927734375 0.380859375 0.830322265625 0.3916015625 0.8310546875 0.39501953125 0.830078125 0.414306640625 0.814697265625 0.422119140625 0.806884765625 0.423828125 0.802978515625 0.42236328125 0.787841796875 0.41796875 0.76708984375 0.41650390625 0.762939453125 0.41357421875 0.759033203125 0.408447265625 0.755615234375 0.380615234375 0.747802734375 0.372314453125 0.748779296875 0.349365234375 0.769287109375 0.345458984375 0.77490234375 0.343994140625 0.77880859375 0.345458984375 0.79150390625
1 0.316650390625 0.38427734375 0.319091796875 0.388671875 0.326171875 0.39599609375 0.32861328125 0.397216796875 0.3359375 0.397705078125 0.343017578125 0.396728515625 0.34765625 0.393310546875 0.35400390625 0.384765625 0.352294921875 0.38232421875 0.351806640625 0.376953125 0.34912109375 0.372802734375 0.341796875 0.364990234375 0.33740234375 0.363037109375 0.33154296875 0.36328125 0.32275390625 0.36572265625 0.319091796875 0.369140625 0.31640625 0.37646484375 0.31591796875 0.380859375 0.316650390625 0.38427734375
1 0.45751953125 0.7734375 0.462890625 0.779541015625 0.4697265625 0.783203125 0.478515625 0.783447265625 0.48095703125 0.782470703125 0.490966796875 0.771240234375 0.4921875 0.76806640625 0.487060546875 0.751953125 0.474853515625 0.7470703125 0.471923828125 0.7470703125 0.46044921875 0.750244140625 0.45751953125 0.753662109375 0.455810546875 0.7587890625 0.455322265625 0.767822265625 0.45751953125 0.7734375
0 0.485107421875 0.748046875 0.48779296875 0.759765625 0.490478515625 0.76416015625 0.491943359375 0.771484375 0.49560546875 0.7724609375 0.50439453125 0.7685546875 0.505615234375 0.767333984375 0.50634765625 0.763671875 0.500244140625 0.757568359375 0.48779296875 0.731689453125 0.48388671875 0.72705078125 0.48095703125 0.72509765625 0.47802734375 0.72705078125 0.47802734375 0.732421875 0.485107421875 0.748046875
1 0.603759765625 0.6064453125 0.608154296875 0.611328125 0.615478515625 0.615966796875 0.6240234375 0.617919921875 0.63330078125 0.616943359375 0.644775390625 0.609375 0.647705078125 0.60400390625 0.64794921875 0.59033203125 0.64599609375 0.583984375 0.643798828125 0.580322265625 0.639404296875 0.575927734375 0.63330078125 0.57275390625 0.624755859375 0.570556640625 0.61474609375 0.572021484375 0.60595703125 0.57861328125 0.6015625 0.587646484375 0.600830078125 0.596923828125 0.603759765625 0.6064453125
1 0.345947265625 0.417236328125 0.360595703125 0.431884765625 0.3671875 0.43310546875 0.38427734375 0.43017578125 0.39013671875 0.42822265625 0.39208984375 0.426513671875 0.398681640625 0.404541015625 0.39892578125 0.399658203125 0.39404296875 0.392822265625 0.38134765625 0.380126953125 0.378173828125 0.37890625 0.373779296875 0.37890625 0.363525390625 0.380859375 0.355224609375 0.3837890625 0.3515625 0.38330078125 0.347900390625 0.385986328125 0.346435546875 0.38818359375 0.345703125 0.396240234375 0.34375 0.403076171875 0.34326171875 0.412353515625 0.345947265625 0.417236328125