0 0.25523568750000003 0.4680936671875 0.2514001984375 0.46960437187500004 0.21684319687500003 0.46890653125000004 0.20303490000000002 0.47153458125 0.1963886015625 0.47638817343750006 0.1940008234375 0.48090590625 0.19356570625 0.48491005156250006 0.1983318671875 0.49510598593750005 0.20906882031250001 0.501033790625 0.2132534796875 0.501940734375 0.252278503125 0.5037533046875 0.2547240296875 0.5048980921874999 0.25932366406249996 0.5104325421875 0.26371782499999996 0.5127900734375 0.28436177812499996 0.5153906703125 0.2922033109375 0.5153044171875 0.3001227359375 0.5122490328125 0.3046028421875 0.508184771875 0.3078098265625 0.5023223031249999 0.30974771093750003 0.49293529999999997 0.308079753125 0.47787793437500004 0.30133406875 0.46450116250000006 0.2965517953125 0.46121055 0.29222746875 0.4593365484375 0.27405992968750004 0.4598488328125 0.2686330359375 0.45911177968750005 0.26057394375 0.46120010625 0.25523568750000003 0.4680936671875
0 0.4280764875 0.475738609375 0.42471003749999997 0.47348693124999996 0.410447628125 0.4712457109375 0.40199791874999996 0.47240095625 0.4001843890625 0.473881603125 0.398863871875 0.4770206234375 0.398020246875 0.488723340625 0.3969133234375 0.49158661875 0.39729618437499997 0.5100247687499999 0.3991715109375 0.5124803124999999 0.40399415781250003 0.514286359375 0.41584524375000004 0.5156245562499999 0.42031861875 0.51501295625 0.42398060624999995 0.512293428125 0.4251923125 0.5101554453125 0.43215492656250004 0.5074777359375 0.4517800125 0.50824615 0.505409465625 0.5075705 0.50853545625 0.5064034953125 0.510139421875 0.5034722609375 0.5118642875 0.49436099999999994 0.5108863218749999 0.48759158906250005 0.50748494375 0.48509814687499997 0.5009575765625 0.483771709375 0.4967327234375 0.4843493328125 0.435550921875 0.4818663609375 0.430584534375 0.4808195859375 0.42775005468750005 0.47874171875 0.4280764875 0.475738609375
0 0.457124496875 0.6083850765625 0.45467513125 0.6055139578125 0.4504769921875 0.604607015625 0.4444209453125 0.606665284375 0.4431976140625 0.612255928125 0.44542063593750003 0.6205817812500001 0.4454475828125 0.62427620625 0.44704411562499996 0.6265239640625 0.446607596875 0.6305281093749999 0.44143133125 0.6369041640625001 0.43889169843750003 0.64218116875 0.43054122968749997 0.6512087953125001 0.4293569671875 0.655314875 0.4207181796875 0.66586104375 0.4158221484375 0.6741712171875001 0.40532545468750003 0.687682596875 0.400188259375 0.6925740859375 0.3960089828125 0.6988142296875 0.3943572125 0.704956359375 0.39753815625 0.7146308671875 0.3970706484375 0.7166669171875 0.401264746875 0.7193001906250001 0.4117560578125 0.7232938796874999 0.4186258625 0.7233435375 0.421940184375 0.7216590234375 0.430653071875 0.709870053125 0.43293537187500003 0.7080796874999999 0.44125889375 0.6953576359375 0.44696868749999996 0.6891553906250001 0.44936415781249994 0.6846376578125 0.45656539531250007 0.679957875 0.45803393437500006 0.6760595828125 0.4623142578125 0.6722710640625 0.46239239843749996 0.6693019328125 0.464573653125 0.6650599421875001 0.47275301562500005 0.6530971625 0.47646074218749995 0.6506194 0.4960111953125 0.64696809375 0.49844573593749997 0.6409657953125001 0.4980213421875 0.63979095 0.4954278171875 0.637679103125 0.49507752343749994 0.6352614562500001 0.49024076875 0.6334554109375 0.470734771875 0.61811708125 0.46671582031250003 0.6166926312500001 0.46348772499999996 0.6119553515625 0.457124496875 0.6083850765625
1 0.457984765625 0.6740954078125 0.45466377031249994 0.6797161109375 0.4565787828125 0.699676725 0.45928208281250005 0.709177421875 0.4639980625 0.712985540625 0.47434487968749994 0.71801424375 0.48538781249999996 0.720731153125 0.493893909375 0.720335178125 0.5035019578125 0.71510783125 0.513006828125 0.7074288609375 0.516761175 0.7029830031250001 0.5170720875 0.6945591375 0.51353096875 0.6706244359375 0.5113201796875 0.6679611046875 0.50576088125 0.66722405 0.49922757031250004 0.6634120109375 0.48470130625 0.658201659375 0.48055762812499997 0.6582617749999999 0.4720391515625 0.6638367406250001 0.457984765625 0.6740954078125
0 0.46613226093750004 0.58140675 0.461647321875 0.5800502546875 0.43831440468749994 0.56870823125 0.422284728125 0.5625269015625001 0.415394803125 0.5619937140625 0.41104496093750004 0.5633306078125 0.4075725796875 0.5672589593749999 0.40657473906249997 0.57084753125 0.4065199 0.57923741875 0.41646755625000004 0.5869934875 0.441428321875 0.5973723734374999 0.4602375109375 0.60884246875 0.4807869046875 0.6166220578125 0.4868568875 0.620226309375 0.4914849484375 0.6208235328125 0.495610078125 0.624941371875 0.4944918546875 0.634709971875 0.495295746875 0.638544228125 0.49716302343749996 0.6409997734374999 0.5064231578125 0.6404678875 0.515566921875 0.6443897 0.523021309375 0.6453384609375 0.5272668171875 0.6432762734375 0.5336899203125001 0.6317931031249999 0.5395913609375 0.6166834625 0.5399899609375 0.6124375515625 0.54243775 0.6084033484375 0.5295594343750001 0.5995704468749999 0.526598009375 0.59652551875 0.52413550625 0.59168630625 0.5193643234375 0.5918483546875 0.5160042984375 0.5930493390625 0.5069407906250001 0.600210803125 0.5046789281249999 0.6002748375 0.4832172984375 0.589662028125 0.47717807968750003 0.588025871875 0.46613226093750004 0.58140675
0 0.56241760625 0.5903637765624999 0.5648538390625 0.5925096 0.5718881109375 0.590107634375 0.5981322078125 0.5679280046875 0.6030214734375 0.56531433125 0.6074612968750001 0.5649784734375001 0.6093150734375 0.5632560625 0.6089104359374999 0.56232298125 0.6018649609375 0.5541252015625 0.5965472515625 0.5503850375 0.5939892078125 0.5526929109375 0.5922726468749999 0.558835040625 0.5907142984375 0.5607652375 0.56394795 0.584739153125 0.56241760625 0.5903637765624999
1 0.2750658015625 0.3765733171875 0.2581836921875 0.37639820625 0.248916809375 0.377655384375 0.24383322343749997 0.3795777421875 0.2299511796875 0.39649996718749997 0.22369654374999998 0.4096754890625 0.222968190625 0.4151981796875 0.22580850468749997 0.4241813703125 0.23136457500000002 0.4342753703125 0.241416678125 0.4489367609375 0.244594090625 0.45146418125 0.251242690625 0.453274146875 0.28293286093750003 0.45341266406249997 0.2911979203125 0.4522913953125 0.2968609390625 0.44733195156249994 0.30465351093750004 0.4341943265625 0.3058083171875 0.42984648124999997 0.31165139375 0.42436952968749997 0.3130173953125 0.421472275 0.3128928421875 0.41359989375 0.30862425 0.40357776875000007 0.301530240625 0.3934458703125 0.2978993 0.38604917968749997 0.2928712171875 0.37958165 0.2888368390625 0.37643086875 0.2807910984375 0.3755500640625 0.2750658015625 0.3765733171875
1 0.3695310453125 0.4311023328125 0.3685463140625 0.43344810312500004 0.3693286859375 0.43679883124999996 0.3746214421875 0.4432663609375 0.38525683125 0.45126419531249995 0.38977576406250003 0.4509283375 0.4015697421875 0.44718947656249997 0.403835621875 0.4444320515625 0.40596611562499996 0.4355285765625 0.404813221875 0.42976020156250005 0.4025644421875 0.42561230468750005 0.3976051546875 0.42132065625 0.392493384375 0.4177882796875 0.3894451359375 0.41719497656250004 0.376036540625 0.4191696109375 0.36830404843750003 0.42485042812499996 0.3695310453125 0.4311023328125
0 0.3218669109375 0.345537253125 0.3222493796875 0.33414425625 0.3213389875 0.32785837500000004 0.319708096875 0.32536885312499997 0.31333940781249997 0.32525123906250003 0.295891171875 0.33108234687500004 0.28526681875 0.340174009375 0.2810502078125 0.34789871875 0.2750195515625 0.3553777421875 0.27311931718750004 0.36155385 0.27734266406249997 0.36615521875 0.28890434531250003 0.3670438640625 0.2955531546875 0.3690955953125 0.300313846875 0.3721444421875 0.32278539687499996 0.3939803609375 0.3260121640625 0.39871764062500004 0.3344629 0.40619404687499994 0.3403871671875 0.41376846718750004 0.3549412875 0.4283017875 0.35839026406249996 0.4293106640625 0.366686121875 0.42694659531249995 0.37417259375 0.42074826875 0.37659805468749996 0.41819863125 0.3786114140625 0.40929515624999996 0.37811716562500003 0.40763678125 0.3689230328125 0.398535978125 0.35934373750000004 0.3867757625 0.355435525 0.3843502765625 0.337545553125 0.36608071249999996 0.33272290937500004 0.359095675 0.3240620828125 0.3501686796875 0.3218669109375 0.345537253125
1 0.3429268453125 0.6885425140625 0.34468710156250004 0.6949682265625 0.3425697546875 0.6984509453125 0.3401653328125 0.698273215625 0.3512478046875 0.7052020578125 0.35487054218749997 0.7064526984375 0.3653018421875 0.707303446875 0.37274196875 0.7058345609375001 0.3772273296875 0.70228780625 0.38494752499999996 0.6921532906250001 0.38695564375 0.6879452781250001 0.3863002734375 0.6835935140625 0.3818849265625 0.6735713890625 0.37815716093749996 0.6698691234374999 0.36617565625 0.6674959125 0.35629469999999996 0.6685453046875 0.3522910640625 0.6717823390625 0.3449069546875 0.680640075 0.3429268453125 0.6885425140625
1 0.137556890625 0.47235267968750005 0.13224895625 0.48366596093750003 0.132810284375 0.49098685625 0.13878907499999998 0.5017721734375 0.14402445 0.5057541015625 0.1468735125 0.5093165359375 0.1518953109375 0.5118478765625001 0.1618006296875 0.5142171671875 0.1807528515625 0.514879728125 0.1857828640625 0.5139584078125 0.189692965625 0.512447703125 0.20098105312499998 0.496141 0.198405803125 0.48391293593749996 0.19932445625 0.4778727390625 0.1979320953125 0.470170246875 0.1934962640625 0.4646018203125 0.1861634515625 0.46040818437500003 0.18128403906249999 0.458843903125 0.1617184671875 0.4575240046875 0.15238268906250002 0.45902294843749997 0.1447404671875 0.463253178125 0.137556890625 0.47235267968750005
1 0.3622363984375 0.3904479703125 0.36491945000000003 0.39749704375 0.3722886125 0.4054190828125 0.377606446875 0.408675715625 0.3836837671875 0.40813599062500006 0.39426690781249996 0.405534078125 0.3963721796875 0.403535925 0.401576440625 0.39201485625 0.40005462343750003 0.385555165625 0.39025651875 0.3740027375 0.386247559375 0.3723025453125 0.37739633437500003 0.3722149890625 0.3718030984375 0.374171325 0.36699348593750003 0.37775205624999997 0.36337775625 0.3838902671875 0.3622363984375 0.3904479703125
1 0.21649712031249999 0.35769608750000004 0.21472988124999998 0.3635964515625 0.2151251125 0.369708525 0.21631221250000002 0.3722660015625 0.22416175156249998 0.380120084375 0.23365572656250003 0.3865275 0.238094996875 0.3859498765625 0.2542739875 0.37324350625 0.2568613265625 0.367482971875 0.2560496921875 0.3638904796875 0.2508806578125 0.357906478125 0.24004854843749998 0.3497008578125 0.2356502109375 0.3487939140625 0.23039083749999997 0.34923170625 0.22374816250000001 0.3510821875 0.219639190625 0.3538356921875 0.21649712031249999 0.35769608750000004
1 0.5223017359375 0.40058113124999994 0.5152494109375 0.40767856093750005 0.5117489078124999 0.41578486562499994 0.5125297296875 0.4262826796875 0.5160288515625 0.43395511249999996 0.52154866875 0.4393876296875 0.532905896875 0.440102465625 0.5459787078125 0.44354858906250005 0.55011995625 0.4432467078125 0.557604990625 0.43905045625000005 0.5639278125 0.43057039531249997 0.5658888703125 0.42266795625000003 0.564550521875 0.41544899375 0.5612719140625 0.40750081875 0.551803625 0.39840001406250003 0.5475223 0.39600850468750004 0.542908121875 0.394893775 0.5331222375 0.3959431671875 0.527108690625 0.39772569375 0.5223017359375 0.40058113124999994
0 0.40768467968750005 0.619184784375 0.40356201562500005 0.6157922390625 0.3992843734375 0.6166116265625 0.3831283640625 0.6298694828125 0.3817802015625 0.633008503125 0.3824974859375 0.636117465625 0.386683240625 0.6434462015625 0.40113999843750003 0.6590145359374999 0.406130809375 0.6630304421875 0.4113835703125 0.6635597093750001 0.41497547187499995 0.661599453125 0.41802838124999997 0.657739059375 0.4217670296875 0.6550195328124999 0.42492280156250006 0.6536107624999999 0.4300685890625 0.6534147359375 0.43065558125000003 0.6503776484375 0.4289672890625 0.6441937 0.4297010296875 0.640397340625 0.442558634375 0.627581196875 0.4472010875 0.6257267953125 0.44808157499999995 0.6211711640625001 0.4470118203125 0.6139182234375 0.444994375 0.6090110546874999 0.4395002296875 0.6033367734375 0.4345011921875 0.6027735296875 0.43058425 0.6042842328125 0.42332501562499997 0.60944754375 0.4123586796875 0.6192984781249999 0.40768467968750005 0.619184784375
0 0.5843463328125 0.2181088984375 0.5802135546875 0.21620091874999997 0.5712902953125 0.2166648484375 0.564334703125 0.22179418125 0.560760228125 0.2272070984375 0.5589491609375 0.23238216875 0.5608024453125 0.239774940625 0.563986115625 0.2474813515625 0.5729121015625 0.26106983125 0.57760318125 0.27029870625 0.57607535 0.2774078953125 0.5773499078125 0.2861114234375 0.5795381703125 0.2887747546875 0.579781915625 0.29219343750000004 0.5817495828125 0.29685884218749997 0.5863698546875 0.3056041875 0.58913275625 0.3086830921875 0.5939463875000001 0.3117319390625 0.60121245 0.3122311484375 0.6070065078125 0.311449659375 0.6147845703125 0.3084282515625 0.6235389765625 0.3033028390625 0.628731159375 0.29841134999999996 0.63461645 0.2894817375 0.6365024109374999 0.2830638640625 0.6355110875000001 0.2762944546875 0.6228581109375 0.256552084375 0.6180444781250001 0.25350323750000003 0.61023918125 0.25283021875 0.6075075984375 0.25171940937500004 0.600120340625 0.2416214890625 0.589120475 0.22264231093750003 0.5843463328125 0.2181088984375
1 0.4068672796875 0.452731765625 0.4052339390625 0.4613255203125 0.41116847031250003 0.47214481406250003 0.41933944375000004 0.47305959687500004 0.426341109375 0.47683765781250004 0.43286312968749996 0.4774727796875 0.43635402812499996 0.47578826718749995 0.44124837968749997 0.467512071875 0.4440666390625 0.46492845625 0.444747790625 0.4623748984375 0.443525975 0.4561229953125 0.4399783109375 0.45041865625 0.43425664218750004 0.4445026109375 0.4275501421875 0.4426586671875 0.4208762828125 0.44278281875000003 0.4146863234375 0.4443235796875 0.4104404828125 0.44807812187499996 0.4068672796875 0.452731765625
0 0.383646190625 0.722743709375 0.3774428046875 0.7184141640624999 0.3618738703125 0.7106803125 0.3603552765625 0.707189753125 0.35329315 0.7056895078125 0.350531459375 0.7023688375 0.34630896718750004 0.7012201296875 0.339678225 0.69744206875 0.33136897187500003 0.6978380421875 0.3278842734375 0.7000400625000001 0.3205493390625 0.7089317765625001 0.3173401390625 0.71479424375 0.317397928125 0.720456765625 0.3204351140625 0.7274378828125 0.328339859375 0.73301415 0.3347260125 0.7350998578125 0.33734793750000003 0.73745346875 0.3427745546875 0.7399168546875 0.3543306421875 0.7479525859375 0.36887419062500004 0.753854253125 0.3707851984375 0.7565515625 0.37043848125 0.7681863250000001 0.3924553875 0.781942075 0.3999058984375 0.7843754015625 0.40487828124999997 0.7836958453125 0.40879033593749997 0.780942340625 0.4249640109375 0.757776053125 0.4306876203125 0.7394894937500001 0.429666265625 0.7359309796875 0.4263764296875 0.7307101703125001 0.420382690625 0.7278312125 0.41659158281249997 0.7244046890625 0.39991931875 0.7178077843749999 0.39533532031249996 0.719420421875 0.3885796 0.72354871875 0.383646190625 0.722743709375
0 0.608773959375 0.38561783437499997 0.6105773625 0.3821690921875 0.6159005953125 0.3782446625 0.6180260828125 0.37524547343750003 0.618643071875 0.37245015000000004 0.6120124703125 0.3674292890625 0.6090471140625 0.3611734640625 0.6039250093749999 0.3559487359375 0.5948780921875 0.35544560625 0.578237040625 0.36262536875 0.5730904796875 0.367758621875 0.5678066562499999 0.3701984859375 0.5654650859375 0.37347341875 0.5688965875 0.3951982609375 0.5730918468749999 0.39758976874999996 0.5815693390625001 0.39595099375 0.5844409234375 0.3963025328125 0.5859100109375001 0.39758323125 0.6026217453125 0.436496884375 0.60616468125 0.4414419515625 0.6200170593750001 0.47482507500000004 0.6261720109375 0.48360831875 0.6305480171875 0.4854823203125 0.6325593484375001 0.48521049843749997 0.643916578125 0.4804706 0.646866984375 0.47785300625 0.6460583718749999 0.4705660890625 0.6410545 0.46088766249999996 0.63595278125 0.44703128124999997 0.6278734734375 0.4320980671875 0.621703571875 0.41444140625000003 0.6185180546875 0.41018765625000003 0.6115979796875 0.39090659843750003 0.608773959375 0.38561783437499997
1 0.5064161281249999 0.45575444843749996 0.5043311 0.4592371671875 0.5036609140625 0.4652433859375 0.5086859484375 0.4815853703125 0.5088886609375 0.48821495 0.5140502109375 0.49319791406249996 0.52045560625 0.49604289375 0.5326927375 0.4978646203125 0.5376433015625001 0.4996706671875 0.5421994734375 0.4988173015625 0.5604931093750001 0.4818349609375 0.5609398999999999 0.47783081562499996 0.5633876015625 0.4750394125 0.5610846890625 0.4630191359375 0.556884290625 0.45223773906250003 0.5505630140625 0.444697296875 0.5431371671874999 0.4419882265625 0.53377798125 0.440276275 0.524011996875 0.4410839015625 0.5132090140625001 0.44893276249999997 0.5064161281249999 0.45575444843749996