0 0.517578125 0.62744140625 0.520263671875 0.630615234375 0.51953125 0.635986328125 0.5224609375 0.64794921875 0.5283203125 0.651123046875 0.551513671875 0.652587890625 0.55517578125 0.650634765625 0.55908203125 0.64501953125 0.56494140625 0.6435546875 0.56982421875 0.643798828125 0.576171875 0.64697265625 0.587646484375 0.646240234375 0.60205078125 0.64794921875 0.610595703125 0.6474609375 0.614990234375 0.646484375 0.617919921875 0.64453125 0.622802734375 0.633544921875 0.622314453125 0.624755859375 0.619140625 0.618408203125 0.606689453125 0.614501953125 0.565673828125 0.60986328125 0.562744140625 0.6083984375 0.560302734375 0.6015625 0.556640625 0.59912109375 0.53271484375 0.596435546875 0.529052734375 0.597412109375 0.525146484375 0.600341796875 0.5234375 0.603759765625 0.52392578125 0.60498046875 0.517578125 0.62744140625
1 0.355712890625 0.732666015625 0.361083984375 0.741455078125 0.368896484375 0.748291015625 0.3740234375 0.74951171875 0.38134765625 0.74951171875 0.392822265625 0.746826171875 0.40478515625 0.73876953125 0.412109375 0.724365234375 0.414306640625 0.712158203125 0.413330078125 0.709228515625 0.4052734375 0.69775390625 0.400634765625 0.693115234375 0.392333984375 0.69091796875 0.388427734375 0.69140625 0.364990234375 0.69580078125 0.3623046875 0.69775390625 0.3564453125 0.710205078125 0.35400390625 0.720703125 0.353759765625 0.725830078125 0.355712890625 0.732666015625
1 0.57177734375 0.431396484375 0.572998046875 0.434326171875 0.576416015625 0.437744140625 0.583740234375 0.44140625 0.59228515625 0.44189453125 0.595703125 0.441162109375 0.601806640625 0.43505859375 0.6025390625 0.427734375 0.600830078125 0.420654296875 0.59912109375 0.41796875 0.591796875 0.4140625 0.588134765625 0.4130859375 0.583251953125 0.4140625 0.5770671390625 0.4187824703125 0.5732421875 0.424072265625 0.57177734375 0.427734375 0.57177734375 0.431396484375
0 0.324462890625 0.5029296875 0.330078125 0.505615234375 0.337646484375 0.50390625 0.34033203125 0.501220703125 0.345947265625 0.489990234375 0.3505859375 0.4775390625 0.3515625 0.45703125 0.34912109375 0.45068359375 0.349365234375 0.448486328125 0.345703125 0.447265625 0.341796875 0.44775390625 0.332275390625 0.459716796875 0.329833984375 0.463134765625 0.329345703125 0.467529296875 0.322021484375 0.480712890625 0.32080078125 0.486083984375 0.32080078125 0.498291015625 0.324462890625 0.5029296875
1 0.552490234375 0.673095703125 0.556640625 0.676025390625 0.564208984375 0.677978515625 0.568603515625 0.678466796875 0.57275390625 0.67724609375 0.580078125 0.6708984375 0.583740234375 0.66552734375 0.583740234375 0.65966796875 0.579833984375 0.648193359375 0.577880859375 0.64599609375 0.56884765625 0.642578125 0.564208984375 0.641845703125 0.560302734375 0.64306640625 0.5546062015625 0.6490070796875 0.5498046875 0.65234375 0.548095703125 0.65673828125 0.548095703125 0.66259765625 0.552490234375 0.673095703125
0 0.356689453125 0.6982421875 0.36181640625 0.69921875 0.36962890625 0.695068359375 0.384521484375 0.691650390625 0.38818359375 0.68994140625 0.392578125 0.6904296875 0.39892578125 0.688720703125 0.399169921875 0.685546875 0.4033203125 0.68359375 0.409912109375 0.682861328125 0.412109375 0.679931640625 0.416015625 0.679931640625 0.427734375 0.673583984375 0.443603515625 0.671142578125 0.45556640625 0.667236328125 0.45849609375 0.6650390625 0.459716796875 0.661376953125 0.45849609375 0.6484375 0.455078125 0.640869140625 0.451416015625 0.639404296875 0.447265625 0.639404296875 0.43896484375 0.642333984375 0.419677734375 0.646484375 0.40771484375 0.650146484375 0.402587890625 0.654052734375 0.3912761234375 0.6591796875 0.388671875 0.6591796875 0.38134765625 0.662841796875 0.37646484375 0.663818359375 0.37353515625 0.665283203125 0.369873046875 0.67138671875 0.36669921875 0.67333984375 0.364501953125 0.677001953125 0.364990234375 0.678466796875 0.361083984375 0.6806640625 0.35888671875 0.677734375 0.359619140625 0.67431640625 0.35791015625 0.67138671875 0.357177734375 0.670654296875 0.35546875 0.671142578125 0.353271484375 0.6728515625 0.353271484375 0.69189453125 0.356689453125 0.6982421875
0 0.517333984375 0.440673828125 0.5205078125 0.444580078125 0.532470703125 0.449462890625 0.53857421875 0.45068359375 0.560791015625 0.458251953125 0.564208984375 0.460205078125 0.58349609375 0.4658203125 0.5849609375 0.466552734375 0.58740234375 0.47216796875 0.59033203125 0.4755859375 0.599609375 0.478759765625 0.60693359375 0.477783203125 0.610107421875 0.475341796875 0.61376953125 0.467041015625 0.617919921875 0.45361328125 0.621337890625 0.451416015625 0.619384765625 0.44140625 0.61669921875 0.439453125 0.6025390625 0.435546875 0.60107421875 0.43408203125 0.6015625 0.42919921875 0.600830078125 0.42236328125 0.599609375 0.41943359375 0.595703125 0.416259765625 0.588134765625 0.413818359375 0.583984375 0.414306640625 0.5771484375 0.419677734375 0.572265625 0.427734375 0.571533203125 0.4326171875 0.568603515625 0.43408203125 0.563720703125 0.433349609375 0.535888671875 0.42431640625 0.525146484375 0.4228515625 0.520751953125 0.424560546875 0.516845703125 0.434326171875 0.516357421875 0.43701171875 0.517333984375 0.440673828125
0 0.458984375 0.49169921875 0.463134765625 0.492919921875 0.463623046875 0.494384765625 0.468505859375 0.49853515625 0.4794921875 0.50244140625 0.501708984375 0.513671875 0.507568359375 0.51806640625 0.5126953125 0.523681640625 0.52978515625 0.5537109375 0.53076171875 0.55810546875 0.53369140625 0.5625 0.532470703125 0.568603515625 0.534423828125 0.5703125 0.53564453125 0.57421875 0.538330078125 0.578125 0.54052734375 0.57958984375 0.545166015625 0.579345703125 0.548583984375 0.578125 0.554443359375 0.573974609375 0.558837890625 0.56884765625 0.558349609375 0.565673828125 0.55615234375 0.56201171875 0.55078125 0.5576171875 0.549072265625 0.551025390625 0.5439453125 0.540771484375 0.53857421875 0.533935546875 0.523193359375 0.519775390625 0.503173828125 0.48974609375 0.504150390625 0.4853515625 0.510009765625 0.47802734375 0.509765625 0.474853515625 0.50537109375 0.47314453125 0.498046875 0.464599609375 0.493408203125 0.4619140625 0.483154296875 0.46630859375 0.466552734375 0.478515625 0.458740234375 0.4814453125 0.458251953125 0.488037109375 0.458984375 0.49169921875
1 0.373779296875 0.478271484375 0.37939453125 0.492431640625 0.3837890625 0.499755859375 0.38818359375 0.501708984375 0.412841796875 0.50146484375 0.423828125 0.49560546875 0.431884765625 0.487060546875 0.43212890625 0.4833984375 0.428466796875 0.47216796875 0.424560546875 0.468017578125 0.419189453125 0.4580078125 0.41650390625 0.455810546875 0.411865234375 0.4541015625 0.39990234375 0.453369140625 0.388427734375 0.4560546875 0.3818359375 0.462890625 0.374755859375 0.472900390625 0.373779296875 0.474853515625 0.373779296875 0.478271484375
1 0.566650390625 0.573974609375 0.57568359375 0.589111328125 0.57861328125 0.592041015625 0.580078125 0.595703125 0.583984375 0.5986328125 0.58984375 0.599609375 0.60400390625 0.599365234375 0.619140625 0.597900390625 0.627197265625 0.595458984375 0.640869140625 0.568603515625 0.64306640625 0.56298828125 0.6435546875 0.556396484375 0.642578125 0.552978515625 0.62255859375 0.525390625 0.615234375 0.522705078125 0.603515625 0.52197265625 0.576171875 0.525146484375 0.55908203125 0.560546875 0.55908203125 0.56591796875 0.566650390625 0.573974609375
0 0.478515625 0.642578125 0.486572265625 0.64599609375 0.502197265625 0.649169921875 0.50927734375 0.648193359375 0.512451171875 0.64501953125 0.515625 0.635986328125 0.517578125 0.63330078125 0.51806640625 0.62109375 0.515869140625 0.6138916015625 0.518798828125 0.601318359375 0.5185546875 0.594970703125 0.513671875 0.589111328125 0.50830078125 0.58984375 0.486328125 0.63134765625 0.48046875 0.633544921875 0.477783203125 0.63671875 0.477294921875 0.6396484375 0.478515625 0.642578125
1 0.619384765625 0.442626953125 0.6201171875 0.4453125 0.620361328125 0.451416015625 0.622314453125 0.4521484375 0.623779296875 0.45458984375 0.626708984375 0.455810546875 0.637451171875 0.455322265625 0.6435546875 0.452880859375 0.647216796875 0.44775390625 0.649658203125 0.440185546875 0.6494140625 0.43701171875 0.646728515625 0.429931640625 0.638671875 0.424072265625 0.630859375 0.424072265625 0.625244140625 0.42529296875 0.62109375 0.428955078125 0.617431640625 0.436767578125 0.6171875 0.43994140625 0.619384765625 0.442626953125
1 0.535888671875 0.369384765625 0.541259765625 0.375732421875 0.548583984375 0.381103515625 0.55615234375 0.3828125 0.568359375 0.3818359375 0.574462890625 0.37841796875 0.578125 0.37353515625 0.581298828125 0.36376953125 0.58056640625 0.3544921875 0.576904296875 0.345703125 0.569580078125 0.33837890625 0.564453125 0.335693359375 0.55712890625 0.335693359375 0.5458984375 0.33984375 0.5419921875 0.34326171875 0.537109375 0.35107421875 0.53515625 0.3564453125 0.53466796875 0.363525390625 0.535888671875 0.369384765625
0 0.650390625 0.52880859375 0.667724609375 0.5380859375 0.685546875 0.543212890625 0.708984375 0.555419921875 0.716552734375 0.556884765625 0.724853515625 0.560302734375 0.727783203125 0.56298828125 0.732421875 0.57421875 0.736328125 0.578369140625 0.740234375 0.578369140625 0.742919921875 0.576904296875 0.74609375 0.572021484375 0.749755859375 0.568603515625 0.749755859375 0.565673828125 0.760498046875 0.545654296875 0.762451171875 0.53662109375 0.762451171875 0.530517578125 0.759765625 0.52783203125 0.755615234375 0.528076171875 0.740478515625 0.53369140625 0.73583984375 0.533447265625 0.68017578125 0.510009765625 0.662109375 0.50341796875 0.658935546875 0.505615234375 0.656982421875 0.510009765625 0.654052734375 0.5126953125 0.651611328125 0.517822265625 0.64990234375 0.524658203125 0.649658203125 0.52783203125 0.650390625 0.52880859375
1 0.659912109375 0.583740234375 0.663818359375 0.588623046875 0.673095703125 0.60400390625 0.67822265625 0.606201171875 0.68701171875 0.607421875 0.701171875 0.607421875 0.708740234375 0.60400390625 0.716796875 0.59619140625 0.721923828125 0.583251953125 0.7216796875 0.576171875 0.719482421875 0.569091796875 0.71630859375 0.563232421875 0.71142578125 0.5576171875 0.704833984375 0.553955078125 0.693359375 0.552734375 0.677734375 0.553466796875 0.669921875 0.55810546875 0.659423828125 0.577880859375 0.658935546875 0.580810546875 0.659912109375 0.583740234375
1 0.638427734375 0.484619140625 0.65087890625 0.4853515625 0.656494140625 0.484130859375 0.66064453125 0.480712890625 0.664794921875 0.471923828125 0.6650390625 0.466064453125 0.662109375 0.45947265625 0.65478515625 0.453125 0.642333984375 0.452392578125 0.63818359375 0.4541015625 0.63623046875 0.4560546875 0.630615234375 0.470458984375 0.630126953125 0.474853515625 0.638427734375 0.484619140625
1 0.685791015625 0.46044921875 0.68896484375 0.4619140625 0.697509765625 0.46142578125 0.704833984375 0.45947265625 0.710205078125 0.454345703125 0.7138671875 0.443115234375 0.71240234375 0.4375 0.709716796875 0.433837890625 0.705078125 0.430419921875 0.69970703125 0.428955078125 0.6923828125 0.428955078125 0.685302734375 0.430908203125 0.68115234375 0.43408203125 0.67724609375 0.4423828125 0.676513671875 0.45166015625 0.685791015625 0.46044921875
0 0.356689453125 0.3173828125 0.356689453125 0.322998046875 0.357666015625 0.325439453125 0.361083984375 0.32861328125 0.37353515625 0.328369140625 0.37744140625 0.3291015625 0.387451171875 0.3271484375 0.392822265625 0.329345703125 0.402099609375 0.324462890625 0.405029296875 0.31982421875 0.404541015625 0.307373046875 0.397705078125 0.294921875 0.398681640625 0.290283203125 0.394287109375 0.2880859375 0.391845703125 0.28564453125 0.391357421875 0.284423828125 0.393310546875 0.28173828125 0.388916015625 0.277099609375 0.384521484375 0.276611328125 0.37744140625 0.278564453125 0.359375 0.302734375 0.357177734375 0.302001953125 0.35498046875 0.307373046875 0.354248046875 0.311279296875 0.356689453125 0.3173828125
0 0.75732421875 0.5244140625 0.7568359375 0.527587890625 0.759521484375 0.528564453125 0.760498046875 0.5302734375 0.760498046875 0.53955078125 0.751708984375 0.556640625 0.7529296875 0.559814453125 0.7490234375 0.564697265625 0.74853515625 0.569091796875 0.7431640625 0.577392578125 0.74462890625 0.594482421875 0.75 0.60107421875 0.760498046875 0.604736328125 0.77587890625 0.60546875 0.7861328125 0.6044921875 0.794189453125 0.6025390625 0.798828125 0.5986328125 0.799560546875 0.59619140625 0.79931640625 0.5712890625 0.797119140625 0.566162109375 0.79150390625 0.56201171875 0.790283203125 0.558837890625 0.791015625 0.519287109375 0.789794921875 0.5107421875 0.78662109375 0.507080078125 0.781005859375 0.50439453125 0.770263671875 0.50390625 0.76318359375 0.506591796875 0.759765625 0.509521484375 0.757080078125 0.51611328125 0.75634765625 0.520263671875 0.75732421875 0.5244140625