0 0.8522612328125 0.6196672703125 0.8490786828125 0.6094795625 0.8494680375 0.6021653812500001 0.8531037828124999 0.5991747859375 0.8550449515625 0.5953633296875 0.871450178125 0.5764072359375 0.8917636984374999 0.54934061875 0.894186125 0.5411534328125 0.8926073015625 0.5334932265625 0.888579040625 0.5298627265625 0.8801191359375 0.5255146234375 0.8751922000000001 0.524771465625 0.8661601859375001 0.5265057359374999 0.8547317031249999 0.5359395796875 0.844320809375 0.5495820140625 0.8388477234374999 0.5544336171875 0.8350562359374999 0.5603498859375 0.8300524812500001 0.5657146546875 0.827029884375 0.5711816437499999 0.8207749296875001 0.5767263328125 0.8166968625000001 0.5833612421875001 0.8133866328125 0.584901778125 0.800900571875 0.5862133609375 0.7952317546875001 0.5900769609375 0.793837790625 0.592938746875 0.7933824890625 0.5968268671875 0.795456603125 0.6045126265625 0.8084281328125 0.6174056828125 0.8240578078125 0.6270132265624999 0.8325826062499999 0.6301422999999999 0.8384741640625 0.6314241796875 0.8469459953125 0.6308833843749999 0.8505817406249999 0.6278927890625 0.8519497484375 0.625518615625 0.8522612328125 0.6196672703125
1 0.707645184375 0.3216182109375 0.699652065625 0.3126505703125 0.6832490859375 0.3025170828125 0.6714253703125 0.299953321875 0.6647159234375 0.299608334375 0.6579413640625 0.3004823765625 0.6515726359375 0.303088615625 0.648655775 0.3017162578125 0.6424053125 0.306773334375 0.6355395890625 0.30935401875 0.6313281468749999 0.3088929984375 0.6313172359375 0.3184269875 0.6267073578125 0.3487494140625 0.626003046875 0.3572698484375 0.628999103125 0.3618244625 0.65633810625 0.38181033750000004 0.6600134828125 0.382977221875 0.664250971875 0.38295063125 0.697049534375 0.3707019625 0.7051697140625001 0.3632962671875 0.7076645484374999 0.3492449578125 0.7087574421875 0.32412015781250003 0.707645184375 0.3216182109375
0 0.5883615765625 0.3154084265625 0.5926484609375 0.32394060156250004 0.5951794718750001 0.332627140625 0.6035836125 0.35286096875 0.60683439375 0.3574283609375 0.6104907265625 0.35908285625 0.6154832734375 0.359094596875 0.623174340625 0.35533321406249996 0.6272743140625 0.34869830625 0.627612509375 0.33771425625 0.6237724421874999 0.334827953125 0.6185799375000001 0.319892934375 0.61573576875 0.31705774062500003 0.60797416875 0.2988126921875 0.607632796875 0.295861465625 0.6048277718749999 0.292294853125 0.5984284796875 0.27191943749999997 0.598190434375 0.2623726703125 0.6058532890625 0.249808715625 0.6063240828125 0.245676790625 0.594265725 0.23307865 0.5927457796875 0.2334895984375 0.5908463765625 0.23632582968750002 0.58804188125 0.23508176249999999 0.5857875296875 0.23288802656250002 0.5856820859375 0.2301933828125 0.5826802796874999 0.22563876875000002 0.5745565046875 0.22815556718750002 0.5622664546875 0.2338812125 0.5575891828125 0.2373083109375 0.553043453125 0.24294244062499998 0.5523497796875 0.2465739765625 0.554042528125 0.2569288265625 0.552537746875 0.26638615312499997 0.5567713796875 0.27124845937500003 0.5619737578125 0.2720043953125 0.5695082453125 0.27116868437499997 0.5724437499999999 0.2722972375 0.57978675 0.2936989859375 0.58319516875 0.29998579687500004 0.5883615765625 0.3154084265625
0 0.22624813906250002 0.46586443437499997 0.22991532656250002 0.4667875125 0.23940752812500002 0.4653226015625 0.24632545781249998 0.4656803671875 0.2493161796875 0.46534608281249995 0.25313874687500004 0.4633434890625 0.2655698796875 0.4625195203125 0.2694711890625 0.46369918125 0.2732937546875 0.4616965875 0.2766869265625 0.4584494078125 0.282771959375 0.45583039062499997 0.2889227828125 0.45663743593749995 0.300821984375 0.46116442187500006 0.3030715 0.46079180624999994 0.3041633625 0.4588924671875 0.302731690625 0.45319548750000005 0.3032247796875 0.44857595000000006 0.30518733125 0.4442768828125 0.30138960937500003 0.441146771875 0.29822950625 0.44000544374999995 0.277462775 0.439175953125 0.25115694375 0.4400158109375 0.22417464687500002 0.4395983046875 0.22150868125 0.4384825296875 0.21927106406250002 0.43396624843750004 0.21782749687499997 0.433158165625 0.21367911875 0.4319657265625 0.20478464062500001 0.43150574375 0.1948241953125 0.4324574859375 0.19048159375 0.4349221375 0.1888438015625 0.437771146875 0.187297696875 0.44355860468749997 0.186870403125 0.45160420468750007 0.18862893281249998 0.465141309375 0.19156891250000002 0.47042734218750004 0.2012962875 0.4738641078125 0.2114131609375 0.474631784375 0.21690046875000002 0.4739376609375 0.22095715781249997 0.47219164999999996 0.223413846875 0.4679181375 0.22624813906250002 0.46586443437499997
0 0.596116559375 0.49768175625 0.5972836 0.49456338750000006 0.5965738390624999 0.4891485453125 0.587583915625 0.47964218281250004 0.5867565703125 0.47642159531250006 0.5897862843749999 0.4711984125 0.5923424734375 0.46081697187500004 0.5945589671875 0.4567744875 0.6020979421875 0.43271331718750006 0.6131913578125 0.40296690625 0.6130716515625 0.39587097656250003 0.6103021796875 0.391572946875 0.606181696875 0.389161478125 0.5997391359375001 0.3880978484375 0.5957111671875001 0.3886248296875 0.593100596875 0.3906913109375 0.588064490625 0.40070117187500004 0.58674066875 0.40674521406249997 0.5839863828125 0.4114935609375 0.581823209375 0.4192059125 0.5740861359375 0.437633990625 0.5727753796874999 0.443434225 0.5628359390625 0.47030607343749997 0.54945328125 0.47279835312499996 0.5456223515625 0.474313334375 0.5442321421874999 0.4769313140625 0.54394576875 0.4869401390625 0.5422681265625 0.49492185156249996 0.5429648203124999 0.5005805 0.5476241578125001 0.5069311984375 0.5532143015625001 0.50990694375 0.5679239609375 0.5153058984375 0.5793786171875001 0.5161374609375 0.5827109515625 0.5145969234375001 0.5909607453125 0.5005956874999999 0.596116559375 0.49768175625
0 0.5481229734374999 0.7357214078125 0.5525320421875 0.7366828171875001 0.55445604375 0.73311516875 0.55832784375 0.7162020734375 0.56318491875 0.6854048125000001 0.5625979515624999 0.6777957156250001 0.5602952390625 0.6744984640625 0.556602640625 0.6787080890625 0.5515828078125 0.6799153796875 0.5439235546875001 0.6841643734375 0.5379152953124999 0.6853205546875001 0.5281346328125001 0.6828590125 0.5187316328125 0.6826172796875001 0.512163359375 0.68032184375 0.4904827296875 0.6779784078125 0.46180436562500005 0.6720949515625 0.453155634375 0.6716477453125 0.4497748953125 0.6746511187500001 0.44720232812500005 0.6857639765625 0.44620305312499997 0.6952468578125 0.4475043875 0.69873680625 0.4512249875 0.703329753125 0.47157943125 0.7073159437500001 0.48349339843749994 0.7115991234375 0.49262339375 0.712315690625 0.49847625000000007 0.7140851828125 0.5323827031249999 0.7195055453125 0.5355303359375 0.72089068125 0.5481229734374999 0.7357214078125
0 0.46494157031250005 0.758015859375 0.45786082656250005 0.75423203125 0.461138275 0.730685065625 0.46229781875000003 0.7278105015625 0.4640907125 0.727168525 0.46825733906250006 0.72909238125 0.4693916921875 0.7313505234375001 0.47561484062500003 0.732401375 0.47615522656250003 0.7316955109375 0.4727138484375 0.7302975984375 0.471592625 0.7277956515625 0.47672080625 0.72585694375 0.473866296875 0.7252223921875001 0.47136731562499995 0.7226501703125 0.46480176718750005 0.7232931828125 0.46249367656249996 0.71950831875 0.4596058140625 0.7171607375 0.4582745390625 0.7185596859375 0.45521600937500006 0.7193815828125001 0.4500605078125 0.7171628109375 0.44773928749999997 0.713621753125 0.44574947031249995 0.7179208203125 0.43935565624999995 0.720039446875 0.43612645937499994 0.724030821875 0.43130662031250006 0.7482325421875 0.429158196875 0.750812190625 0.42458353281249994 0.7518012281249999 0.42221086718749995 0.7538804875 0.41949793125 0.76694379375 0.418260684375 0.7759262859375 0.418604146875 0.7788775125 0.42000213124999997 0.780904625 0.435626175 0.7846352703125 0.4548491375 0.7868381546875 0.46013592187499996 0.7866188671875001 0.46278534843749997 0.7840647734374999 0.4636943890625 0.7811774328125 0.46655067031249997 0.7607871671875001 0.46494157031250005 0.758015859375
0 0.4899072203125 0.741714003125 0.495161659375 0.7331797546875001 0.49465745156249996 0.7285091078125 0.49085755000000003 0.7288050609375001 0.4843826796875 0.7272538187500001 0.47368280625 0.7198650484375 0.45919621250000003 0.712528421875 0.4495827890625 0.708373015625 0.44681553125000006 0.7082324640625 0.44525338124999997 0.709131025 0.4445261125 0.7132501734375001 0.44561256250000003 0.7164835375 0.4536638375 0.7215375046875 0.45869628437500004 0.72643814375 0.4618743921875 0.728310890625 0.46833607656250004 0.7301059375000001 0.4754074453125 0.7346211828125 0.48220087500000003 0.7396112640625 0.4854855234375 0.7441786546875 0.4899072203125 0.741714003125
1 0.5193721265625 0.61123425625 0.5137285031250001 0.59016575625 0.5063893484374999 0.58661295625 0.4903151140625 0.5821253390625001 0.4817778828125 0.582178521875 0.47741743437500006 0.58391175625 0.46972513437499996 0.5915868125 0.46458854374999997 0.59841441875 0.4606893859375 0.600904625 0.46040077031250004 0.6062683578125 0.4666510578125 0.6300570578125 0.4697347140625 0.6333926421875 0.4746231109375 0.6358424421875 0.49367498750000005 0.640971 0.49843113125 0.6412137687499999 0.5073750484375 0.6336025984375 0.513301965625 0.6260819078125001 0.52041490625 0.6198441328125 0.5193721265625 0.61123425625
1 0.6495711656250001 0.260398040625 0.65381896875 0.25156887656250004 0.6539098984375 0.24521714218750001 0.6560989765625 0.23726098437499998 0.656216190625 0.23042163906250002 0.653904565625 0.2219916828125 0.6501156765625 0.21764254218749998 0.64259153125 0.21261412968750001 0.63471148125 0.20952338906249998 0.6297092390625 0.20902403593750002 0.626436096875 0.2091017375 0.6180030046875 0.2116057578125 0.6067336640625001 0.22007715625 0.6039368406250001 0.22531311562499998 0.6022493015625 0.23329482812500002 0.60268619375 0.2391845046875 0.60048290625 0.24273937656250003 0.6034012078125001 0.2492444390625 0.5999451390625 0.2573805171875 0.60254589375 0.2604467390625 0.6181088625 0.2702853125 0.622556996875 0.271734334375 0.627598665625 0.27150226875 0.64018863125 0.2665208203125 0.6495711656250001 0.260398040625
1 0.7737233609375 0.25442926250000003 0.7697068046875 0.248848315625 0.761982434375 0.2460141578125 0.753605034375 0.2458363125 0.7489630875 0.24706915624999998 0.7412408734375 0.25352518281249997 0.734053221875 0.26416424374999997 0.734001165625 0.269784559375 0.7364438421874999 0.27626406718749996 0.739045915625 0.279817903125 0.74347533125 0.2824859546875 0.7557885125 0.2850624921875 0.7581227687500001 0.28420226406250004 0.7687658546875 0.275448728125 0.77408631875 0.26642686875 0.7750315796875 0.2584068234375 0.7737233609375 0.25442926250000003
1 0.6327000046875 0.5555704890625 0.62915881875 0.5514779328125 0.621695340625 0.545718103125 0.6165620734374999 0.543255525 0.6088627078125 0.541884203125 0.5887805265625 0.5469699453125 0.5836221140625 0.5496400703125001 0.5801889578125 0.5575323421875 0.5775070390625 0.5701080375 0.5749813140625 0.5751129671874999 0.575127596875 0.5817212859375 0.5956889984375 0.6003741703125 0.60188801875 0.601668828125 0.622470315625 0.5966086421875 0.6310498421874999 0.5909351421875 0.636613446875 0.5760619375 0.6374794374999999 0.56461583125 0.6327000046875 0.5555704890625
1 0.702034415625 0.58169329375 0.69512424375 0.5735209578125 0.6903852796875001 0.572059159375 0.678019334375 0.5709454578125001 0.6751710828124999 0.5720239375 0.6690758781249999 0.5768499859375 0.6668803140625 0.5799172453125 0.6650702 0.580559221875 0.6605465296874999 0.5891318015625 0.6672048687500001 0.601936453125 0.6717980375 0.60608011875 0.6818082921874999 0.6085416609375 0.6873855046874999 0.6085789546875 0.695917003125 0.6055873234375 0.6988712875 0.6025583953125 0.703128796875 0.5942168437500001 0.7039659687500001 0.588147246875 0.702034415625 0.58169329375
1 0.7744420703125 0.45054946406249996 0.7587301859375 0.4485382390625 0.74997180625 0.45469935 0.7443484484375 0.46419604531249997 0.7445239984375001 0.47031675 0.7498971921875001 0.47938764687499996 0.7604792015624999 0.4818747421875 0.7650734140625 0.481860928125 0.7726804484375001 0.47808676875 0.778371575 0.4720161359375 0.781477759375 0.466549146875 0.7815567015625 0.46044121875000005 0.7793051953125001 0.45494971250000005 0.7744420703125 0.45054946406249996
1 0.7368456359375 0.4551645171875 0.7369509015625 0.44856897656249994 0.7330776296875 0.44030616250000004 0.728417921875 0.437137721875 0.7206480265625 0.43503498125 0.712518146875 0.43486991250000007 0.7034954875 0.441749665625 0.6983572359375 0.447358240625 0.6966758609375 0.4502072484375 0.696663646875 0.455096146875 0.6983471781249999 0.46153732343750004 0.7004438687500001 0.46506560312499995 0.705090284375 0.4684778515625 0.71435545 0.4711448671875 0.7189077375 0.47161866406249997 0.7270365390625 0.467138640625 0.7340034671875 0.4606442828125 0.7368456359375 0.4551645171875
1 0.3241741296875 0.5481969578125 0.32469977031249997 0.5384447171875 0.320540090625 0.52698686875 0.3146131171875 0.5203284796875 0.30847588593749997 0.5175709859375 0.2987625109375 0.5158536390624999 0.293404865625 0.5172919578124999 0.28536786406250003 0.5171268890625 0.2761843953125 0.52423766875 0.2694163953125 0.533182865625 0.2682425796875 0.536301234375 0.26936702968750004 0.548093365625 0.27091199375 0.552083703125 0.2741596125 0.5571387078125001 0.2794263359375 0.5620521234375 0.28849366875000004 0.56642578125 0.2979957203125 0.56739893125 0.3086847296875 0.5650099078124999 0.317340425 0.558361184375 0.3241741296875 0.5481969578125
0 0.3669947796875 0.4954616359375 0.375481009375 0.5039672203125 0.38444845625 0.508097071875 0.38946583437500004 0.5071335875 0.391277071875 0.50576019375 0.39668377499999996 0.49748252812500005 0.40140056562500004 0.4928364 0.40205154531250004 0.48993628125 0.3999516453125 0.4827381328125 0.38412752031249997 0.47214258750000004 0.3787825453125 0.46526594687499995 0.3598290921875 0.4481525609375 0.35865585625 0.44686964375000005 0.3580816890625 0.443661834375 0.360348190625 0.43840032031250004 0.3604909421875 0.43571845312499996 0.3585618546875 0.4346410109375 0.3536731984375 0.42852134062499997 0.3376663359375 0.4166939890625 0.3334696953125 0.41623296718749997 0.32498662500000003 0.4216626609375 0.314237053125 0.4323538671875 0.30804854531250003 0.44132461875000006 0.303174971875 0.444251328125 0.3007267859375 0.45292612656250003 0.3038431390625 0.459687771875 0.305967940625 0.4617532171875 0.3229653015625 0.473631678125 0.3268883609375 0.47456753437500004 0.32873853125 0.47246272187500005 0.3342900921875 0.47079337499999996 0.340820225 0.474064034375 0.35338629843749997 0.48522489375 0.3669947796875 0.4954616359375
0 0.3653189515625 0.5263994484375 0.36837617031250003 0.5202010421875001 0.3728372984375 0.5062519515624999 0.3723805375 0.5008498875 0.3688784640625 0.49675733125 0.36213562499999996 0.49298628125 0.3565126234375 0.491473371875 0.354377684375 0.48965173437500004 0.350564565625 0.49141052187499995 0.34589186562499996 0.490680140625 0.33832937812499997 0.4883335953125 0.326731346875 0.48260035625000003 0.3157844796875 0.4786120921875 0.31362361875 0.477278065625 0.3133104703125 0.47383922656250005 0.3149497671875 0.4709902171875 0.31287962812500003 0.46794955 0.3061756703125 0.46344708125 0.285974128125 0.4562914125 0.28076795625 0.45626689374999996 0.2743911578125 0.45960455156249996 0.271958134375 0.46339045156249997 0.2702550875 0.47210358281250003 0.267015371875 0.47707018124999995 0.2631395546875 0.48933818437500004 0.26211254375 0.494663584375 0.262179446875 0.5027347390625 0.265434225 0.5068145171875 0.271721353125 0.5098285953125 0.2889812671875 0.516343325 0.293731728125 0.5156108703125 0.323914771875 0.5169258984375 0.355792109375 0.5283519703125 0.360490728125 0.528594740625 0.3653189515625 0.5263994484375
0 0.4203928875 0.540809896875 0.43810003750000004 0.53853483125 0.44226592499999995 0.535813596875 0.446338840625 0.5301539109375 0.448156003125 0.5197341390625 0.44840439375 0.51045673125 0.4465840359375 0.506941228125 0.44576469531249996 0.49883174218750004 0.4388945296875 0.49579211093750003 0.4357154671875 0.48951807656249996 0.43511186718749995 0.44474824375 0.4311943703125 0.438192071875 0.4232958625 0.43558894375 0.41628127499999995 0.435231178125 0.40685444843749996 0.4376840890625 0.40392803749999995 0.4407130171875 0.4024784921875 0.4443062203125 0.40174858125 0.48118481874999997 0.4001283578125 0.4879475015625 0.39759795468750003 0.4929524328125 0.391507740625 0.4987537046875 0.39011071406250003 0.501371684375 0.39202936875 0.5310510984375 0.39338807343750004 0.533809628125 0.3977005109375 0.5376967109375 0.40512423750000004 0.5397866734375001 0.4203928875 0.540809896875
1 0.6593207453125001 0.2951314203125 0.6602597453125 0.2920002734375 0.658405228125 0.2838396796875 0.6535989468750001 0.2828654921875 0.64844401875 0.28358516875 0.64190678125 0.28619140781249996 0.627732896875 0.2974607046875 0.6263238546875 0.2998348796875 0.6266212 0.308406421875 0.6284880015625001 0.3116781203125 0.632287359375 0.31235739218749997 0.6365289375 0.30963615624999996 0.645120125 0.3068883296875 0.65701280625 0.2999053234375 0.6616976921875 0.298428671875 0.659965653125 0.2973640078125 0.6593207453125001 0.2951314203125