0 0.928466796875 0.610107421875 0.934814453125 0.619140625 0.94189453125 0.638427734375 0.94677734375 0.6463623046875 0.948974609375 0.653564453125 0.9541015625 0.662353515625 0.9541015625 0.668701171875 0.94677734375 0.6728515625 0.94580078125 0.674560546875 0.954345703125 0.69775390625 0.9580078125 0.703369140625 0.962646484375 0.7060546875 0.966552734375 0.705810546875 0.999755859375 0.69970703125 0.999755859375 0.661376953125 0.99169921875 0.66064453125 0.98486328125 0.6494140625 0.982421875 0.648193359375 0.9814453125 0.64453125 0.978515625 0.642333984375 0.980224609375 0.638916015625 0.978271484375 0.63623046875 0.978271484375 0.630126953125 0.976318359375 0.628173828125 0.974853515625 0.62451171875 0.974609375 0.620361328125 0.969482421875 0.611083984375 0.9697265625 0.60986328125 0.96337890625 0.603515625 0.962890625 0.60107421875 0.959716796875 0.59765625 0.955810546875 0.59619140625 0.943115234375 0.59765625 0.9384765625 0.600341796875 0.9345703125 0.600830078125 0.929443359375 0.604248046875 0.92822265625 0.60693359375 0.928466796875 0.610107421875
1 0.766845703125 0.45751953125 0.781982421875 0.475341796875 0.786865234375 0.47802734375 0.803466796875 0.476806640625 0.814453125 0.474365234375 0.822265625 0.469482421875 0.82568359375 0.466064453125 0.826416015625 0.463623046875 0.829833984375 0.459716796875 0.833251953125 0.450927734375 0.833740234375 0.442138671875 0.829833984375 0.43359375 0.818359375 0.42236328125 0.811767578125 0.419677734375 0.80712890625 0.4189453125 0.798828125 0.41943359375 0.782958984375 0.423583984375 0.779296875 0.425048828125 0.775634765625 0.428466796875 0.77294921875 0.43115234375 0.771240234375 0.43505859375 0.765625 0.451171875 0.766845703125 0.45751953125
1 0.69384765625 0.3515625 0.700439453125 0.360107421875 0.70654296875 0.361328125 0.717041015625 0.361328125 0.72412109375 0.354736328125 0.729736328125 0.343994140625 0.730224609375 0.33740234375 0.72802734375 0.33203125 0.724365234375 0.327880859375 0.717529296875 0.3251953125 0.70703125 0.325439453125 0.70458984375 0.326416015625 0.697021484375 0.33447265625 0.692138671875 0.343994140625 0.691650390625 0.346435546875 0.69384765625 0.3515625
1 0.5751953125 0.486572265625 0.581787109375 0.48876953125 0.591796875 0.489013671875 0.600341796875 0.47998046875 0.60302734375 0.47314453125 0.6015625 0.466552734375 0.598388671875 0.460693359375 0.595703125 0.45849609375 0.58837890625 0.45703125 0.5830078125 0.45703125 0.580078125 0.458251953125 0.573486328125 0.4658203125 0.5712890625 0.4697265625 0.5703125 0.4755859375 0.5751953125 0.486572265625
0 0.400146484375 0.2236328125 0.403564453125 0.234619140625 0.407958984375 0.238525390625 0.412109375 0.240234375 0.416259765625 0.240478515625 0.420166015625 0.242919921875 0.43408203125 0.27099609375 0.443115234375 0.28515625 0.4462890625 0.28662109375 0.45166015625 0.287353515625 0.458984375 0.28515625 0.46337890625 0.282470703125 0.466552734375 0.279052734375 0.467529296875 0.271484375 0.467041015625 0.26708984375 0.45751953125 0.251220703125 0.449951171875 0.232177734375 0.447998046875 0.22607421875 0.44921875 0.21142578125 0.43505859375 0.188232421875 0.431884765625 0.18505859375 0.428466796875 0.18408203125 0.417724609375 0.18505859375 0.408447265625 0.190673828125 0.403564453125 0.195068359375 0.396484375 0.20263671875 0.39501953125 0.20654296875 0.394775390625 0.211181640625 0.400146484375 0.2236328125
0 0.681884765625 0.520263671875 0.68603515625 0.52392578125 0.6982421875 0.5302734375 0.70166015625 0.535400390625 0.713134765625 0.57421875 0.713134765625 0.57763671875 0.71484375 0.581298828125 0.714599609375 0.583984375 0.722412109375 0.607666015625 0.726318359375 0.614990234375 0.72900390625 0.616943359375 0.737060546875 0.6181640625 0.748291015625 0.616455078125 0.755859375 0.61279296875 0.757568359375 0.60693359375 0.755859375 0.59765625 0.75439453125 0.59521484375 0.75439453125 0.592041015625 0.74951171875 0.57763671875 0.748046875 0.570068359375 0.7451171875 0.56298828125 0.736328125 0.530517578125 0.733154296875 0.522216796875 0.7333984375 0.517822265625 0.735107421875 0.513671875 0.7431640625 0.504150390625 0.7421875 0.50146484375 0.73583984375 0.499755859375 0.689697265625 0.512451171875 0.685302734375 0.51123046875 0.681640625 0.514404296875 0.68115234375 0.518798828125 0.681884765625 0.520263671875
0 0.50634765625 0.543701171875 0.5087890625 0.54638671875 0.513427734375 0.54736328125 0.58251953125 0.536865234375 0.587890625 0.53662109375 0.591552734375 0.5400390625 0.59521484375 0.54150390625 0.60302734375 0.54150390625 0.614990234375 0.537353515625 0.6171875 0.533447265625 0.614990234375 0.517333984375 0.610595703125 0.50146484375 0.609130859375 0.498291015625 0.6044921875 0.496826171875 0.591796875 0.498291015625 0.587890625 0.499755859375 0.585693359375 0.50146484375 0.58447265625 0.507568359375 0.577392578125 0.5107421875 0.5166015625 0.521484375 0.505615234375 0.52490234375 0.50341796875 0.527587890625 0.503173828125 0.532958984375 0.50634765625 0.543701171875
0 0.59765625 0.7646484375 0.596923828125 0.77392578125 0.599609375 0.777099609375 0.611083984375 0.77685546875 0.615234375 0.77392578125 0.615966796875 0.770751953125 0.611572265625 0.76513671875 0.609619140625 0.760498046875 0.607421875 0.747314453125 0.602294921875 0.726806640625 0.599365234375 0.720458984375 0.596923828125 0.7177734375 0.594970703125 0.717529296875 0.59326171875 0.72119140625 0.593017578125 0.730224609375 0.59765625 0.7646484375
1 0.35498046875 0.501220703125 0.3544921875 0.5224609375 0.3564453125 0.52734375 0.364990234375 0.533447265625 0.392333984375 0.548095703125 0.39892578125 0.547607421875 0.403564453125 0.5439453125 0.408203125 0.54296875 0.4111328125 0.53955078125 0.423583984375 0.533447265625 0.434326171875 0.52490234375 0.434814453125 0.495361328125 0.433349609375 0.48095703125 0.43115234375 0.478271484375 0.406494140625 0.465576171875 0.403564453125 0.463134765625 0.396484375 0.46044921875 0.39208984375 0.46044921875 0.36474609375 0.474853515625 0.361572265625 0.4794921875 0.356201171875 0.483642578125 0.354248046875 0.493896484375 0.35400390625 0.49853515625 0.35498046875 0.501220703125
1 0.281982421875 0.445068359375 0.2861328125 0.449462890625 0.294677734375 0.45458984375 0.302490234375 0.45751953125 0.30615234375 0.45703125 0.31494140625 0.452392578125 0.31787109375 0.44873046875 0.31787109375 0.4365234375 0.31640625 0.43115234375 0.312744140625 0.424072265625 0.302978515625 0.420654296875 0.298583984375 0.42041015625 0.2890625 0.425048828125 0.283203125 0.43115234375 0.280517578125 0.43701171875 0.281982421875 0.445068359375
0 0.537841796875 0.614990234375 0.54931640625 0.633056640625 0.55712890625 0.640380859375 0.5634765625 0.640380859375 0.56787109375 0.63818359375 0.572021484375 0.638916015625 0.574951171875 0.636474609375 0.58056640625 0.634521484375 0.583740234375 0.630615234375 0.58349609375 0.615478515625 0.585693359375 0.612060546875 0.591796875 0.60986328125 0.595458984375 0.60693359375 0.62353515625 0.5927734375 0.6259765625 0.59033203125 0.64453125 0.57958984375 0.65478515625 0.574951171875 0.663330078125 0.568359375 0.665771484375 0.563232421875 0.66552734375 0.5595703125 0.662353515625 0.552978515625 0.6591796875 0.55029296875 0.65576171875 0.549072265625 0.64990234375 0.548828125 0.646240234375 0.551513671875 0.6337890625 0.55615234375 0.630859375 0.558837890625 0.611083984375 0.56884765625 0.606689453125 0.572509765625 0.571533203125 0.591552734375 0.568603515625 0.590576171875 0.560546875 0.582763671875 0.552734375 0.58203125 0.546630859375 0.58984375 0.538330078125 0.594970703125 0.535888671875 0.597900390625 0.53564453125 0.60693359375 0.537841796875 0.614990234375
0 0.28662109375 0.304931640625 0.289794921875 0.31103515625 0.298095703125 0.322509765625 0.3046875 0.32861328125 0.314208984375 0.334228515625 0.318115234375 0.3349609375 0.322265625 0.33447265625 0.33349609375 0.32568359375 0.341552734375 0.317626953125 0.343017578125 0.31396484375 0.343017578125 0.31005859375 0.3408203125 0.3017578125 0.345458984375 0.299072265625 0.356201171875 0.288818359375 0.3662109375 0.28173828125 0.37353515625 0.27392578125 0.376220703125 0.267333984375 0.37548828125 0.260986328125 0.372802734375 0.256103515625 0.364990234375 0.248291015625 0.361572265625 0.2470703125 0.35693359375 0.248046875 0.3525390625 0.250244140625 0.33203125 0.268310546875 0.32080078125 0.276611328125 0.31884765625 0.277587890625 0.31103515625 0.276123046875 0.306640625 0.277099609375 0.286376953125 0.2939453125 0.28564453125 0.300048828125 0.28662109375 0.304931640625
0 0.3056640625 0.40234375 0.314697265625 0.413330078125 0.314697265625 0.42236328125 0.3125 0.42529296875 0.315673828125 0.43212890625 0.3173828125 0.451416015625 0.319580078125 0.457275390625 0.32177734375 0.49072265625 0.326171875 0.49658203125 0.3291015625 0.498046875 0.337646484375 0.498046875 0.35107421875 0.494873046875 0.35302734375 0.492919921875 0.353759765625 0.47412109375 0.352783203125 0.469482421875 0.350830078125 0.436767578125 0.35009765625 0.43115234375 0.348388671875 0.427978515625 0.346923828125 0.4130859375 0.347900390625 0.40966796875 0.35693359375 0.3984375 0.359375 0.392822265625 0.3564453125 0.390869140625 0.342529296875 0.387451171875 0.325927734375 0.386962890625 0.3095703125 0.389892578125 0.298828125 0.3955078125 0.298828125 0.39697265625 0.3056640625 0.40234375
0 0.636962890625 0.53515625 0.643310546875 0.542236328125 0.648681640625 0.545166015625 0.650634765625 0.5478515625 0.66259765625 0.54833984375 0.669677734375 0.546630859375 0.673583984375 0.54248046875 0.680908203125 0.52734375 0.681640625 0.521484375 0.680419921875 0.5126953125 0.68603515625 0.501708984375 0.686767578125 0.497802734375 0.685791015625 0.491943359375 0.673828125 0.48583984375 0.666015625 0.486572265625 0.658203125 0.5 0.65478515625 0.502197265625 0.64990234375 0.502685546875 0.64599609375 0.50439453125 0.63671875 0.518798828125 0.634521484375 0.52392578125 0.634521484375 0.530517578125 0.636962890625 0.53515625
0 0.229248046875 0.443115234375 0.22998046875 0.44580078125 0.232177734375 0.44775390625 0.2392578125 0.448974609375 0.2421875 0.450927734375 0.244873046875 0.45458984375 0.249267578125 0.47412109375 0.252685546875 0.495361328125 0.257568359375 0.538818359375 0.259521484375 0.544921875 0.263427734375 0.54931640625 0.271728515625 0.548828125 0.28271484375 0.545654296875 0.28369140625 0.543212890625 0.28369140625 0.535400390625 0.281494140625 0.521484375 0.277587890625 0.510498046875 0.277099609375 0.50341796875 0.27783203125 0.500244140625 0.276611328125 0.48876953125 0.273193359375 0.4677734375 0.273193359375 0.46142578125 0.2705078125 0.45166015625 0.270751953125 0.448486328125 0.272705078125 0.445556640625 0.281982421875 0.44287109375 0.28271484375 0.433837890625 0.279052734375 0.43017578125 0.275390625 0.418212890625 0.271484375 0.41552734375 0.268310546875 0.414794921875 0.254638671875 0.4140625 0.237060546875 0.41748046875 0.234130859375 0.41943359375 0.232666015625 0.425048828125 0.23291015625 0.435302734375 0.229248046875 0.443115234375
1 0.668701171875 0.485595703125 0.6748046875 0.48681640625 0.677734375 0.489013671875 0.685546875 0.49169921875 0.693359375 0.489990234375 0.697509765625 0.48681640625 0.701171875 0.480712890625 0.702880859375 0.471923828125 0.700927734375 0.466064453125 0.695068359375 0.460205078125 0.689453125 0.457275390625 0.68212890625 0.456787109375 0.677490234375 0.4580078125 0.66943359375 0.463134765625 0.666748046875 0.46923828125 0.6650390625 0.477783203125 0.6650390625 0.481689453125 0.668701171875 0.485595703125
1 0.28125 0.5283203125 0.2861328125 0.533447265625 0.294677734375 0.536865234375 0.302001953125 0.5380859375 0.306640625 0.537841796875 0.31298828125 0.53662109375 0.318115234375 0.5341796875 0.322021484375 0.531494140625 0.326171875 0.52685546875 0.330078125 0.51904296875 0.330322265625 0.5068359375 0.328125 0.49951171875 0.3203125 0.489501953125 0.311767578125 0.486572265625 0.302734375 0.486328125 0.291259765625 0.489013671875 0.282958984375 0.495361328125 0.278076171875 0.500732421875 0.27685546875 0.50341796875 0.275634765625 0.50732421875 0.28125 0.5283203125
1 0.443115234375 0.71484375 0.449951171875 0.72412109375 0.458740234375 0.731201171875 0.465087890625 0.73291015625 0.470703125 0.73291015625 0.482177734375 0.72998046875 0.4912109375 0.723876953125 0.494140625 0.71923828125 0.49658203125 0.71240234375 0.499755859375 0.702880859375 0.501220703125 0.694580078125 0.500244140625 0.69189453125 0.48583984375 0.675048828125 0.4775390625 0.6708984375 0.449951171875 0.677001953125 0.447998046875 0.680419921875 0.441650390625 0.700439453125 0.44091796875 0.706787109375 0.443115234375 0.71484375
1 0.44775390625 0.54248046875 0.458740234375 0.55419921875 0.468017578125 0.55322265625 0.478515625 0.550048828125 0.479736328125 0.543701171875 0.482421875 0.537109375 0.482177734375 0.53076171875 0.477294921875 0.524658203125 0.47021484375 0.519287109375 0.466552734375 0.517822265625 0.454345703125 0.52197265625 0.451171875 0.524658203125 0.4482421875 0.533447265625 0.447265625 0.53857421875 0.44775390625 0.54248046875
1 0.54296875 0.67919921875 0.559814453125 0.697998046875 0.564208984375 0.701171875 0.580078125 0.699951171875 0.587646484375 0.697509765625 0.595458984375 0.69287109375 0.60009765625 0.684326171875 0.603271484375 0.67431640625 0.6044921875 0.666015625 0.603271484375 0.660888671875 0.595703125 0.65087890625 0.583984375 0.638916015625 0.576416015625 0.63916015625 0.552490234375 0.64453125 0.549072265625 0.650634765625 0.548583984375 0.654052734375 0.544677734375 0.662841796875 0.5419921875 0.674072265625 0.54296875 0.67919921875