1 0.70145488125 0.8386625000000001 0.701457125 0.8339663609375 0.6991004390625 0.82543603125 0.6963356234375 0.8210431859374999 0.693632965625 0.8193792078125 0.693215096875 0.817335553125 0.6915151703125 0.8155832078125 0.6846368359375 0.813752234375 0.67343005625 0.81271880625 0.6676405765625 0.8164983375 0.6622045640625001 0.8242887921875001 0.6611112218749999 0.8280705656249999 0.66155305625 0.8330842234375 0.6644706390625 0.8365125296875 0.6667269765625 0.8425551265625 0.6715976046875001 0.8492589718750001 0.6787672484375 0.852372003125 0.6858747359375 0.852756165625 0.691561621875 0.8511850421875 0.6983418515625 0.84583214375 0.70145488125 0.8386625000000001
0 0.541345678125 0.5651310890625 0.537819265625 0.5608648015625 0.536589625 0.5577038390625 0.5368449859375 0.5545308953125 0.5464229703125 0.5377562921875 0.5611434140625 0.5166053140625 0.5632297484375 0.506554034375 0.5648173437499999 0.5043336453125 0.56351131875 0.501654953125 0.553056396875 0.49431382656249995 0.5463428140625 0.49300331562500005 0.5441845828125 0.49414458906250003 0.5408850796875 0.49312763125 0.5362510984375 0.4958542546875 0.5325052734375 0.49921591718749997 0.5291511078125 0.50634736875 0.52581116875 0.510267684375 0.5252764796875 0.513643571875 0.5229774640625 0.5172343859375 0.5222900078125 0.5215748125 0.515710478125 0.531903175 0.5150612140625 0.53600246875 0.512647621875 0.5403166859375 0.5092575078125 0.542993134375 0.504370409375 0.544196565625 0.5025034890625 0.546619896875 0.49621975625000003 0.5488380421875 0.4946823359375 0.552302296875 0.48927253281249994 0.558366615625 0.487544153125 0.5630365453125 0.486691946875 0.5668565109375 0.487592084375 0.56897655 0.4967649484375 0.576608984375 0.5007496640625 0.5779816531249999 0.5084637359374999 0.5838999359375 0.522206178125 0.59077301875 0.52565845 0.5908254375 0.5288194125000001 0.5895957968750001 0.54136964375 0.568101090625 0.541345678125 0.5651310890625
1 0.49454527343750004 0.52039386875 0.48285622500000003 0.5192840578125 0.4775991890625 0.5243838375000001 0.47193402500000003 0.5336211015625001 0.4711582015625 0.5369587984375 0.474479428125 0.5456418953125 0.4786528609375 0.550505028125 0.486710659375 0.554253096875 0.50001575625 0.546720246875 0.5034582890625 0.5405915265625 0.50393081875 0.5344867703125 0.5011420375 0.5271239234375 0.497844778125 0.5214108265624999 0.49454527343750004 0.52039386875
0 0.44453750625 0.5208776687500001 0.44735474062499997 0.5218182421875001 0.44967547812499997 0.52589356875 0.460371534375 0.5332728859375 0.4655237328125 0.5350776500000001 0.47198419999999996 0.53486496875 0.47508300468750003 0.5309064609374999 0.47919652343749997 0.5283445875 0.48317374375 0.5188399796875001 0.4813232921875 0.5133560359375 0.4779998234375 0.5093690750000001 0.4636245859375 0.498688009375 0.4611128875 0.49581835781250005 0.4572427484375 0.493722284375 0.44697878593749996 0.485175484375 0.441902971875 0.4828884515625 0.440964640625 0.481009546875 0.44283380625 0.473890078125 0.44283605000000004 0.46919393906250006 0.42279039531249996 0.4521767234375 0.419693834375 0.4514390921875 0.41356287031249994 0.45269269687499997 0.4014731875 0.46659764687500005 0.3922771234375 0.4809609015625 0.3904963265625 0.48908310312500003 0.39293164062499997 0.49243502499999997 0.396104584375 0.4926903859375 0.4069916015625 0.49886402968750004 0.4078273390625 0.5029513390625 0.4110744234375 0.50742056875 0.41420917656249995 0.5079170656249999 0.4242005421875 0.50257839375 0.428868228125 0.5090029109375 0.44453750625 0.5208776687500001
0 0.6171436046875 0.5126213109375 0.6227016890625 0.514984728125 0.6329199640625001 0.5128953859375 0.63491344375 0.5112336515625 0.6354601140625 0.509342765625 0.635579178125 0.499227084375 0.6328046234375 0.4886530984375 0.6285899890625 0.463761546875 0.6267395390625 0.458277603125 0.6256409453125 0.4464859625 0.6238788609375 0.44200475 0.6218179703125 0.4253642015625 0.62454908125 0.4206059046875 0.6295125640625 0.41892020468749996 0.6323822171875 0.41640850625 0.6333108078125 0.41210627187500004 0.631319571875 0.40907186875 0.6276021984375 0.40601125624999995 0.6268308625000001 0.399956675 0.62466289375 0.394916809375 0.607045821875 0.3953399296875 0.6011679765625 0.398116728125 0.5879415078125 0.4004711703125 0.5864302968749999 0.40220928906250003 0.5857308578125 0.405064715625 0.5873978453124999 0.4226316109375 0.592359084375 0.4256420484375 0.596420184375 0.42653244843750004 0.5994905359375 0.42899621562499995 0.6021100796875001 0.445230878125 0.60412528125 0.45123528281249997 0.603996478125 0.45516982500000003 0.6115158671875001 0.49665175 0.6171436046875 0.5126213109375
1 0.43906258749999993 0.5835367796875001 0.4391172484375 0.5753883703125 0.43572412656250004 0.557795265625 0.43332700468749996 0.5542022078125 0.42878363437499994 0.553235425 0.41915246718750004 0.5484966078125 0.41396207656249995 0.5469329796875 0.40589005 0.5463960484375 0.3941201296875 0.55516078125 0.3864375203125 0.5630897796875 0.38522960156249997 0.5675949578124999 0.3850865734375 0.5747406359375 0.38867065625 0.591128065625 0.3915882390625 0.594556371875 0.3943290890625 0.595979215625 0.41095316718749997 0.6018256015625 0.41701973125 0.6025392671875001 0.42321509687500003 0.5993183906249999 0.43700470625000004 0.5871657859375 0.43906258749999993 0.5835367796875001
0 0.6841636421875 0.954077725 0.690022009375 0.9389386484375001 0.6918507390624999 0.9367564515625 0.7138726375 0.9350535171875001 0.7197362578125001 0.9354878546875 0.73769705625 0.932894521875 0.7442458890625 0.9336845703125001 0.74997096875 0.9318723109375 0.7537527421875 0.932965653125 0.772398753125 0.9307280296875 0.7775651781249999 0.92932165625 0.779940578125 0.9252485734375 0.780475265625 0.9218726859374999 0.7779538296874999 0.91282189375 0.7721186609374999 0.90596528125 0.763464015625 0.9028642328125001 0.757562203125 0.9026710296875 0.7546423765625 0.9039388609375001 0.7318206890625001 0.9060094890625001 0.72206071875 0.9052052140625 0.7191790828125 0.9062319109375 0.70313538125 0.9076457796874999 0.699415765625 0.9092813062499999 0.68885600625 0.9088447234375 0.6842242703125 0.906875209375 0.6819679328125 0.9008326109375 0.6792532921875 0.89768363125 0.67547151875 0.896590290625 0.6698729984375 0.8991641453125 0.6511124109375 0.9021251734375 0.6487512375 0.9029871203125 0.6474811625 0.9047634312499999 0.6454809515625 0.9205135796875 0.6463384109375 0.9322670296875 0.6501943234375 0.9375742406249999 0.6510300609375 0.9416615500000001 0.65451828125 0.9461689718749999 0.655227459375 0.9494946843750001 0.6591859671875 0.9525934890625001 0.673087334375 0.95430088125 0.6796442375 0.9560809453125 0.6841636421875 0.954077725
0 0.5120207437500001 0.4178613828125 0.5234641703125 0.4283252796875 0.53520115 0.4353750953125 0.5396321875 0.4323691453125 0.5450801828125 0.42606369062500005 0.546249909375 0.421799646875 0.5453377875000001 0.41819460781249995 0.540352584375 0.41221416718750004 0.5267771359375 0.4011654078125 0.526156325 0.3988424265625 0.5199130281250001 0.3961232984375 0.5155366515625001 0.3909808390625 0.50872271875 0.3871825953125 0.49276213125 0.37402578124999997 0.49088547031249996 0.370267971875 0.49261385 0.36559804375 0.4919428640625 0.3620311953125 0.4805758203125 0.3510850296875 0.47422993125 0.3505743078125 0.4673351265625 0.35665060937500004 0.46348670781249995 0.3622206765625 0.460020209375 0.3653793953125 0.4546081625 0.376139853125 0.45413563281249997 0.3822446078125 0.459844240625 0.388339625 0.4709222171875 0.39330759375 0.47780279531250003 0.39044242812499996 0.4919750890625 0.40084416718749993 0.49341965468750004 0.4057694578125 0.49796302499999995 0.406736240625 0.5011097609374999 0.40871773749999996 0.5061331578125 0.41445704218749996 0.5120207437500001 0.4178613828125
1 0.6177241328124999 0.7586612078125 0.6281618203125 0.7489439171875001 0.634715140625 0.7403416890625001 0.6400126109375 0.7303046359375001 0.6400530468750001 0.7253673640625 0.6413875234375 0.72162378125 0.636585784375 0.7035603906250001 0.6336060421874999 0.6974032171875 0.6317698171874999 0.6887081359375 0.6292079453125 0.6845946171875 0.62187355 0.6809611234374999 0.6178244312500001 0.6815557265625001 0.6136367734375 0.67990373125 0.6123809234375 0.6784689046875 0.600450740625 0.6773209 0.597951025 0.6759362484375 0.578165984375 0.671319503125 0.570521565625 0.679007365625 0.5516995859375 0.7042052171875001 0.5500333640624999 0.7116040140625 0.5521608984374999 0.721581153125 0.5562294953125 0.7333488296875 0.5649395671875 0.753267159375 0.5703186734375 0.758321253125 0.59873439375 0.7630690437500001 0.6075178421875 0.7622355515625 0.612037246875 0.76023233125 0.6144867875 0.7603731171875 0.6177241328124999 0.7586612078125
1 0.6928022781250001 0.5124924578125001 0.687170053125 0.505915171875 0.6795443484375 0.5009996218749999 0.6727543796875 0.5001713796875 0.661533375 0.5023490890625 0.65562931875 0.5068520234375 0.64908798125 0.5169392515625 0.6475101265625 0.5253407796875 0.6521635859375 0.5349764343750001 0.6563490015625 0.54132456875 0.6663096703125 0.547104309375 0.6716146359375 0.5479445328125 0.6809567375000001 0.5467051546875 0.6896540625 0.540172790625 0.6945696140625001 0.5325470859375 0.695488465625 0.5220637124999999 0.6928022781250001 0.5124924578125001
1 0.696989171875 0.48917876250000003 0.70123149375 0.482682346875 0.7024656203124999 0.47645103281249995 0.7021383625000001 0.47071397187499997 0.6993638078125 0.4601399875 0.6958134296875 0.4529036984375 0.6837065124999999 0.44975023125 0.6762957328125 0.44659900781250006 0.6660272843749999 0.44744448437499995 0.6609372437500001 0.44836858749999997 0.6570648593749999 0.450968653125 0.6543359921875 0.45103081093749997 0.6522017265625 0.4551420859375 0.6473266109375 0.4578305171875 0.6453833062500001 0.46073611875 0.6443401390625 0.46576175781250007 0.6447317984375001 0.46953155 0.6484664046875 0.489650578125 0.651295621875 0.492076153125 0.6561565109374999 0.492598859375 0.6592650546875001 0.49482149062499997 0.66212048125 0.4955209296875 0.667208278125 0.4992929640625 0.6833905234375 0.5001256921875 0.696989171875 0.48917876250000003
1 0.486226146875 0.5588728515625 0.48519945 0.555991215625 0.4865841015625 0.5534915015624999 0.490506659375 0.5521353015625 0.4928798171875 0.5527583578125 0.49481113906249996 0.5483677546875 0.4938346171875 0.5467299859375 0.490711846875 0.547718490625 0.4902033671875 0.5493682421875 0.4829049203125 0.550189753125 0.47640850625000003 0.5459474328125 0.47229498750000004 0.5485093046875 0.46217930625000003 0.5483902421875 0.457621709375 0.5506345953125 0.44998927499999997 0.559807459375 0.4494807953125 0.5614572109375 0.4510257109375 0.5688702343750001 0.45479101406250005 0.5778708515625001 0.46359842812499996 0.5800073593749999 0.4717086453125 0.5803031562500001 0.474349146875 0.5792382671875 0.4816138875 0.569265615625 0.485486271875 0.56666555 0.4848152859375 0.563098703125 0.486226146875 0.5588728515625
0 0.5186800203125 0.9844728 0.5279292671875 0.991622965625 0.53347536875 0.9925013828125 0.5398856609375 0.991044834375 0.5463865625000001 0.9858948796875 0.550158596875 0.98080708125 0.5527916015625001 0.968864915625 0.5509576203125001 0.955473696875 0.5485485156250001 0.9503956375 0.540148465625 0.919155953125 0.5424474828125 0.9155651390624999 0.5460712359375 0.9020496046875 0.545426459375 0.8967566218749999 0.5431821046875001 0.892199025 0.54351385 0.888543809375 0.5424751703124999 0.8841771734374999 0.5385810640625001 0.8791110984375001 0.5314376296875001 0.87427193125 0.5224272734375 0.8718560953125 0.5135172671875 0.8719279921875 0.5054310140625 0.874602196875 0.496530746875 0.8808552328125 0.49040952187500003 0.888289978125 0.4877285859375 0.8942921406250001 0.48603615468749994 0.903417071875 0.4858144984375 0.915741159375 0.49411118906249996 0.9242235578125 0.4988312921875 0.9271958031249999 0.500557428125 0.9272220125 0.5035895874999999 0.9299269140625 0.5073024734375 0.9423798031249999 0.5077443078125 0.9473934609375 0.514876525 0.9757133187499999 0.5186800203125 0.9844728
0 0.5230867875 0.5009375656249999 0.5246721390625 0.503413315625 0.535286559375 0.4957014875 0.543728521875 0.49234206875000003 0.5485632015624999 0.4945909109375 0.5503896875 0.4971048515625 0.5574327734375 0.4994562875 0.56292645625 0.5037869749999999 0.568751884375 0.5044624484375 0.5706569984375001 0.5017979828125 0.5732585421875 0.47600853593750003 0.5718349328125 0.45378369375 0.5714552562499999 0.4514989046875 0.569031925 0.44963198281250005 0.5600552750000001 0.4563672890625 0.5585560468749999 0.45959040937499995 0.555077565625 0.46126412656250004 0.537154959375 0.4636163265625 0.5139917875 0.46316102968750006 0.50713741875 0.464300059375 0.5039142984375 0.46280083281250006 0.4931253875 0.46381105937499995 0.4776665484375 0.46309290625 0.4738705484375 0.4652107015625 0.472483653125 0.4724065546875 0.47222380468749997 0.4849717765625 0.4733006765625 0.48909727812500003 0.4751151796875 0.49012621875000006 0.48206989843750003 0.49147492187499997 0.49029469218750005 0.4910473140625 0.493758946875 0.492584734375 0.49912831406249997 0.49145768749999996 0.5081648796875 0.49214738750000003 0.5230867875 0.5009375656249999
0 0.5321719984375 0.4529397484375 0.535220628125 0.447737375 0.5368486578125 0.44057971250000005 0.5337685671875 0.43193480624999997 0.511946603125 0.413647515625 0.50481515 0.4102933484375 0.4953607171875 0.40755999374999996 0.49065035156250003 0.4107688875 0.4784034140625 0.435030653125 0.477145321875 0.43829196562500006 0.47682555937500004 0.44343218125000006 0.48823303749999997 0.4494410734375 0.49736995312500004 0.45261850625 0.4997311265625 0.45175656093749994 0.504073796875 0.44774787812500005 0.5091997875 0.451278778125 0.5246062078125 0.45544920156249996 0.5292641546875 0.45569258125 0.5321719984375 0.4529397484375