1 0.708251953125 0.551025390625 0.716552734375 0.558837890625 0.723876953125 0.560546875 0.736083984375 0.558349609375 0.737548828125 0.55517578125 0.741455078125 0.551025390625 0.744140625 0.545166015625 0.74267578125 0.53662109375 0.736083984375 0.529052734375 0.73193359375 0.526123046875 0.724365234375 0.5263671875 0.713623046875 0.52978515625 0.708740234375 0.5341796875 0.70703125 0.539306640625 0.705810546875 0.54541015625 0.708251953125 0.551025390625
1 0.549072265625 0.656494140625 0.5556640625 0.66259765625 0.560791015625 0.6630859375 0.57958984375 0.659423828125 0.588134765625 0.655517578125 0.590087890625 0.653076171875 0.5947265625 0.63916015625 0.59619140625 0.63330078125 0.596435546875 0.625244140625 0.595458984375 0.62109375 0.587890625 0.611572265625 0.57958984375 0.603271484375 0.571533203125 0.599609375 0.547607421875 0.60498046875 0.542724609375 0.611328125 0.5341796875 0.633544921875 0.53369140625 0.63916015625 0.549072265625 0.656494140625
0 0.497802734375 0.26416015625 0.506591796875 0.264404296875 0.546875 0.259033203125 0.557373046875 0.2587890625 0.559814453125 0.259765625 0.56103515625 0.26416015625 0.563720703125 0.267578125 0.569091796875 0.268310546875 0.589599609375 0.26513671875 0.5927734375 0.26318359375 0.5947265625 0.258544921875 0.593994140625 0.2431640625 0.59228515625 0.235595703125 0.59130859375 0.219970703125 0.588623046875 0.21142578125 0.584228515625 0.209228515625 0.556640625 0.212890625 0.550048828125 0.21875 0.54638671875 0.22021484375 0.5263671875 0.2236328125 0.51416015625 0.227783203125 0.509521484375 0.22802734375 0.501708984375 0.230712890625 0.494140625 0.234619140625 0.492431640625 0.23779296875 0.493408203125 0.257568359375 0.497802734375 0.26416015625
0 0.724365234375 0.580078125 0.73583984375 0.59033203125 0.74755859375 0.59814453125 0.754150390625 0.601318359375 0.767333984375 0.6044921875 0.77587890625 0.604248046875 0.778564453125 0.6025390625 0.77978515625 0.60107421875 0.7802734375 0.593505859375 0.779541015625 0.589111328125 0.777587890625 0.585693359375 0.777587890625 0.575927734375 0.78271484375 0.5654296875 0.787353515625 0.559814453125 0.80615234375 0.530029296875 0.812744140625 0.521728515625 0.81591796875 0.515380859375 0.81787109375 0.50927734375 0.818359375 0.500732421875 0.81494140625 0.49560546875 0.8095703125 0.49267578125 0.802978515625 0.49072265625 0.798095703125 0.49072265625 0.790771484375 0.49267578125 0.78759765625 0.494873046875 0.773193359375 0.51318359375 0.767333984375 0.524658203125 0.759521484375 0.53466796875 0.7529296875 0.545166015625 0.752197265625 0.54833984375 0.74658203125 0.55615234375 0.740478515625 0.560302734375 0.731689453125 0.560302734375 0.726806640625 0.5615234375 0.721435546875 0.570068359375 0.72216796875 0.57666015625 0.724365234375 0.580078125
1 0.314453125 0.570068359375 0.318115234375 0.581787109375 0.32177734375 0.586669921875 0.326171875 0.59033203125 0.337158203125 0.594970703125 0.345703125 0.594970703125 0.353759765625 0.592041015625 0.360595703125 0.587646484375 0.364990234375 0.58349609375 0.369873046875 0.574951171875 0.37060546875 0.565185546875 0.36962890625 0.55908203125 0.365234375 0.548828125 0.357421875 0.54296875 0.34912109375 0.539306640625 0.33837890625 0.539306640625 0.325927734375 0.544921875 0.318115234375 0.553955078125 0.3154296875 0.559814453125 0.315673828125 0.563720703125 0.314453125 0.570068359375
0 0.66357421875 0.28173828125 0.6611328125 0.286376953125 0.657958984375 0.2880859375 0.65283203125 0.29638671875 0.65185546875 0.30322265625 0.653076171875 0.31103515625 0.6552734375 0.3134765625 0.65771484375 0.322265625 0.66162109375 0.328369140625 0.6728515625 0.330810546875 0.685546875 0.329833984375 0.701416015625 0.319580078125 0.702880859375 0.316650390625 0.701904296875 0.30615234375 0.706298828125 0.299560546875 0.70703125 0.296142578125 0.705322265625 0.290283203125 0.702392578125 0.28466796875 0.69677734375 0.2802734375 0.69091796875 0.27880859375 0.689208984375 0.276611328125 0.68603515625 0.247802734375 0.68603515625 0.2421875 0.68701171875 0.239501953125 0.684814453125 0.232666015625 0.684814453125 0.2236328125 0.681396484375 0.212890625 0.681884765625 0.211181640625 0.677490234375 0.2039794921875 0.67724609375 0.2021484375 0.673583984375 0.19970703125 0.6650390625 0.203857421875 0.6611328125 0.20849609375 0.658935546875 0.217041015625 0.65869140625 0.223388671875 0.66357421875 0.28173828125
1 0.63525390625 0.539794921875 0.642578125 0.549072265625 0.649169921875 0.55419921875 0.657470703125 0.55419921875 0.689208984375 0.546142578125 0.6962890625 0.542236328125 0.701904296875 0.530517578125 0.70654296875 0.510009765625 0.70751953125 0.49853515625 0.705078125 0.4931640625 0.697021484375 0.484375 0.689208984375 0.4765625 0.68310546875 0.47265625 0.676025390625 0.46630859375 0.6708984375 0.465576171875 0.658447265625 0.467529296875 0.652587890625 0.4697265625 0.646484375 0.470458984375 0.64306640625 0.47216796875 0.638671875 0.472412109375 0.6298828125 0.47607421875 0.624267578125 0.485595703125 0.618896484375 0.50732421875 0.61572265625 0.51611328125 0.615478515625 0.521728515625 0.63525390625 0.539794921875
0 0.5087890625 0.480712890625 0.511962890625 0.483642578125 0.516845703125 0.4931640625 0.520263671875 0.49560546875 0.525146484375 0.504638671875 0.532470703125 0.5126953125 0.536376953125 0.5205078125 0.533203125 0.5283203125 0.533935546875 0.536376953125 0.54150390625 0.544677734375 0.54443359375 0.545654296875 0.5498046875 0.557373046875 0.556640625 0.559326171875 0.560546875 0.558349609375 0.568359375 0.55419921875 0.5732421875 0.549560546875 0.5771484375 0.548095703125 0.587890625 0.53857421875 0.5947265625 0.53076171875 0.59619140625 0.525390625 0.595458984375 0.521484375 0.5859375 0.51123046875 0.57666015625 0.498779296875 0.5751953125 0.498291015625 0.568359375 0.499755859375 0.5634765625 0.498779296875 0.5361328125 0.46044921875 0.529296875 0.45458984375 0.523193359375 0.454345703125 0.517333984375 0.45654296875 0.509521484375 0.4619140625 0.505615234375 0.467041015625 0.505126953125 0.47265625 0.5087890625 0.480712890625
0 0.48779296875 0.574462890625 0.4990234375 0.58984375 0.50146484375 0.594970703125 0.501220703125 0.5986328125 0.497802734375 0.60400390625 0.498291015625 0.605224609375 0.507568359375 0.61767578125 0.512939453125 0.623291015625 0.517822265625 0.6220703125 0.528564453125 0.6142578125 0.537841796875 0.610595703125 0.5458984375 0.6025390625 0.54736328125 0.598388671875 0.546142578125 0.594970703125 0.537353515625 0.582763671875 0.532958984375 0.578125 0.525146484375 0.580810546875 0.523681640625 0.579833984375 0.521240234375 0.577392578125 0.519775390625 0.571533203125 0.513916015625 0.565673828125 0.513427734375 0.563232421875 0.5087890625 0.558837890625 0.50146484375 0.55712890625 0.49267578125 0.56201171875 0.48828125 0.566162109375 0.48681640625 0.568603515625 0.48779296875 0.574462890625
1 0.51220703125 0.559814453125 0.515869140625 0.568603515625 0.52099609375 0.571533203125 0.529296875 0.5732421875 0.533447265625 0.573486328125 0.537109375 0.572509765625 0.544921875 0.563720703125 0.549072265625 0.55712890625 0.548828125 0.550537109375 0.544921875 0.5439453125 0.537109375 0.536865234375 0.533447265625 0.53515625 0.52099609375 0.536865234375 0.511474609375 0.546875 0.509033203125 0.55126953125 0.509033203125 0.556884765625 0.51220703125 0.559814453125
1 0.341552734375 0.513427734375 0.3427734375 0.515380859375 0.350830078125 0.521728515625 0.368896484375 0.528564453125 0.376708984375 0.5302734375 0.384521484375 0.52490234375 0.3896484375 0.519775390625 0.392333984375 0.518798828125 0.400390625 0.5107421875 0.400146484375 0.505859375 0.397705078125 0.498779296875 0.398681640625 0.49560546875 0.396484375 0.49365234375 0.393310546875 0.486572265625 0.392578125 0.47802734375 0.388427734375 0.477783203125 0.386474609375 0.47509765625 0.38037109375 0.471923828125 0.369140625 0.46875 0.360595703125 0.46923828125 0.349609375 0.47509765625 0.34130859375 0.482421875 0.33837890625 0.488037109375 0.338134765625 0.498291015625 0.341552734375 0.513427734375
1 0.6953125 0.281494140625 0.6953125 0.284423828125 0.699462890625 0.290283203125 0.70068359375 0.293212890625 0.700927734375 0.297607421875 0.704833984375 0.302001953125 0.706298828125 0.2998046875 0.712646484375 0.297119140625 0.7197265625 0.2900390625 0.720703125 0.287353515625 0.723388671875 0.284423828125 0.723876953125 0.278076171875 0.720458984375 0.27001953125 0.716796875 0.26806640625 0.712890625 0.268798828125 0.70166015625 0.275146484375 0.698486328125 0.279296875 0.6953125 0.281494140625
0 0.276611328125 0.3984375 0.284912109375 0.44921875 0.283935546875 0.452880859375 0.279541015625 0.456787109375 0.2783203125 0.459716796875 0.278076171875 0.468994140625 0.279296875 0.47705078125 0.282470703125 0.483154296875 0.287841796875 0.48583984375 0.30419921875 0.486572265625 0.318359375 0.48388671875 0.32275390625 0.480224609375 0.32421875 0.4775390625 0.325439453125 0.47265625 0.32470703125 0.467041015625 0.322509765625 0.45849609375 0.319580078125 0.451904296875 0.31298828125 0.44921875 0.311279296875 0.446533203125 0.30029296875 0.382080078125 0.29541015625 0.375244140625 0.290771484375 0.3740234375 0.281005859375 0.375244140625 0.27685546875 0.378173828125 0.275634765625 0.381103515625 0.275390625 0.387939453125 0.276611328125 0.3984375
1 0.714599609375 0.26171875 0.7158203125 0.2666015625 0.718994140625 0.27197265625 0.724609375 0.277587890625 0.736328125 0.278564453125 0.740478515625 0.276123046875 0.751220703125 0.26416015625 0.75341796875 0.258056640625 0.753662109375 0.254150390625 0.751953125 0.246337890625 0.74951171875 0.2431640625 0.74462890625 0.240234375 0.736083984375 0.238525390625 0.728271484375 0.240478515625 0.7197265625 0.249267578125 0.71533203125 0.256103515625 0.71435546875 0.25830078125 0.714599609375 0.26171875
0 0.394287109375 0.48046875 0.395263671875 0.492919921875 0.396240234375 0.49560546875 0.400634765625 0.49609375 0.411376953125 0.492919921875 0.41455078125 0.494873046875 0.461669921875 0.58447265625 0.4638671875 0.58642578125 0.46728515625 0.587646484375 0.475341796875 0.584716796875 0.48095703125 0.5810546875 0.483642578125 0.577880859375 0.485107421875 0.5712890625 0.48193359375 0.56884765625 0.47705078125 0.559814453125 0.475341796875 0.55419921875 0.471435546875 0.54931640625 0.46826171875 0.5419921875 0.4658203125 0.53955078125 0.459716796875 0.524658203125 0.447265625 0.504150390625 0.444580078125 0.495849609375 0.44189453125 0.492431640625 0.436767578125 0.481201171875 0.438720703125 0.4765625 0.444091796875 0.4716796875 0.4453125 0.468994140625 0.44287109375 0.466064453125 0.43798828125 0.463134765625 0.435546875 0.45751953125 0.431884765625 0.452392578125 0.427490234375 0.449951171875 0.41748046875 0.4541015625 0.400390625 0.46337890625 0.396240234375 0.4658203125 0.393310546875 0.46923828125 0.39306640625 0.47802734375 0.394287109375 0.48046875
0 0.482421875 0.509033203125 0.49951171875 0.516845703125 0.513427734375 0.52490234375 0.520751953125 0.5263671875 0.524658203125 0.52490234375 0.52392578125 0.521728515625 0.518310546875 0.515869140625 0.5087890625 0.511474609375 0.498291015625 0.504150390625 0.48828125 0.499755859375 0.484375 0.49365234375 0.482421875 0.492919921875 0.478271484375 0.499267578125 0.474853515625 0.5078125 0.482421875 0.509033203125
1 0.5048828125 0.217041015625 0.509521484375 0.22314453125 0.513427734375 0.2265625 0.516845703125 0.225341796875 0.52099609375 0.226318359375 0.5283203125 0.2255859375 0.5478515625 0.22216796875 0.557373046875 0.21728515625 0.56103515625 0.19970703125 0.560546875 0.19287109375 0.5576171875 0.185791015625 0.552978515625 0.1796875 0.546630859375 0.175537109375 0.5380859375 0.1728515625 0.526123046875 0.17333984375 0.517822265625 0.1767578125 0.514404296875 0.179443359375 0.510986328125 0.18408203125 0.507568359375 0.19482421875 0.505859375 0.19677734375 0.504150390625 0.20361328125 0.50390625 0.21044921875 0.5048828125 0.217041015625
0 0.570068359375 0.75 0.59619140625 0.773193359375 0.599365234375 0.774658203125 0.603759765625 0.7744140625 0.611328125 0.767578125 0.614501953125 0.76318359375 0.62451171875 0.753173828125 0.6259765625 0.750244140625 0.623046875 0.73974609375 0.620849609375 0.736083984375 0.62646484375 0.73291015625 0.632568359375 0.726806640625 0.63916015625 0.7177734375 0.64794921875 0.709228515625 0.65234375 0.7021484375 0.662109375 0.691650390625 0.662841796875 0.689208984375 0.662109375 0.682861328125 0.65478515625 0.673095703125 0.64892578125 0.66845703125 0.642578125 0.66650390625 0.63525390625 0.66845703125 0.63134765625 0.67138671875 0.62890625 0.675048828125 0.614990234375 0.68896484375 0.60791015625 0.697509765625 0.60302734375 0.700927734375 0.59912109375 0.70654296875 0.59814453125 0.709716796875 0.59130859375 0.711181640625 0.584228515625 0.708251953125 0.579833984375 0.708984375 0.56787109375 0.72265625 0.5625 0.730224609375 0.562744140625 0.7392578125 0.570068359375 0.75
1 0.68701171875 0.22802734375 0.68701171875 0.233642578125 0.69091796875 0.23779296875 0.69287109375 0.23876953125 0.6962890625 0.23876953125 0.70556640625 0.23779296875 0.708740234375 0.23681640625 0.710205078125 0.2353515625 0.716064453125 0.224853515625 0.71875 0.218017578125 0.71923828125 0.21142578125 0.717041015625 0.206298828125 0.712890625 0.201904296875 0.7080078125 0.199462890625 0.700927734375 0.198974609375 0.69677734375 0.19970703125 0.69140625 0.2021484375 0.688232421875 0.20556640625 0.68408203125 0.21435546875 0.68359375 0.21875 0.68701171875 0.22802734375
0 0.571044921875 0.47021484375 0.575439453125 0.480712890625 0.580078125 0.483154296875 0.583740234375 0.482421875 0.585205078125 0.481201171875 0.593505859375 0.470947265625 0.599365234375 0.46630859375 0.65185546875 0.458984375 0.673828125 0.45458984375 0.681396484375 0.450927734375 0.68359375 0.44873046875 0.686279296875 0.438720703125 0.685791015625 0.4306640625 0.681884765625 0.42578125 0.67724609375 0.423583984375 0.669921875 0.421875 0.607421875 0.430908203125 0.599365234375 0.433349609375 0.5908203125 0.4345703125 0.5869140625 0.433349609375 0.580078125 0.424072265625 0.576171875 0.42138671875 0.572021484375 0.421142578125 0.5693359375 0.425048828125 0.567626953125 0.43359375 0.5673828125 0.450927734375 0.571044921875 0.47021484375